10532
1999
339
3894
9130
7974
23204
17056
2391
4543
3874
8746
22990
2161
17684
11970
12972
1266
5083
24092
17803
3843
4396
8001
10050
4920
14621
4581
9418
3045
23056
1625
562
5268
20607
1632
15486
355
2579
13756
10397
17599
4999
11345
1996
18908
6422
10696
5327
14909
13906
19884
1510
14688
19060
7729
23843
9499
6120
15585
23068
9218
23852
19479
3291
25108
3569
1333
6561
6910
11777
6557
7416
10743
1942
6847
24198
3898
22645
15290
12632
17224
22870
2652
1547
3894
19197
763
11317
12561
20588
10582
17418
4973
4980
2842
24447
25198
3510
17987
21410
4723
61
2070
15102
65
2987
22574
9781
15841
2501
980
6707
3815
1466
11920
5099
5974
22566
60
431
14516
7064
8771
2989
8143
7255
13432
24140
238
7371
17562
17279
1887
2356
5213
13152
3523
7295
3938
1047
16788
4163
3160
16065
19307
4979
5494
19405
17134
4712
2196
6419
7039
346
12886
6536
5261
452
16466
18897
4984
183
14969
496
1080
11610
18800
4915
4317
4951
10950
2161
21756
21930
22457
5442
1082
17428
22835
9934
2732
1565
20269
6231
5133
3978
9260
5744
3067
7207
4363
8963
1379
1532
8945
981
3096
4585
7679
13856
16738
6046
21971
15331
3757
4696
24988
24969
4812
10330
21808
23828
17269
14366
18015
4158
11334
12685
715
1947
6621
8258
4338
10933
18687
162
14537
3289
3290
6939
282
25064
16849
15120
5867
8159
17741
23292
4138
17540
15174
11425
9119
1105
18772
9621
8460
6334
22471
22904
6302
16492
7973
742
8846
24947
525
15726
4901
19223
2500
2706
12339
11005
4172
24203
17454
8320
3998
1196
9843
8003
4059
6710
8046
7217
18169
14125
21023
16985
22828
18319
3286
7037
1135
5428
8641
2051
19906
477
6011
15075
3308
3010
21348
574
2190
15950
7461
1774
17600
9184
9989
4618
7089
2274
25517
7565
17002
12681
3118
5878
20265
6249
21867
20388
3777
4876
21609
8030
20531
6843
5549
13575
13919
17396
24841
6253
21534
22389
12407
23507
5994
3452
21643
6728
14456
5761
19104
5741
811
6534
16922
2752
6279
10458
20964
6914
2609
12603
23978
1090
6143
16353
11307
20930
4078
20625
11190
24071
1647
740
1273
1097
2385
22069
12777
919
10728
16047
3016
3494
3969
13188
9873
2738
21445
5546
12461
2564
4357
7476
8211
25288
7930
4789
21937
1783
190
14731
18005
1025
640
1169
3361
13277
1645
21179
545
951
616
827
11374
4483
11896
1230
11313
21191
24596
15283
6347
1292
6655
2969
15980
20569
18553
998
19736
6077
12091
108
956
5992
1649
6563
13102
2200
18669
6065
18272
7981
12543
13417
7384
6804
689
20948
1442
2170
23480
14220
46
13660
23513
7309
7051
12767
18306
24616
3304
12798
640
4346
4794
4104
4506
4989
23263
2804
1092
5732
17629
13931
104
7029
6934
3183
6833
8034
9772
8378
9660
614
18065
904
19840
22844
23041
18282
10886
13386
20516
21133
8450
20518
3493
24385
25193
15808
21176
12017
14770
3740
6549
1832
2690
20461
16848
13574
6560
12830
16398
2050
23808
24
6760
6176
9579
6799
23716
4656
16437
19720
4497
20856
3567
7029
1782
2622
5062
1641
17678
20978
21871
10739
13043
7236
21255
21384
2185
12496
10593
3810
18012
5803
24549
3511
1633
23542
23183
5400
18056
21255
5998
14063
2950
18483
6942
15098
2663
4267
4099
14526
7441
8384
4569
24804
1436
2247
11426
4922
13526
5343
2491
5854
2010
7505
19795
139
21761
5171
9126
15772
5711
2675
6933
16127
14603
3791
1114
21438
3616
5321
10830
9905
1327
9221
1323
2076
25220
15160
17877
790
4761
17576
439
5574
8839
546
1093
6418
4462
21642
5058
18665
6596
5526
1327
3670
21789
16048
21397
19064
329
5512
1327
3340
1229
9331
1750
13462
8634
10764
3392
4043
19266
3629
17014
20701
7650
9210
8967
4159
1539
6892
3192
11154
2242
8168
5595
7204
23056
12336
3241
17305
8636
6403
8127
5018
3493
10942
11585
15028
1464
6473
12776
7860
3800
3566
1091
1354
20668
1397
2250
2591
15822
13132
23009
6809
1574
16313
1658
19192
691
6300
143
9319
5923
4145
14428
19383
2730
7209
20237
12185
15429
10667
8796
93
23396
15439
23767
23433
2507
1381
21525
9106
876
18155
5596
2643
8089
22847
9781
19146
19003
6078
2030
4386
22542
22062
19943
5740
24415
11294
830
1051
23934
15425
3430
24939
3086
21093
1029
22583
872
2569
25514
3646
25024
15983
14282
12286
19607
11529
15408
10320
1834
18073
22510
2900
14097
12611
7992
12275
23060
5426
8298
5166
20326
3555
25055
11962
15229
18656
3863
16423
3183
18318
22074
4633
9054
16984
4688
7256
21519
15312
5936
12383
24420
13985
11348
25197
18146
13664
10991
5382
9554
2691
15731
13547
21752
10831
20096
5356
17448
22671
6691
6211
6113
20183
2755
2953
21275
15221
18305
12093
22606
18083
3400
3145
25285
95
3946
20541
23119
21485
12210
716
11329
21877
12513
13199
3401
1878
16935
179
16619
5745
3924
9435
15325
3340
8141
20556
15319
21215
25260
12894
15471
19975
2512
13117
3165
10160
1204
23845
1095
15643
11414
4639
6495
14031
4568
18585
523
1441
1921
7971
3315
629
13689
1963
9200
15739
4205
8412
1108
3396
16045
15979
8955
4867
6973
1946
16677
6708
23921
2626
5986
25074
24626
10964
22382
23489
13986
2225
13927
3462
14517
23660
17007
5495
4943
12218
775
1613
9857
6540
8885
15956
4662
18409
2847
5600
4267
14718
20911
5260
21993
10088
9816
3967
18739
7809
4386
19540
13909
18579
9686
7135
22841
579
15424
16600
3129
5078
4872
23545
5552
6009
4775
9271
21436
870
16994
6061
23554
21939
23474
12146
5197
2769
994
24872
9776
3506
12662
20912
948
7462
13986
13553
15346
10233
5466
24905
20836
1766
1674
3804
24715
14123
11766
19239
14910
592
155
6443
1241
10441
23162
17260
10967
996
17102
23855
4825
4535
25376
4259
24810
23252
11074
3835
3826
20371
10336
12084
7003
25304
2347
12304
510
21889
21546
7147
15408
9300
19602
23326
6698
16366
2186
1493
5324
5043
13786
22464
5227
4539
4249
6559
5573
5828
1775
22758
16776
18762
