10372
7156
6097
21365
20378
3568
14469
18202
10885
19717
20979
1662
15646
13262
3837
21861
15622
24728
3302
14667
21847
21909
14690
8467
23101
6474
16282
6511
2245
14101
25230
17986
3127
23317
18776
4615
7594
9678
14817
2110
23604
6438
17719
18568
15597
19606
25122
12719
17244
11100
5655
3139
17618
9451
25114
8714
6927
19320
18861
14925
18628
351
5011
8299
3085
1441
8917
7332
25340
3691
5412
23106
6880
6687
3060
16343
9719
19886
14486
13965
2814
2299
1356
25065
3128
2095
4038
18058
1510
778
5547
25294
905
12025
20182
13541
24989
23069
7621
13232
20670
15898
22597
13780
15156
3023
22178
18556
6756
3684
4141
5132
11616
2260
9514
1438
15627
18205
23376
4665
20242
19989
2431
12921
18866
19648
3715
5043
1831
7424
4102
900
22761
12817
20605
25232
6250
5417
16545
6788
6114
9972
9882
18636
1078
5931
3860
865
10522
1545
18359
18690
5511
16773
19166
9443
12784
13809
6913
7164
13832
25041
3838
8778
11615
13655
3086
1022
1843
22037
12975
15464
1952
2890
5612
15717
10622
2797
14547
9926
25147
14293
9716
2732
18139
16592
16187
4759
8609
8826
10099
5629
1143
6248
3368
4345
16327
3159
22683
6734
3490
939
3951
8041
19249
6727
18144
10669
4928
13294
22545
6197
14899
14551
9188
17920
11494
2946
3266
8646
23164
2572
13586
6511
22263
3341
19206
7910
16863
18775
17338
4290
14581
19363
1887
697
15723
11224
3137
8531
1503
23201
25197
19944
17105
13480
12178
21445
20755
8573
6437
25471
24178
9288
8658
6630
6458
23042
4032
5221
9540
1520
6924
19165
11225
25419
13612
464
9108
4186
1944
5167
12447
12923
3653
10510
19870
13071
4802
23476
6501
17087
2573
14123
2933
1407
2827
19260
4854
1117
7184
2044
7143
14389
2355
9454
4126
19900
584
5456
8011
823
13913
16611
4317
19232
20662
22738
2247
6167
661
24910
15132
2767
17656
22661
3665
4102
20169
8517
4948
24379
17813
5864
5958
23792
1610
812
5768
1849
13498
848
4646
7286
22170
20665
7225
4313
24502
1366
3429
5792
11472
10274
21641
362
3185
17221
6669
4366
2812
20379
14272
6887
23344
15237
18862
16277
4610
13262
1400
23202
20963
6553
7807
13152
555
15053
6133
15903
12552
9568
2454
19219
14361
13405
21279
9657
3373
13052
16098
9210
7374
19017
5685
9881
5602
4817
9254
2045
2079
3158
10775
6312
8138
542
9593
24572
8674
21144
12911
5218
5837
6606
12998
8563
13728
18802
218
3240
2420
9178
5105
16424
8874
17529
4911
12897
2898
5946
22796
7675
19441
16077
842
3166
9212
2548
18675
5694
2229
11345
1430
12668
12705
4628
21327
24779
4872
1886
933
17664
19102
20771
6892
7615
5649
12919
6718
11709
4509
18881
22937
10487
3733
1102
2387
5435
9300
23490
1894
6356
22456
7077
5706
15030
3118
6532
8343
4493
6851
23841
20572
25345
12114
14093
16504
13370
16411
18393
4052
18603
15970
5538
22571
4354
24061
113
15193
3100
9824
10294
11537
5336
3276
13335
21271
9033
67
6334
11364
5912
422
9093
17837
19029
111
4326
23346
15279
21367
5327
2653
3854
925
21034
17909
6679
1962
16908
732
13298
3204
2812
3402
1411
571
18780
5559
15079
17266
17988
18573
9420
4534
477
4340
15059
183
23202
4279
11107
20878
5125
9897
23506
8672
16352
21741
22268
6542
16784
13380
11481
1925
2762
22646
16992
24665
3066
8954
4446
19320
17087
1752
22265
7271
6178
15366
13315
16459
20544
25274
15213
6178
14782
6062
4138
17501
2684
4883
17508
24937
18144
3833
22100
12739
6249
17796
25514
14945
5819
10730
4860
19920
6645
14550
6529
2120
21795
4238
4586
14957
2399
4866
25525
17609
3704
5910
1614
179
18572
23872
11660
2381
4524
8156
20487
4443
4082
22921
16513
3527
6524
10102
5737
16582
17062
3253
13208
9949
4522
6190
7180
14393
2438
8979
23413
13699
5259
18765
11945
22386
6069
5838
14988
2518
12493
20727
5778
5815
14179
4779
3460
17221
19516
4575
2025
22923
7657
7096
11585
9600
4491
7439
4553
24412
19437
21785
6854
2072
21679
15694
3441
13194
3598
7133
21243
17883
7475
19456
4247
7426
16447
15793
19740
11696
5916
11784
23276
3630
23171
5013
20084
3740
859
10443
11172
5629
17814
10902
22890
6611
9877
20670
8546
20033
22470
24210
7863
2839
7737
5869
7644
19774
10620
4505
2260
2802
23772
10927
6180
5225
1267
10741
7846
15029
7241
1242
3289
404
21908
423
3829
2301
15826
15624
2943
15739
6470
18769
1318
4707
22329
1696
5838
11624
20231
5011
9797
848
1603
1284
12888
25086
1204
10540
506
2342
2822
15179
13697
2010
14262
1775
4033
13085
3658
6220
18956
22226
24999
12666
11919
6840
11430
22964
16120
862
19626
9557
4867
10763
19124
5869
5688
11428
4275
18076
11017
13880
4997
5518
442
20091
1040
20799
6828
13827
19327
18256
25059
12340
7441
18662
540
16469
16796
7631
13847
21614
6778
1340
2576
24692
15779
5814
6776
1673
18958
5204
14059
1203
3602
7628
7116
15263
8523
17986
974
2959
1471
6393
9905
7989
4945
272
10275
9855
5798
15488
23565
836
6989
16291
8991
144
13124
2187
3836
20498
8071
25518
4283
1489
19852
7525
6367
4379
24696
10031
9836
6406
7091
10890
18360
14776
23353
3102
2040
15900
5799
24457
20513
16349
11060
19315
13901
13040
16141
23531
15441
21589
23912
18077
113
10082
10878
7791
23597
24460
24767
4762
4041
15421
22033
4655
13559
21798
4589
23425
18820
21800
9492
3390
3800
9689
7781
2701
23262
2705
13555
19893
21969
11441
3895
3788
3534
5961
19560
1681
9597
8626
7641
4492
17884
19318
19537
13465
7788
2011
12719
8423
21650
5617
7927
6627
25290
7667
13396
18803
1408
1315
10364
5116
1850
20205
144
19953
81
17229
14076
2797
4363
8483
21393
9598
21864
2077
3698
24713
4038
9970
15237
20079
20678
5369
19256
17595
202
2714
2273
16155
5296
2863
2535
13276
19395
3366
15741
22045
24611
22810
11790
18971
2381
975
6647
18661
6715
4090
6083
13163
63
18638
6874
5530
9665
24702
19943
6852
2183
7290
5124
3434
24658
3098
6110
7129
2042
1992
4548
14503
4335
