1619
1894
1396
3826
7335
1807
8430
19932
8944
18478
13273
2238
4162
5499
18531
15835
4550
9940
6064
17242
14582
1733
6816
3016
10009
2107
24345
4573
6639
6849
4999
2418
1605
4353
8376
3849
1202
18621
1773
14609
19232
12940
18921
6489
2365
19699
4497
8290
9303
6664
4315
3153
560
6007
5766
18526
2584
8680
25228
15558
23316
15800
5241
3765
15667
16412
21613
20005
10641
1249
4945
6029
6714
23389
4898
8458
432
10563
5564
15407
2348
18356
21348
17395
846
5077
2383
6351
2760
7155
16824
25312
14843
1069
13665
2382
6486
8208
3777
14345
3570
10817
3981
10475
13735
15849
20678
6013
9815
24241
14748
16645
14902
3323
4404
20935
19023
8047
21822
11091
23110
13791
7856
16157
13449
411
4075
13304
4330
6467
3157
5186
922
4519
1455
2451
858
5620
1297
24508
10728
24729
19494
7795
3302
9251
15295
24057
23961
22346
18419
13553
4940
2951
23258
1560
2153
13533
10484
13250
1051
25074
4226
1709
14291
25240
16175
9203
10503
24492
3618
17937
3464
25309
1830
1074
5906
19947
1311
20559
11871
16964
2811
14533
8004
5232
6163
14866
13132
1730
2923
6210
15938
6975
15244
600
6340
8314
17958
19725
3219
22104
6166
683
12094
22854
3813
25221
11875
6621
24335
20475
2751
17460
2073
5885
17344
6101
14386
18414
3944
11941
8133
23555
22591
13470
13350
128
21439
3951
91
10313
21374
4696
14976
14354
11406
5065
3809
1233
1242
4056
5988
17736
7275
274
1397
2913
1694
18028
23827
1960
17753
16438
21666
104
18458
5626
3098
22253
22300
13091
8859
13632
25515
5796
23057
3893
25421
12649
3957
1645
7022
1760
19165
22486
23657
23659
6069
8406
11622
8066
1143
15299
1138
3957
1064
25486
17292
4766
16466
25323
20476
20293
19362
13249
25303
24323
14637
3832
3541
15001
7972
2037
23780
16257
68
2975
11604
5738
15791
19436
15969
6924
6069
4378
22767
12240
3849
1760
16420
4680
14141
20432
11370
977
1431
9112
14001
24561
22822
17321
13406
1796
7124
2131
580
18709
3382
13154
16586
15853
17683
20578
6978
7283
5330
796
21907
4464
20298
18606
4151
1187
9865
9518
6723
16270
17535
17507
1306
5360
6158
2256
18953
19022
16031
3002
8674
4031
9046
3027
9290
19293
22306
19845
4385
7015
322
1520
23521
3955
5913
3478
21661
2646
8193
10983
1774
23432
1084
5620
13265
322
8961
5715
4153
5230
469
610
4331
16056
13447
8365
9664
1640
24044
9083
504
6072
5003
23561
10568
6712
9217
2309
6086
15793
4498
1254
8308
6939
7293
22555
1258
8404
4191
74
9401
17499
7897
18104
469
17000
3748
22863
21217
4818
739
3606
22369
9650
6304
12943
15347
10401
4033
19178
13075
16349
14310
9734
21677
11615
2263
2665
2286
1038
17862
10495
382
8888
4008
7574
4546
17857
20088
24018
5596
21586
12321
6187
4081
17571
3783
1127
20860
18269
13326
8934
23737
7222
14833
1974
20732
10896
8570
2384
15086
13689
1205
24044
2954
18132
3569
6814
22047
13613
5924
5516
10039
2792
3925
13964
5355
20521
5973
10714
1027
2652
10911
8400
2561
18854
3294
7189
876
5904
17706
7023
150
17900
20317
14827
8414
9406
4980
11606
23938
15400
1357
10401
10703
17770
2577
11408
11215
178
5229
14974
15418
3172
19806
5149
3398
10453
694
1987
6568
24883
8544
253
10826
5375
932
13543
6024
3178
22987
1356
8500
18058
19145
6919
3835
6364
19031
6690
23210
23759
2828
3547
19643
24859
13831
3296
1839
1379
11585
4604
375
25079
16401
3663
3999
24052
19955
1667
12600
7242
23311
4784
5030
7220
4622
16189
9344
5167
14759
24252
898
21877
5638
15349
22278
5508
15887
23241
606
5741
24025
9871
1186
16483
1787
4635
315
7384
17800
9967
2990
23908
20630
1291
4489
21552
3333
21106
5287
23212
466
6727
22259
10665
15009
7258
22792
8303
7177
3437
22636
6343
9912
17861
15455
220
10982
24808
235
3414
20378
19853
1200
10021
13428
19492
3414
2923
22525
24492
22539
2387
3219
11333
3165
4585
23214
18193
4196
22041
21518
4383
16160
9983
22849
23337
11029
748
19091
7771
6205
11123
11731
3696
14799
11620
16380
6080
7280
15383
5797
20230
20876
10000
1007
13594
14279
5291
6043
4971
5922
18865
21866
8337
11318
25027
1846
11844
8849
4547
21442
18965
513
12922
25087
19501
2317
25522
2518
22362
5299
985
18601
18390
12872
6113
20785
5053
4225
8892
21370
6519
22036
20340
23923
24652
21811
14466
668
18184
20512
3475
4059
9173
3787
7828
11802
21499
4026
6673
4783
15152
3019
23662
4530
12911
2085
7158
7826
1221
11036
6125
12260
12526
8192
6000
1452
17371
12311
4919
23826
2390
8670
23989
2251
11135
9413
11036
5011
16682
11288
3027
21643
12950
15215
18205
3659
13816
8430
16877
21861
4802
8720
15108
3776
3594
5674
8201
10231
6935
3771
10436
1201
10253
17701
6890
2094
8293
8681
21554
21553
2861
6164
2284
16774
2528
3615
4861
3206
14983
2637
624
8102
12937
24271
15488
4579
13055
13942
21003
24088
4613
4629
6610
13815
16374
10319
22484
6058
713
20411
21863
3663
1665
23577
1335
14162
23485
1182
2185
25072
1056
4679
9450
890
10094
10072
7258
6828
3358
16026
435
499
9060
17640
21984
6148
15481
5331
11455
359
4687
21563
10867
11856
21882
1959
6122
3040
11460
13462
15904
5399
9585
17995
19803
21890
4445
277
13755
19199
22435
11324
2486
11530
13317
110
10359
8263
425
9127
361
20165
20096
5327
3926
2891
1260
1805
2558
22
20642
11478
13457
9895
6972
4276
24406
21610
20423
12862
9407
1258
10833
15684
15817
14611
4982
5880
7577
8213
16946
22478
6537
18861
5018
14248
7093
19027
3307
19700
7614
20015
4968
717
15204
7459
12533
10726
6895
3547
688
16372
17652
1589
23736
3053
1736
16382
6379
10484
293
10618
6869
626
5463
6243
3141
8705
14001
2515
20439
6850
7151
10313
3984
14140
6832
19943
3709
13546
3807
1967
2482
3303
12825
23452
1756
139
18208
7096
5124
16761
24168
3692
4969
20789
25378
12073
19769
5722
12499
13870
6836
3655
7171
11174
18988
13528
1373
1900
7019
8988
13315
5841
1236
18753
18475
6205
143
2702
976
483
19865
14820
418
24601
7857
12842
23601
2468
14879
9492
10707
9895
2305
1410
4558
21074
5740
13611
10068
624
