2593
1536
21488
22705
3877
8382
4080
4772
15808
2389
991
1133
693
4605
3716
3099
15225
23181
12130
16567
5547
1280
9692
1793
6523
19044
4048
13806
19634
125
19427
2719
3591
108
1443
7916
2901
6609
1795
15745
6173
5080
9193
18044
1116
3675
24078
18217
17724
21293
1204
23283
10826
2642
18433
5585
19305
20087
10776
24396
302
13119
61
16205
16496
11170
24743
6395
545
6629
1022
22003
6441
9588
4779
532
6277
10589
711
22330
6094
23982
14404
14412
1254
5905
16543
7379
12006
20104
18152
2338
23030
13803
8420
19424
3411
14730
8744
21708
2250
4604
6181
17713
3661
6225
2902
6382
13963
13768
6993
5560
10711
2983
4498
17913
14373
13545
3921
499
25541
19660
335
15461
19163
542
7631
1496
8229
7195
21800
8148
4618
2115
12705
20740
8603
12844
9598
18572
1921
3337
19493
14369
23609
12002
6231
12800
23698
11754
4268
5626
430
2698
20796
2008
1967
20975
9868
11802
344
1200
25030
2126
5725
2577
17802
7085
1058
5277
14677
3836
11555
4126
2319
13369
24123
22891
5250
1636
23018
3014
2903
4995
3103
2543
2796
22604
1042
7923
11091
3035
1884
364
3062
23418
23894
14839
5875
5518
13643
8521
24058
10618
20666
6385
8564
16387
15263
23686
3548
7125
4035
6177
16169
1099
6837
3198
20672
8229
4153
8948
23409
17194
3920
2986
665
10057
2694
9494
17869
6617
4227
5790
2069
5678
1551
5726
9523
20795
16490
18964
19420
13639
11549
23714
320
19873
19783
5176
12200
8453
19149
22417
9885
7032
21413
5345
2535
14767
436
13674
12802
20935
12765
232
5683
4789
19310
3317
84
7526
5214
4204
22136
99
19133
9001
8004
5470
22551
25233
832
5403
15459
4859
15584
14564
5419
1973
2543
8183
831
5316
5996
17183
4458
22305
24725
7367
2600
5801
2544
6780
11874
2155
4560
5528
20523
4594
2871
16765
23125
5554
754
1241
15568
5709
3586
18017
25448
14719
3454
10365
7515
11430
164
13177
4605
24314
14156
3738
5501
17850
4595
6759
2999
982
12409
5248
271
7512
4796
5121
20521
6713
9894
25364
7130
6933
18810
15739
10707
23516
13675
24667
18785
9934
25272
10405
3964
14751
22022
4299
11398
6057
24700
15814
1609
19770
20315
5465
24846
9350
2745
7507
4475
18284
9793
3497
5340
21537
24344
4077
5216
24715
3367
5558
20033
2467
239
1232
24180
18782
21570
13899
5176
610
10572
4026
7111
6660
22976
18037
13263
21657
5921
22705
17646
16899
5522
19823
23333
24186
6963
6941
3826
5580
6320
22144
20536
10644
5999
5394
15927
12187
2580
24635
2913
19180
6177
1470
9757
6116
5996
19885
6621
14184
14100
3898
6134
3172
22383
21725
7059
13349
6196
13421
17604
6254
10895
3116
12897
17788
12488
7984
19040
20023
3786
19637
481
8090
10247
188
1634
17417
4178
15550
377
5847
10901
813
5213
1086
14542
9619
2423
3763
23350
10930
8761
2908
7176
3163
6444
1824
16899
24902
24320
18189
14950
5518
2987
6827
15746
19277
2095
1300
3066
372
17318
6387
3552
17700
19326
22057
21707
7455
17415
1130
14122
14137
21121
2917
9159
9354
1030
810
3692
1340
6023
6162
9405
9025
24605
16551
3148
7027
25141
4217
4629
18749
1974
12859
19299
20465
7286
6521
9031
22917
21433
5646
23630
3066
16847
18938
6751
6969
16931
14513
13771
4208
20432
3535
9605
18719
19356
46
9163
4497
13597
5163
1793
548
20871
16817
14300
2431
17152
13076
23597
14415
4114
15748
14874
10628
7064
3687
13994
8644
3162
4361
6085
18658
9079
24436
21600
10347
1430
5895
21419
14469
3325
3333
7446
22977
291
4352
5003
16938
15076
332
4940
22346
11413
2539
94
5995
19396
6350
13611
17937
1526
24797
21522
13291
2804
4617
2326
16078
8686
7806
11328
1563
24699
25033
3595
15923
17747
21737
2221
13561
16411
12497
11124
5240
7522
755
7949
14798
6744
12297
8530
21933
15900
982
19105
6110
19661
1952
23394
18931
4228
3279
6426
23389
4102
18388
3085
23701
13975
11314
11313
1956
20001
22631
3584
3368
5646
14325
17786
6045
7729
1470
25341
24191
11578
12760
6954
5731
6541
24997
8989
18315
4142
9957
21809
640
19351
20673
24261
9010
15492
1054
24980
19182
8386
23940
234
8027
2677
1595
25513
5541
22488
13951
8714
11855
6903
10735
9554
8308
3441
550
5226
4632
18826
7035
1293
5470
7795
20165
18227
16238
6898
9877
1216
5588
13288
463
20840
1284
11810
10126
10575
7738
5862
18831
17877
21142
11023
5552
2213
4292
11933
2753
12734
20962
13400
1052
7276
2423
21618
21259
3278
8036
21894
7546
16493
23751
17182
18257
6758
18181
4380
5450
1588
1957
1785
5052
4757
6464
16661
2549
9594
4217
2775
23893
1167
6636
9197
499
1877
5258
5626
12231
25138
3272
12334
12853
10631
6808
18985
2984
21493
22595
4691
2486
10778
4608
5063
18244
6975
4172
257
1384
6937
9640
3017
6985
3932
19331
11368
11959
71
11415
22846
4853
159
8337
11864
2878
9084
6347
1275
6211
13767
5651
5902
6814
1220
1243
1443
21950
23645
1326
20133
21869
18735
5671
8944
9963
1556
9362
8521
7456
11277
1775
7108
5531
6831
23922
5148
7408
2699
6404
2934
11957
14276
18839
24891
11427
17916
1184
4015
3389
8543
1452
19786
9226
20452
923
3846
8539
9358
8842
5766
18999
6853
6650
14318
18757
5305
5367
330
17978
2281
11401
17535
2409
4446
9521
14852
3778
23870
15305
23849
2647
4643
24444
24874
23228
3767
24387
2257
2333
15071
899
24529
4036
18102
6859
3672
14476
23003
4417
264
13428
13242
19935
181
19903
14968
10962
14444
24176
5866
9182
4862
21516
5696
8325
11742
8984
9620
901
5770
10923
1194
17650
4262
2021
5332
7157
20086
22789
1833
1786
5888
3595
2723
18033
24429
6679
1823
14276
20663
5430
3498
4729
16433
16305
21973
5778
5914
947
4171
6613
10487
15680
6595
9401
6500
3040
14517
6660
990
6320
12973
9275
16395
18266
5348
15388
23724
23308
6746
1586
13899
2456
17948
7610
20725
6998
14396
20241
16498
20729
6587
10244
7270
17819
20851
8386
14548
13794
16876
2933
5935
13298
5583
3917
25340
16159
20953
5206
13365
928
128
7922
23799
24457
5092
6982
3361
957
369
6151
3620
18834
4883
4164
14053
9688
17413
4820
5973
24421
7305
24076
15982
21047
18076
22906
17395
8983
14939
4470
24957
104
5392
4383
5360
9852
9867
8320
2880
7128
17578
7106
9085
6015
10939
782
10614
7210
18626
9150
11440
8787
829
1985
6901
1177
25177
3440
764
6480
12744
17474
8262
21348
