3356
6061
17920
6255
10064
18776
707
1147
8080
11683
830
17708
9674
23516
18684
1555
19306
13540
21525
1788
16744
1523
6786
6901
9487
4004
6900
6232
15086
5975
12966
7139
6668
12309
326
682
18369
4538
15533
25251
17116
9314
4148
283
7191
6741
17298
11099
21464
1880
5186
3201
20472
23079
8702
925
3374
3248
6650
11951
1102
24791
3901
11749
11009
25291
24136
368
11220
5077
7295
11401
21792
8770
12613
306
8993
4312
13245
5582
3777
12501
22172
6748
1397
14765
2025
4729
10029
8728
23050
2659
7375
2204
4663
12500
10598
2801
7026
20522
20845
3498
826
21813
19477
3949
12417
3364
6551
17101
9223
10523
25036
17015
3605
19476
1790
6173
17947
3190
18606
13435
19728
24926
10174
21971
9622
1142
23248
17636
17672
16217
4821
10352
19144
11344
24000
8676
17355
531
15425
4284
23988
9437
3912
7071
2803
21068
3821
21552
5676
1214
1993
4915
9393
3382
5751
2259
11177
18546
17681
2136
21005
2663
6293
23440
17775
16869
7170
6056
6353
13810
19929
10532
1773
2328
10194
5157
9299
18511
24180
14033
3657
2016
14883
1604
21217
17418
13942
12368
3631
23746
11765
7202
2100
18728
4625
5849
12460
524
1055
2704
11334
1500
24480
9374
5264
5416
9828
21164
7149
9689
19481
22349
4907
3236
4478
9353
2319
17041
5549
17595
8716
24791
6986
12525
2206
21339
2873
6496
9797
9998
2960
7033
430
7415
24482
1853
431
18718
21481
1208
7706
8832
6404
10540
4073
665
3862
2855
14683
5194
421
3548
9644
13415
21223
18046
13738
16535
5916
2955
7247
22096
8409
14825
5501
877
6049
16276
9851
299
22201
13435
16841
13887
25409
24764
19729
21107
7539
13397
5429
8457
2120
12056
9965
5112
23073
14386
12461
1279
5932
373
22422
691
7582
12643
5596
129
8280
9889
25067
994
5148
3903
2275
6324
2189
3464
6437
20319
4658
8417
3739
4202
5096
3177
3913
2543
4962
8689
23498
25466
18668
5613
1713
6311
14169
3577
14389
7156
6484
25464
24978
4450
12784
7932
24584
16848
9852
3707
4492
10650
11853
8275
22243
19019
23734
18838
2140
2890
12123
24402
22561
2235
10866
23778
9976
21180
53
6965
18140
7674
6872
5714
11980
25063
5675
4345
7707
1373
6872
11406
12386
20519
7257
24156
24653
4772
1472
19045
6268
23348
18625
3185
2052
3153
5517
25223
4769
21986
22794
330
5081
3598
21174
11703
4993
6393
676
3145
1182
1634
868
6993
12026
4078
22009
18096
23670
6286
146
12903
5205
6537
18746
1203
3352
3451
13128
7803
25304
5427
3137
14051
23450
13292
1005
761
6548
13972
2089
19505
16540
20850
15909
5606
1889
777
12459
1337
15569
1007
6897
493
15039
9739
4736
86
18674
9220
5605
201
3644
24775
13294
7410
17620
5973
1776
15571
2730
5703
8588
1395
1245
16848
1229
20451
3997
11874
17023
1377
13203
4467
25167
1909
6376
8301
21831
1562
23936
24579
7998
18451
22810
18430
17697
25191
17702
7251
18854
24490
3341
25386
6173
22380
25063
4011
24638
4665
2224
508
24790
4031
12824
5020
9392
6193
6359
1260
11452
1719
11340
15708
3299
7527
3756
6902
4715
4999
11874
4653
12947
11961
5368
12808
4548
15766
2789
12910
17191
7942
11324
22587
8604
15006
1718
3815
3042
789
112
7672
523
16811
22331
5012
23696
5124
22382
1468
15420
6161
4627
16543
4857
11794
382
667
4249
4178
4180
25083
2954
16302
11536
4750
23199
1745
19968
3722
4353
11120
236
8340
6912
21086
16360
5845
19491
11070
25118
663
19811
10019
16965
1021
6326
8541
21
16174
402
4770
2216
5646
477
2812
10275
2878
8593
17379
3828
13034
5740
2708
17324
4124
6559
5419
2163
18839
22921
19304
11305
4954
8081
24822
20556
13123
12689
3151
6819
15643
19030
65
22883
1601
22770
4387
6025
12964
19470
7608
7855
1904
19891
4692
2092
19566
2857
9578
4662
6398
16877
11227
3953
5554
1124
13689
3633
10967
2814
12987
6747
8102
18784
3501
17552
10949
4682
12564
13529
3327
3220
7162
12056
4193
17620
15309
1557
4470
4498
24260
7017
16433
940
24778
9525
2878
7420
3161
3458
5698
4867
6170
2450
702
18544
23117
19368
15052
2976
13185
5699
6351
25439
5602
12751
8250
18756
20082
6363
1560
22034
23892
12497
22273
23553
15802
18406
21035
4175
7304
8260
6569
5080
199
12728
20767
2346
24978
12386
11829
25268
12269
8257
23335
15232
19390
22741
4178
1369
2599
5415
19087
5996
6359
18723
13676
18701
22094
4291
20324
25316
1766
22541
10090
9667
3090
7396
24490
7252
24463
4390
15665
4486
6579
8700
10039
20070
19817
5577
5829
3537
6640
338
4898
6915
22609
10666
3883
2163
6890
22958
13893
7974
15026
1705
7384
19439
10621
5194
20952
6499
20517
23114
24301
24812
9492
14519
11396
12731
1609
6804
3303
3340
8661
1716
3726
4604
19576
4364
844
6175
18912
15467
5728
7855
948
15779
9485
22425
12558
8707
10040
4320
2834
25324
19341
924
17788
24067
23361
15139
8782
22646
10525
13395
15843
3848
3585
5889
4330
2850
10699
13691
3137
4779
16238
6009
2533
20227
18375
4861
19146
4026
8106
10310
14115
20468
5912
5974
11954
19382
25340
121
3316
454
10270
18983
4746
10287
16246
4937
11380
3978
4919
24177
22840
4797
16754
7014
17441
19603
19712
5778
5759
947
15099
6881
467
9155
9255
9475
21650
6143
13121
22422
3764
1988
5420
7172
11662
4244
22520
19631
4039
25368
14983
20645
1251
16638
2180
2855
4955
2025
15361
430
748
3736
14518
7331
4432
8112
16259
7948
1824
10132
6299
22058
15908
7317
22610
25339
2172
189
23257
18684
5832
10213
5139
2571
8846
3205
20258
12678
9875
4761
23787
20655
1338
14984
6327
1270
8592
17836
1194
18206
353
18734
11591
21003
7193
12761
6449
16811
1775
14151
10247
19964
2046
16260
25289
18489
1633
13015
14934
10227
2506
16028
14216
1550
3119
2534
6855
2005
941
22390
1967
15105
5005
6715
4783
24735
5125
5553
16228
10660
5025
16804
24320
24898
5261
19349
21283
2285
17426
19759
15691
197
2255
7633
4943
4123
7024
1616
16067
24719
374
22159
11036
22585
5417
5267
18216
22538
6471
250
3887
1228
4768
2499
24501
18602
15246
11837
24705
2626
12067
13775
10180
7208
12084
440
5276
18196
12139
9372
17407
6194
2140
1259
15358
15506
3737
3629
20302
19879
5986
9589
6919
3000
24623
14656
18899
2548
22682
2255
25264
18787
23360
1563
2447
17780
18691
6274
11790
2645
12192
17225
10948
5285
25306
171
21912
17942
650
11202
6949
6095
3976
11762
