14526
7333
11977
417
10041
21632
14657
18371
21736
25297
24527
17803
7027
2359
16767
1865
856
19087
22866
5660
19294
2530
8484
6359
9189
4507
24838
16787
5689
4600
13143
2017
8371
2268
13184
1093
6645
594
25122
6214
7881
21315
13319
3489
21985
4001
22026
584
11869
5461
7281
19382
4842
191
9845
9405
5609
5807
11684
67
1402
9973
2418
9623
4711
253
24368
6772
6789
6843
1051
5011
5019
320
3857
15556
2631
13378
6658
5995
2462
1512
12953
2128
5825
18374
6614
5128
5314
2866
1430
12712
8217
15247
16270
4335
13741
12347
14877
16034
21155
13759
69
15888
24517
3765
10707
6639
15643
19859
7746
20428
7329
9963
1221
16998
3109
15057
776
4566
11554
14439
335
6337
8184
1656
17954
5903
7207
14748
3421
51
15135
14708
4975
1612
3209
5769
6469
11188
13106
3705
13151
8193
22915
17254
15142
12574
8237
8200
25428
6003
195
2651
5682
18204
3432
6699
19951
3118
9874
11194
24954
22920
10287
1380
18783
17907
3537
11247
16689
14612
3453
1518
1682
18862
138
605
16107
19134
2007
6724
13244
2339
10971
18972
2022
14531
19756
18804
18465
4681
4474
3543
7027
8574
12006
18091
6170
16570
20545
19883
2920
18577
15370
4598
5009
2158
11906
22927
14577
18025
25296
3152
22711
6347
19795
18438
1025
14313
1088
10050
282
10365
22906
13678
3004
2839
9231
5462
17335
2365
14765
22110
16340
8502
6271
5689
16415
572
16389
10412
4495
6830
15062
6277
4927
21953
22726
8781
1894
1961
5978
1567
5421
3433
15262
25149
5862
6079
7228
22520
2402
3612
6704
24763
11189
18811
19240
21594
16489
21912
20962
7669
3621
6858
1242
8749
25516
3638
6599
21374
1718
14838
10995
5425
2541
16297
13382
8949
10694
13222
2181
20800
4443
6783
7898
18284
2086
2107
22755
5138
9661
6663
16615
17544
16945
1223
8229
19371
2865
20836
7436
5726
17812
19102
9178
21076
13243
6846
180
25142
17858
6474
10428
936
6308
18392
13331
9565
5391
140
1600
2110
16460
21026
10669
841
11164
3915
22216
5144
2651
2578
12121
592
3769
948
9976
9520
17227
18341
7501
19095
22317
24322
9888
12883
25411
6788
1681
21871
2882
9185
22619
20085
8473
23706
1393
4101
5909
1524
16702
18804
8642
3693
23936
6444
2281
3081
6411
17443
10636
23263
18131
18172
9907
23519
5918
24521
19286
165
859
3632
7204
20120
5019
2761
6341
22594
7132
2672
11502
11900
21526
9075
21080
11553
4242
21942
25151
19079
7890
16875
5889
13917
5781
486
15636
9852
5605
20130
5300
21596
22310
21996
159
10961
15631
16092
14374
9095
7900
24837
22007
21620
17426
10298
23735
11685
7268
11116
5919
573
7374
3570
6402
6480
4160
747
25388
5542
14371
544
24700
22819
2808
7143
23588
16146
6423
3726
20500
23921
3767
24161
15160
4715
1531
15022
16851
17018
20013
5416
67
17637
14391
440
2788
513
12560
8047
8567
16377
2755
15478
3864
8605
4784
7928
15492
21104
11416
6066
3462
225
18479
3414
17743
24348
20200
6697
17032
5814
1880
5290
13878
3660
21825
3282
13051
12128
2652
5950
16725
6370
1737
205
16820
7321
23405
5651
6855
1984
15518
3347
2195
22506
1150
14475
7362
3420
4889
21492
24340
9193
9057
9474
4596
10432
6390
9585
9510
8257
10194
5404
19152
25006
107
4508
22702
5376
19030
1753
23113
20724
19859
6624
21012
5613
19168
1893
10917
16199
1900
24630
22710
19987
1019
14652
11321
15065
1183
22231
21145
4930
6914
12002
1792
18042
3224
3631
4443
9293
12279
24898
18735
2471
9230
21721
3970
15748
3517
3019
6016
105
8402
1244
12236
18261
23024
12345
24002
11195
1034
6107
2079
1800
17545
138
6910
16771
107
123
5012
20197
14633
25500
905
23626
17768
12442
24752
11700
3404
20571
19500
11035
5101
413
9549
7881
12638
17537
16209
8724
6217
15110
24997
15078
24842
840
5883
10659
3197
1885
76
797
21071
10391
564
20378
4699
24524
1851
1208
589
22694
3481
4738
21892
76
14853
8940
22401
3401
10603
1103
18877
21271
281
11521
2476
14138
869
5540
12438
18891
3390
6869
10390
2781
6765
10915
14952
21839
8949
8589
4412
4843
3089
22678
6688
9025
11956
25192
22799
3149
13575
5601
13853
12952
539
7220
9781
1867
25010
23538
22210
724
1538
22983
10330
9557
3089
4102
22472
17346
22875
8950
22208
18999
3207
2242
22273
1661
947
11361
675
15528
15087
1155
485
2324
5585
1888
2120
18543
7840
5009
14155
22718
19323
21026
6949
21212
4102
3588
21120
7684
7974
1028
1155
2360
23462
6650
16522
12341
5851
3922
24811
4507
21468
5031
15608
21454
475
11608
20521
15158
631
4955
827
20153
14091
3976
6197
11761
22443
11118
3061
5833
17579
3691
17893
6713
23169
2610
19315
779
4896
23015
16572
1511
22672
3428
24805
5991
1343
3273
5940
2576
5722
3654
14954
10044
3324
1932
8655
4474
7135
1059
13248
8405
23295
4689
19658
2204
21904
20569
11357
8644
3797
6917
11981
7075
24969
20829
13911
13491
669
169
17722
19098
8945
1543
18005
335
2776
10497
1976
6219
7292
11568
25535
2881
13046
15674
6575
7926
4659
23467
22655
2966
2650
8544
5253
19923
18435
10761
25086
5078
14589
12980
11156
6426
12529
693
24523
19209
15268
23475
5041
7405
4715
17067
1029
4135
23739
17101
2277
1032
9184
1725
1131
3632
3569
6150
10513
3907
9293
15900
18580
1929
2765
14058
1897
2903
2381
1547
6974
23485
5610
3563
23815
14899
11974
12043
23013
25134
10703
9570
14271
11768
2125
2048
9386
24959
6736
5418
3783
16156
20313
4245
3745
19766
14099
3056
89
19426
13378
9941
19805
23047
23925
6553
530
19206
3725
14479
1500
11440
10845
17335
655
6264
3110
22196
2673
2940
10516
10091
13714
6054
25060
3935
6425
3319
989
7028
10288
6843
5959
4298
2886
18565
13152
17004
6753
1608
10788
724
5244
1639
12142
15496
1649
7509
22524
10568
21926
3030
7768
22083
1813
5035
13432
8608
3253
15656
1402
14596
24335
12527
661
1511
10603
1686
5308
6927
21198
3657
14888
7092
2549
25035
18845
2874
8114
7182
21654
4812
4027
12228
15148
5177
14961
2644
24660
9847
20086
12441
11381
1933
25111
20110
16032
23676
15540
16838
19673
4566
20670
6617
14265
2528
182
3597
18947
5500
1989
17235
10961
4421
4429
12085
7216
12278
3629
8528
15788
1230
660
5675
10740
1405
11720
441
3291
190
6618
4581
4650
22018
9395
941
23350
19690
3025
10490
16578
14940
18015
7566
17260
7071
3895
4251
11666
14337
7503
1250
493
3624
3666
2066
2782
3533
6968
13730
6603
22415
21948
23945
1251
21998
15196
19080
7608
20281
17627
14919
7040
20751
