20016
1828
3894
23048
21037
8742
12020
23790
19080
11213
4520
18265
17550
18560
4701
6779
3883
6749
21772
13182
8793
1939
11648
992
14941
12335
24247
21094
8430
4967
24249
21410
9607
230
1517
15432
18597
4449
16957
11259
5114
4923
9175
7804
9423
18279
25488
10751
293
8074
16973
1928
4088
19504
2440
9212
16628
16196
12348
2259
21903
14061
22337
15681
19591
4190
16357
757
6733
20444
6679
5573
22134
21705
23140
14785
25339
16400
23496
5603
2170
2104
12228
4712
2649
16645
8559
4768
5776
3747
641
9849
10856
19816
7016
5803
3165
325
19125
4337
4877
20478
18185
5362
2805
20594
503
4053
13340
21773
15116
6238
1798
3938
13841
20504
4774
14614
15178
3623
5303
2330
18729
581
13425
22919
4788
20023
6457
6557
782
6108
5135
17567
6643
4140
5509
13364
17129
22270
3150
1476
677
21643
11567
12193
11861
2744
12652
18200
1991
16461
25285
22810
25144
12984
18498
7798
7742
4915
8067
13271
8527
13227
1494
8347
9131
539
21187
2901
1541
1636
8456
8051
3954
15737
1920
9079
12574
1456
943
15783
8916
15694
4818
1586
5666
3820
5948
7850
6000
21475
17621
9168
7840
20145
539
5804
13514
2443
6201
8200
4279
21697
709
23169
3372
8643
25329
590
5868
21142
4677
12202
4591
847
1255
486
6391
11583
8355
7433
17034
16159
6530
10139
13146
12225
7170
6494
24110
1323
9822
6650
4824
14544
4525
15540
4526
4079
19471
12759
5462
2386
16816
3153
10632
6373
4765
14200
2060
232
20094
7195
16516
17333
2648
23073
22693
23905
2589
23452
3266
5107
6597
2754
13557
1442
5993
10559
353
22182
4065
432
12178
8069
14051
4350
6793
6300
25361
2574
20577
19410
22875
24260
3671
4271
17479
5639
18136
7821
24402
20550
6315
5292
20360
6617
6415
23815
11364
17102
7372
1290
15137
4177
21417
4332
22059
494
21934
9568
2183
18456
14894
14712
21926
1053
5163
5209
13303
4702
4918
5685
13779
10681
21178
2422
83
4518
19180
19039
17769
2181
347
1582
6741
22646
15873
10271
17644
164
2984
4851
25372
7227
20068
17549
6215
5703
12923
6627
1478
21795
8632
13880
4670
23329
1092
2565
13339
24728
13203
10423
5894
18395
6777
4960
14917
5420
1829
2931
985
13573
11571
11836
12284
3553
21947
17324
13816
6155
17172
15159
10003
19892
16305
23158
116
5848
25035
6323
23644
2642
6248
11801
5644
14528
15881
20713
1036
16515
2114
8663
25279
5420
1840
19309
1987
3833
22802
19816
918
1159
2577
6254
17423
15105
2509
11496
1418
20484
6257
5142
14845
6554
3181
20958
5028
24997
4270
12519
12186
5639
22952
4655
6973
4158
13737
3278
21058
2559
8481
14491
5589
16990
10322
11975
18901
14154
5458
13507
7841
14593
9157
6926
1517
1022
3592
19080
12207
9508
4852
510
24203
4082
21641
17185
13808
125
16000
3419
24911
25263
13973
7252
16731
5166
6880
568
357
7543
17793
14482
13363
17651
1560
3177
18304
10601
1539
3791
4102
9731
1379
21266
321
1405
4399
23439
6035
14445
4640
14087
21882
963
25125
20256
6931
6490
11659
336
641
2142
1279
16094
2843
9857
7810
1706
3429
14373
18273
21929
14330
18257
1380
3968
231
7239
1265
16873
326
913
3182
23901
11123
17114
11450
977
5077
16241
5642
1467
20155
21125
6814
3815
10231
20491
21296
1314
17025
15097
4290
5517
12706
11121
6912
3304
5407
223
4116
7428
671
6218
3934
8985
8123
24512
24272
15491
1982
24058
22765
21354
14031
5884
21679
12083
20375
4369
22569
20916
22793
6440
2683
1325
21818
13673
18165
6721
24523
15382
2781
21462
5499
2447
23146
1680
12155
1391
385
277
19399
7125
22238
6436
957
12409
20254
688
1768
1870
15931
8118
4341
2038
18486
7097
22459
1997
664
7002
20751
24016
18182
3323
569
10742
13212
18148
5927
18711
23824
14112
11596
6090
12354
3259
19671
14760
799
15158
4674
14921
22146
3640
1921
10188
18352
3959
11661
1327
12878
2495
13864
17642
183
12126
2541
3171
12050
25213
21372
11002
5946
18972
253
16294
18055
23860
5255
3369
10497
4312
4890
143
12625
9932
6370
717
21895
22405
2923
20700
5847
4285
7013
11137
20768
24927
15484
826
15702
6250
8541
5594
8994
4366
1648
1897
14792
12780
10922
17843
14834
6424
5509
3252
8072
23883
25164
3888
6808
10866
705
19694
12608
25181
19902
3289
4290
2601
4983
8553
4042
882
6637
24343
24279
19900
1038
16579
1941
7494
15447
15977
2783
3063
7668
20948
12796
4215
16489
11379
7114
7044
3988
7348
16847
18068
23044
9077
22576
20510
22346
14837
5802
3466
9400
18108
4914
11156
7422
17204
6040
3603
13873
4527
16218
6946
10744
615
14717
2548
20420
2307
11420
3100
9796
8828
18829
3078
3246
1665
151
6704
11490
24414
695
2741
5015
23282
4095
9551
6057
13609
19192
13024
17696
6773
389
3480
8708
4409
18091
6648
2450
12231
2853
18499
13457
344
2368
2162
3880
7079
8766
3891
5405
193
17692
7348
1754
1776
7706
4479
5890
6519
5939
5910
21904
3976
22769
8801
19200
12540
10784
2602
13767
1974
17388
1719
4833
7136
380
2744
22750
12957
5731
5586
24538
23504
3619
17119
6106
4419
7062
1794
17683
13033
2078
5161
5259
5000
21345
1118
10629
21699
4429
14716
1434
18052
16181
1383
4713
5348
3984
23170
19421
1622
4513
21685
18111
6177
20145
15252
11807
4055
24369
23721
6749
1056
15968
2608
2798
16549
19733
14880
558
11960
5128
7053
5774
3122
9748
6000
21135
20265
24313
10727
6234
15445
6179
12997
21073
11419
14267
1465
6983
698
18220
10496
1977
20499
21393
13993
4220
10895
6998
2603
22992
12864
17196
7585
3027
18164
24919
5990
23869
2482
1495
2006
19219
207
5956
22178
954
2064
14795
24610
37
14339
7223
17132
19700
6455
19463
23941
901
20356
25040
6101
4529
4529
10200
13209
745
16746
6603
4319
2796
21037
1136
17203
12492
23836
19366
10036
10902
1176
1431
18803
22882
23163
4593
16640
5075
8828
2153
4278
8059
2677
11803
21721
22862
16318
14072
8141
4327
1705
14279
2387
4183
8267
18163
1690
22154
24856
19969
19233
129
4372
3079
130
25416
21768
18001
5804
21734
2791
10655
16264
9638
4775
23721
7373
19089
3031
16620
310
13889
24845
179
3218
25106
15090
8894
19530
2201
1944
4982
10452
3669
9297
6715
1016
6967
21042
9594
1382
301
16418
4170
6277
9980
2498
9828
6750
19976
5002
22214
13978
20432
23473
2121
4489
13614
17478
15489
5174
21544
13826
24499
1028
14413
18781
19409
4780
15778
15596
5302
14564
22598
6708
23890
2623
4076
2686
1048
21522
10253
24213
18659
24120
5754
16737
19562
5573
6797
8073
5373
15251
1480
15484
24711
2664
