13547
6959
15823
14890
746
19718
14147
2160
14290
507
23565
11445
25438
7217
874
117
7269
11044
1506
5478
1209
6294
7533
20923
4605
24860
13630
10465
21794
4720
10365
2546
9177
21989
3734
1679
12859
12955
19802
4778
3350
5013
17102
6747
8780
23622
10885
8460
14214
2056
6716
10568
21047
3914
17576
9779
3691
975
18903
9568
1061
14992
4661
15985
2896
14441
3305
3676
3949
11610
23992
8874
6073
10032
1984
21766
23947
1689
21024
5863
6487
1128
17532
11547
23272
9317
20012
23327
17903
6292
9235
6912
22613
5433
25430
6957
8712
5120
16518
21807
2307
1879
10260
24116
21243
6841
19811
20439
18611
14366
10621
5138
4279
10059
2156
4654
9902
473
22897
4839
5186
5781
7106
12953
15042
15462
152
5493
2270
5908
10662
11221
8984
18951
11355
10986
5999
6975
8323
19505
22364
1924
8344
6465
18894
17978
14539
9738
6304
15385
18086
15873
5419
17073
18548
6986
25274
2441
7561
25471
12041
15956
13284
16476
23006
16194
10768
11961
2998
16175
23729
1094
15706
22787
917
4350
12359
4838
4741
4856
21811
21062
13567
14176
9239
16104
555
24844
31
5786
18892
5871
24736
3222
9981
99
5395
3298
8516
20256
16443
2159
14802
118
2788
6127
2369
13582
3070
6942
8419
20830
16321
4483
1145
10345
23910
2379
24690
5963
4556
15621
21762
4318
10537
25247
2719
6536
6126
10259
20771
12812
5335
19
12118
13241
7795
3163
25041
6912
4177
15339
19384
17551
6237
9102
21800
5825
7215
2855
15127
7981
196
5836
20293
7216
21552
10010
9880
5738
738
3003
14875
15723
17665
10243
4479
24427
16700
1469
13658
6341
1366
15385
15015
7581
2644
3797
1574
18527
6381
9698
10726
13893
1070
6712
2052
20940
2605
3896
724
20201
17540
4117
7062
5805
19593
5864
741
8538
2606
8404
5991
17397
14877
12534
21944
1702
14647
10119
14278
17069
23084
13327
1192
23176
12218
2981
3869
10163
16783
11524
766
1685
13783
5136
4483
9090
951
23748
4164
22356
2447
22432
5104
3737
5008
3062
17499
5288
16710
11445
18834
19375
20712
5977
25316
18789
22360
6622
13429
21464
23410
21007
23072
20100
6780
17666
1804
2588
4286
4318
5489
7892
7756
44
1481
14699
24772
7126
2809
21852
10849
11269
23343
1424
15444
7348
7335
305
3734
17031
1899
19403
1760
4120
9431
5253
8448
11454
20599
12205
1331
6315
18837
21995
4318
16216
12701
3021
19819
6419
6201
20337
22546
3781
19599
24718
14429
5951
18816
16159
10586
24450
22560
17733
20440
14588
20101
1577
25130
5427
4516
14953
16305
13659
9436
6753
5406
9186
11019
10662
17831
13715
21497
4251
2625
7006
15722
14349
8348
14034
16696
284
15256
2579
13879
13826
546
24193
7978
4500
17848
1993
18919
4087
6374
1423
24353
18817
18935
2823
24991
15974
4363
7160
7947
4485
20443
710
3383
13578
4331
13043
7066
1295
6284
7214
3512
21457
10531
21043
7789
120
3866
20052
14686
21975
14170
4667
3079
395
14325
11922
1355
17117
18098
24932
17507
13509
8585
2792
23582
23887
335
4246
12339
18585
21608
12161
6500
5230
4371
9754
5138
2038
16889
3829
24411
3713
11196
23783
3662
8208
13949
2140
1431
3305
953
5206
2121
11300
18147
367
2456
4935
14467
12632
5890
2412
17073
7738
6746
11666
17741
11147
1950
21990
8825
16019
6278
2656
21868
24653
13118
17051
5575
21039
4751
12965
16986
4384
6618
1261
25461
18646
13661
1841
1000
14237
10200
17768
4977
421
12037
5384
4573
4339
16641
4306
13359
15242
3868
1080
3207
396
5606
18281
4277
1458
7026
2430
863
7815
8415
3408
23370
11797
16212
21560
3425
1152
5744
14908
17852
13215
6263
138
596
21246
18425
18948
15069
13259
22592
1503
5245
660
11760
19402
23378
23659
20611
9990
5655
21089
15745
21183
20900
23438
18289
25483
1505
14866
570
499
16882
19947
4425
560
25218
22675
163
2921
14877
12431
22271
4315
10342
334
13127
11664
8700
20659
8510
24997
9906
7698
6048
8967
10897
14953
11513
6030
2449
14794
720
1366
16297
10811
1521
5962
15914
22243
7571
11777
4666
6277
19284
4779
6596
1790
7570
2739
6156
7073
15720
20098
8292
13140
16928
3082
2576
4397
4100
8334
7850
9700
10357
5924
21140
25211
1428
13595
24816
24501
15331
4319
3603
8134
13588
3344
12910
5513
9403
16523
23728
14214
5381
17263
12115
1030
14742
23431
21363
4217
20565
6500
13812
24530
2878
22762
20136
20523
17463
19031
22221
17570
18046
3264
3571
433
21414
2479
17210
9982
16495
2479
5377
23997
22367
22109
16122
16858
18858
7936
10927
25221
3424
2090
3881
2345
11728
18456
18268
3385
2552
12392
1972
6121
1475
3904
5500
22240
10055
9954
2086
8369
10273
2813
17179
2071
4308
23838
6033
24252
6589
9326
4025
10646
10006
23894
17944
1038
6393
8853
4269
4038
2710
7492
10791
10923
207
6933
19458
15840
2989
2671
10132
17641
21553
25069
3153
3269
7168
2487
20418
3109
4590
5599
20844
3889
15707
4137
13818
3639
13177
726
15889
7254
21823
1590
24444
3930
7197
11470
2688
9211
11160
17683
12959
5402
6183
9551
3930
4229
15879
23662
1251
15397
22934
2190
10368
10364
12214
4385
6014
13470
1580
20681
9080
25092
14867
8508
5799
5906
2647
18225
9002
21317
7148
20854
2209
21248
5853
22147
7218
8706
2464
16578
12536
8259
22732
2489
7250
4156
7691
619
3393
2659
5159
24592
21657
24032
18613
118
7048
21475
1145
15279
2833
21817
16362
5490
444
89
23894
21282
2629
7862
2958
3092
21823
10790
14177
8278
4319
16116
1082
3452
13159
7231
4336
20875
9589
1613
20790
1154
5683
6026
8504
14310
5360
4170
22424
25058
17496
24299
18073
14564
17963
16500
7749
7042
16532
3062
23753
15801
10627
13134
11598
3386
7639
2975
14425
8995
10555
8148
25297
5285
6549
4100
6484
10665
6460
14529
25228
3512
24977
3269
2766
515
10026
209
1645
17582
7960
14047
3369
12126
19053
15083
19931
22012
19585
4071
23283
4727
13343
22796
19871
4424
12712
14845
843
16030
16268
2507
8350
19805
14461
4905
8557
4985
24836
6560
22492
22009
23686
23882
23370
779
5881
7136
1425
16952
6927
22731
13240
7536
23003
12234
8514
3318
25335
6391
6216
235
2886
7174
4439
23405
1374
4088
16980
19219
960
1210
413
2334
9351
3280
17373
1765
3963
1750
24396
6194
9430
7542
23199
444
2636
6686
11621
8350
7306
3326
2804
18831
16574
3634
4401
16818
17263
10385
463
7093
2670
6164
13361
4139
25294
8770
4770
18482
682
9714
20433
2092
17979
25390
10113
15679
1089
23598
478
6044
10894
6449
8971
23247
25393
19813
19044
505
11966
6046
16882
3539
1408
5307
24279
2034
17216
240
2896
5401
10535
7105
6779
