18375
1359
15095
5568
24388
1405
10921
5967
10721
25404
25023
8884
2552
6061
6656
19992
5559
7163
10464
11453
18594
20139
23713
14932
6028
3862
18299
21194
247
4188
5704
6641
620
18380
12367
21086
2283
8089
2290
9586
13972
13840
601
23143
13325
3474
4836
6909
14770
11245
5199
6213
9561
10553
8089
8492
3277
12383
22384
6467
13230
2789
2187
21124
6995
3501
25285
22213
18742
5216
5138
4569
10804
12743
18301
2685
14407
2634
15053
2142
11735
15024
3865
11383
10842
4560
13010
5290
17762
19038
3856
17902
4503
8852
17677
11886
4251
1387
22554
25151
5911
693
19009
3343
7919
551
9968
6948
3087
7204
7036
2976
24346
11185
