14302
22261
18807
3578
19836
4921
8323
21065
4260
3341
2569
20145
15926
14019
9335
19522
6656
11366
22506
2958
11924
23398
15510
17912
4571
2072
22711
6072
4277
21886
880
2980
10884
6876
933
22160
14329
1619
24700
13646
11008
17422
20935
1868
9327
6994
21563
3529
4680
23539
2344
18945
6148
19279
3240
6723
10614
25485
17345
5842
21283
1576
8784
3885
13440
13543
18753
10257
10549
6039
11502
15023
8824
12862
1485
21233
12479
18691
3914
24303
15591
4932
18905
7243
3812
4087
6522
10395
22526
1857
23383
1357
6679
12775
21584
2612
800
7203
10134
11375
9726
3842
5736
16761
14255
17927
3878
6672
6064
14164
16587
9019
2700
14399
2009
21616
8915
9933
21456
12183
23254
24048
1101
7536
24093
23410
7785
20260
712
5672
6073
1791
3994
786
2646
1223
1864
18961
16702
8614
19985
11440
16104
3453
18357
6862
7133
11720
19944
5243
2286
11739
11842
4679
3744
11979
4221
17841
24778
17864
24681
21340
6554
10555
5441
661
17421
3567
2612
18799
23049
13832
2215
19494
11781
11295
237
22760
18839
13129
22590
14871
21634
25225
3948
3856
17324
4138
3299
3968
15459
16465
2262
20846
9734
2905
20787
2022
1544
20818
2143
3701
604
3433
15434
5351
3699
19994
883
2595
16149
19230
816
7068
15382
19455
5876
7055
143
728
10367
9897
4676
2473
10428
1999
11883
686
11178
1449
3084
4306
13192
9288
19861
18909
7545
21543
8565
533
23497
5108
5347
7272
24104
6849
5186
10573
11488
19766
7404
13048
12406
25346
684
15299
11398
15446
3846
1904
1441
922
9842
1997
3095
21888
14774
4967
8520
16862
1067
5821
22203
17929
20126
3538
25451
7933
3519
5494
8899
9240
4868
6917
23834
1922
2845
23165
16781
7808
173
2953
3866
737
7883
16351
2821
11440
4911
3014
6303
272
8651
6849
199
16126
23137
17924
23263
24346
6541
5674
6465
2780
14843
4503
17302
16753
4925
14299
21496
11500
6376
5451
24962
3004
10709
11489
5224
4371
641
1567
9009
7993
20591
23885
9962
5579
4268
11232
1511
2506
1082
10927
3321
22265
3132
11594
14363
10407
6281
738
4392
16940
15029
9319
514
4303
22499
4402
1357
14437
3366
23752
19158
5190
13443
2341
21999
12366
13602
618
4217
7405
1596
18990
15025
18540
24767
17700
20488
9198
7962
10845
420
5524
13401
9046
24525
3066
5745
2962
13005
17055
1734
7051
1134
9839
20123
6128
23199
24064
4618
23339
8011
91
20564
22307
7958
2622
5530
3107
24462
4645
16591
23837
6608
11382
8715
22732
21798
3146
8372
5924
23906
7617
11485
18350
12133
5340
24498
2565
16751
15804
20120
12896
20449
1765
2999
4140
4986
12692
22286
967
6199
8466
373
2414
17998
4974
6359
19239
2629
10344
7401
6622
8656
5279
3025
2399
5527
2526
1198
15525
22385
18891
6378
21025
10960
2620
19707
4293
16177
15992
11793
6196
5562
1192
17007
24215
2279
13168
6413
16850
1035
2962
7128
3811
23798
12886
3313
621
20406
10138
10621
5003
10535
15683
2443
24899
5211
23924
1183
16880
13447
7136
25430
937
2390
20006
9193
19248
23803
6434
6996
17186
1739
19508
6349
5415
11116
16758
22613
1525
21018
2636
9152
16715
846
4840
9243
17973
12730
19457
43
5310
21345
7983
7082
23798
11158
5580
1797
6693
17481
11622
4360
5598
6119
23863
5709
2804
1618
19610
22283
2741
20930
14260
6123
21651
3912
1341
22187
10323
966
3078
23298
21926
22701
2173
19172
5907
18866
16881
3172
387
3928
24593
22135
16579
6098
3429
4063
3966
13687
7794
12756
10993
17270
4824
1659
7132
17604
3863
23906
2610
23139
12426
6904
22798
16729
580
20227
4129
7147
5324
5312
12375
1835
3085
9331
2721
14035
5968
5658
336
1754
16951
20883
5674
23503
15965
12476
9857
1313
1940
20746
15818
2943
3145
5286
16642
18965
8792
21605
7849
14196
4558
16573
19951
17289
4981
4159
5778
3621
11553
13009
25339
9683
537
24217
786
3981
7482
5876
17079
313
5227
2647
6982
19106
12750
5344
3215
3069
1274
25520
4800
3405
6020
3545
2261
17909
20682
6592
22141
1731
5921
23091
19326
17564
1426
16929
5000
5063
21011
5772
7120
17818
17795
8780
22479
20840
4200
14216
5767
2766
8996
17759
9768
23760
21505
18271
5982
24371
6108
14794
9684
408
5679
23784
15866
25318
16909
9356
21267
23741
16241
23275
11099
7944
5525
3521
12072
10343
503
620
2206
17316
6539
723
3079
20487
24282
8981
10259
15392
9930
25033
12023
11772
3810
19452
6257
24055
6032
2880
7313
8064
2159
5780
21851
6670
1665
4201
11282
13401
22881
18860
4975
11202
24813
170
18017
24434
7835
9680
25277
18671
6256
2702
5507
9744
16994
5168
5752
21114
13456
18869
9784
20644
3991
22620
19438
984
4867
22608
13556
6598
25073
15985
17315
9145
5634
3795
16606
24462
22016
12259
22867
12978
18247
6058
19112
21027
5331
3600
16818
7417
9128
7635
919
9451
5150
13988
7726
1370
11944
24995
3354
15830
21069
20803
11682
1123
12737
4881
13828
461
1902
25218
5955
692
20070
22294
10825
5027
18327
2491
3516
23112
12144
5140
5639
4445
9079
5520
6871
5630
14310
1311
17930
17618
15607
13009
13182
4586
13325
5475
15447
17815
4736
7639
4695
4161
2178
357
24330
6560
8822
20749
15607
979
25341
5374
10660
19025
13771
13735
20564
6163
1543
23487
23546
5111
4363
21523
5138
2372
1999
17043
10937
5284
9415
779
14739
7505
4162
14899
3027
6813
15327
6196
2744
24792
2235
18789
22661
17675
4436
6128
3469
15252
15903
15816
6342
20349
3175
493
19955
8101
627
23622
6072
10189
21962
3862
4213
14950
16528
4007
8782
10760
1667
3246
156
9029
11189
6680
6543
13721
22702
6557
24891
3384
3349
17582
9035
23711
22201
22561
8263
4608
99
3676
23156
4980
3118
3533
5319
21551
13269
24009
6896
24978
13632
10679
4747
19402
5823
12268
9101
4488
2863
626
6726
23102
6116
18559
25252
24530
755
23701
2402
1972
15076
25085
2425
11343
2771
13495
18872
5969
17727
23995
19085
10680
15034
21815
675
14025
21510
4103
2438
3295
4805
4970
18262
12020
6606
25205
6564
15840
3724
25501
18476
4806
3568
8149
6084
1914
21555
2141
617
3326
3889
2010
3409
18200
18891
17336
3131
275
11982
3548
11539
7345
21038
1500
14109
22558
17958
1903
22995
7044
24916
7615
23363
5004
13111
20634
18246
5577
11005
1540
2382
3278
2299
5441
3469
15960
21785
1540
14521
1966
12738
893
23114
4645
9477
6798
5292
25214
15175
6066
8046
23981
12724
6327
446
18172
1661
15612
17272
5842
4711
5519
5372
22713
5247
6843
21014
21629
3917
2329
6341
852
10158
10424
11138
3298
20862
6530
22989
6930
4204
2070
13437
10529
4722
12142
14905
10643
16753
2564
1799
13462
19612
6056
21437
329
3243
6295
8628
3638
2007
2168
6460
6237
6907
15106
5943
5791
5828
17216
1710
3738
10995
21764
16417
25170
22144
10300
17246
5263
9140
11149
