7131
19270
1951
20090
21765
7036
17281
359
15453
86
20182
20270
2621
22967
12914
4916
16618
7938
20264
17275
1216
18352
13501
5681
10858
8750
1425
3024
25159
7100
18899
22482
9601
5049
13091
22504
13093
4634
20624
16666
5905
2368
12501
5085
5187
20288
5143
6919
6754
9088
24455
23206
4286
2135
11747
3381
7201
6645
5961
155
8291
18619
4465
88
15203
3901
6222
4916
6051
3279
24670
6918
18556
3623
5930
22035
2409
5407
1220
13077
2563
16861
7665
13169
10486
22258
4962
11759
8016
4144
6562
7723
7408
2059
18817
83
21238
24315
11407
3991
3204
259
6505
3915
2925
8215
11772
19839
168
18903
6824
11956
15034
9724
6344
4504
3301
2246
5630
4239
20253
8322
2713
20720
5638
22520
19388
10104
8769
3714
16819
21646
1688
16598
3230
2130
1484
7793
3172
3629
5977
4787
3990
15853
9748
15136
11405
2072
22785
20559
24565
14497
5315
24455
14061
21708
2323
8558
12698
15959
7872
5253
1445
25295
4194
9550
17313
23313
18491
17658
6137
5954
22058
3638
16528
20610
8552
11681
8210
5042
12190
676
4885
1507
13833
19584
21905
16719
13318
7151
21826
5280
6807
20967
4465
9598
15132
21942
16660
10944
19836
3946
4665
24743
12331
3208
8343
5625
17058
1318
2205
7149
607
20989
15671
6146
14541
17222
2096
2658
5247
23354
20540
373
13997
4681
4936
294
11604
21944
3789
5068
24287
14725
6463
23181
820
396
3304
6769
24483
6316
22624
4144
7989
5031
18421
20148
25239
24449
23419
3921
1231
13007
6280
21680
6645
3155
16594
10227
5220
1423
8487
103
8805
16129
6642
24701
6004
1205
16149
14534
3578
10430
16517
22494
5019
5705
23864
18976
14647
6563
17967
10160
11639
14032
3891
22137
18688
24872
66
14066
2441
5075
22306
17866
6667
23460
1800
10784
8202
16922
12539
13737
9060
17661
13116
21442
11658
15734
754
1454
643
14263
3535
9269
8520
15051
3618
14933
20065
7210
12962
6530
3900
6465
24119
1830
5739
2861
12667
12065
7835
20850
7212
9333
13800
22801
25138
20252
5851
572
3480
19613
17413
1885
21496
16411
16839
21156
1129
4130
893
13368
15899
5986
4949
6644
16407
17480
21080
2394
3083
10154
3288
9865
5915
4428
6954
4259
16083
3567
18533
22263
15474
21445
17365
13031
5860
4845
19550
20955
22973
10056
7707
2561
22683
14408
2741
1099
18022
15626
22364
20968
859
2864
13167
4396
1594
22295
1339
22437
6057
8939
9412
13370
7344
7688
1921
1915
8979
4423
16178
19490
6561
4123
5171
19716
4976
17460
25440
12544
5981
3417
2862
8289
6489
4430
17787
12352
14402
14959
4334
22972
2367
2837
24010
24960
6172
2944
21722
12086
12216
6593
22506
5563
11383
6612
6986
2368
16549
16991
957
18387
10126
8176
4927
3464
18513
12793
17457
3258
19173
20094
21606
686
6699
4509
246
705
22587
15344
12653
23383
16855
1067
5171
16846
277
21640
10524
2508
3687
6039
15624
19508
22008
18873
21950
7102
4719
9434
3466
6662
14271
899
24015
6770
8246
24157
23492
6067
18248
3902
25420
2722
15177
8507
12732
9367
21665
4002
4054
23334
5513
4651
15638
589
20389
11812
5303
18152
9
25052
16094
14083
14484
2303
9938
14315
19654
22778
6396
3020
3732
9395
3116
6517
15798
11308
11930
20876
16645
23360
3245
18554
1074
5806
3605
2463
7919
19657
24703
979
4989
8354
13935
11380
18182
20153
1256
23508
4614
10573
12429
16989
6106
23657
7424
8996
11057
15497
18451
7279
8175
1791
21794
24002
3993
4216
2193
20781
3333
480
13358
12632
18208
22748
4496
4556
7403
1082
3556
21901
8496
14124
1471
6240
3367
21983
3341
980
9555
10896
6294
6375
2851
8838
6083
818
694
7258
3081
12805
9213
5179
22856
2997
7263
17012
11831
23203
13331
6585
6003
20728
2192
10800
18931
21649
22583
3494
12398
22249
3527
3485
2233
6963
23686
6685
2619
3026
4733
20581
21562
21223
11599
17374
4514
3683
96
21730
10745
15115
17941
16004
14244
14733
9507
1626
2730
7017
8852
19930
25105
5280
1565
15729
2005
13961
11731
10301
19841
17213
20680
18922
9396
14404
13085
18734
2668
4556
18817
18436
25249
9834
19709
25228
17375
15221
15741
7849
5576
20526
22013
19386
19298
887
3341
20951
25009
16090
22664
3610
2119
2594
3929
4119
3605
9591
6939
18324
1404
15376
7575
5116
4745
20616
560
13734
21069
16867
788
12233
5487
5807
7291
2722
3669
21668
2817
8916
1557
18405
4901
1698
16205
15170
24576
5602
6908
7786
6690
16041
19612
7818
6727
3168
16944
11645
24498
10116
14346
5531
4910
17716
639
21222
24413
1647
7081
1839
25047
18432
16707
9627
25046
24898
6556
14104
5258
14410
9202
809
20262
2767
15882
6223
11434
21502
198
3335
7911
1051
2930
19643
4215
18013
16200
10340
18648
2537
20086
5009
2239
6357
529
2006
13286
766
7036
11593
15993
8825
2109
572
10097
22101
9027
454
11090
5120
15013
3602
14877
673
8744
1188
6134
23369
6659
5907
17006
18911
20409
16402
3074
11637
5363
2445
18075
18998
20469
10543
12204
23589
1033
13478
2318
13909
8705
280
15281
21255
25206
14686
1793
21160
4496
14229
23334
2038
19217
2666
4634
18869
9539
15849
3453
23892
19638
16119
13192
7077
4092
4972
5764
11532
23107
425
10435
3600
8190
10188
24442
7587
14809
695
10838
7391
12231
751
1197
7967
4573
602
19690
1448
5412
3094
10173
16522
19217
13319
21639
10853
4494
8765
2960
7458
7211
11564
9546
7501
17178
21655
22688
20257
24162
18537
13060
4303
4716
24861
10709
24007
2673
1551
3507
18515
9386
1723
24647
11869
3453
24657
17244
1728
19107
4839
8412
4174
14285
15073
2189
73
3375
17324
10407
8046
11726
21460
6883
18785
3876
21117
15494
20197
22495
12874
19696
18004
6632
18740
6277
16147
20889
6042
22960
34
3365
7252
24824
14694
23190
2812
18189
8628
20233
3311
4503
1581
17953
15362
18031
19248
15314
9879
2712
23176
2002
3634
2431
883
5847
12129
3743
18948
5454
2536
12675
9842
5590
2592
16591
13628
3756
19422
16280
22016
17284
5945
5338
15180
1265
4374
1113
1600
2742
2460
12560
10335
4853
6700
4248
24354
3162
21852
20382
851
5715
13855
9287
18769
6895
8338
4781
2950
11479
5814
8108
16612
4165
13111
4313
13881
1997
12822
3760
21757
15434
782
13893
8244
23578
9378
3060
5553
21735
5763
20927
2637
21181
1283
19439
5365
19126
3934
1140
11962
5218
21142
3410
25121
17954
110
12779
12060
11435
970
2608
6306
6062
1648
3219
1539
5274
782
505
12729
6702
3719
23281
4885
1987
11718
552
950
16011
25102
4776
6265
370
17246
6571
5633
24556
5842
3893
7525
4443
18531
1353
3952
16724
7041
4122
2289
19044
940
18251
10194
25028
6514
3243
22685
13126
17483
24761
5990
2193
207
9321
7823
14067
2394
20124
1705
9905
23803
3590
14637
4975
18746
23992
6835
74
20948
2071
20695
19204
2742
6746
15306
3540
21223
18671
11186
4912
7187
16712
11700
2405
8784
2880
7756
17960
4821
