779
2041
15935
11744
7056
24860
565
8530
5173
1147
17785
2711
24109
6813
6565
6616
20480
1957
3392
4194
6088
3820
21867
9541
154
8752
15653
8081
17200
428
8351
3114
15060
16344
22739
14735
5604
20688
5832
15996
19924
2415
12063
3708
10760
3933
22138
21206
5855
14307
19324
24182
6133
15293
3915
22900
6949
1139
122
1533
11859
16211
25294
19480
20202
6476
19410
20737
3299
16578
3193
6870
8126
193
24704
5797
1281
5256
10533
3556
19016
5421
6417
6777
6575
11492
20441
20997
22098
21915
486
2739
2476
2443
18804
19236
2229
25256
15524
3097
9634
10458
4053
5263
17290
21236
3031
3774
19531
4592
8086
21090
5124
8969
9923
19172
8812
14770
1538
8882
1226
9416
14126
5662
4513
2993
17128
3495
7421
3277
4413
20913
6809
16509
21319
4415
13116
21355
12662
23347
17934
23181
1873
987
24081
16640
3902
24825
5199
5773
6864
8041
66
16999
3790
24227
2495
19787
6374
22292
10890
673
3042
3786
4464
7170
22711
21248
10289
12716
15446
19352
2056
10975
2666
17937
20982
3770
15469
7031
4224
17945
2980
23574
3412
15765
25186
1392
4637
5710
128
11025
7951
17409
15604
3550
3040
7719
6601
8907
7241
24047
592
2970
1053
3681
8700
6454
22902
2189
4096
5817
5544
13586
20331
11269
23183
720
979
5603
20945
2711
10076
19839
17409
18795
8004
8090
19304
5054
24428
6151
18828
1921
17397
1768
2031
2379
12375
19437
7768
5535
15020
11809
3178
7898
18223
9048
618
19625
5109
1754
15843
7424
13391
16968
9074
4681
6324
25543
20990
6099
23628
9814
10576
7774
11317
1423
12477
2624
947
5904
2664
5437
22362
6638
22244
7025
12498
5533
2240
16398
7544
14611
10316
10847
14472
19663
1701
2444
5754
21882
24870
8843
4614
340
4622
21012
13399
7778
1241
5613
21569
476
18262
24645
20354
24800
20280
625
2564
5755
23774
20567
5656
23595
8931
24080
8670
3427
5122
985
6765
12580
5952
2036
24107
7441
10233
4762
12860
21039
23060
14160
17723
3299
16068
14859
1247
4111
15061
1987
4208
5700
15391
19737
24237
6176
6995
16401
7677
3876
16416
9384
11739
3684
24790
1788
24246
11613
5864
4018
15244
3232
25037
3853
18380
1618
6872
16907
10440
4517
15214
11846
16943
21409
16430
17982
16868
25434
20169
6042
6765
21888
1630
2101
3082
21540
5338
22400
3435
9626
774
14560
9749
9352
3636
10388
10659
10013
17646
22582
21832
22230
13069
25331
23736
5052
17160
2910
22805
7948
70
2315
17744
23894
16092
6434
1313
21298
22684
10685
13081
14754
9784
15857
1930
23160
4230
1962
5409
4919
806
7280
4313
7844
17235
24805
23987
5420
24032
11369
6668
5821
20520
1851
3129
3561
18528
11309
7010
10942
11677
6458
636
23932
13060
3808
13709
15923
23259
7135
734
22797
1781
2719
19334
1266
19939
16379
778
11177
1863
5528
15030
290
363
2852
7360
10919
20595
301
22683
22197
22044
7637
6545
17545
18151
23402
17965
15152
7910
19547
21934
3568
5590
2537
24741
505
4329
22514
19103
9203
984
312
12459
7048
13426
1944
355
14268
24763
17030
23241
4834
21394
2921
253
25252
23351
4830
3798
6527
20063
5772
16042
9242
6655
5678
5582
23617
6455
16469
3709
13588
612
5246
12698
62
4179
1069
4700
5406
17180
1401
11118
23301
1046
1261
11124
2045
10810
472
9644
3153
6883
3248
19467
5239
8347
13110
7038
17593
23870
20849
4946
3934
7265
17017
13187
20469
2574
382
4823
3525
374
11565
12361
1783
5205
5890
23129
21383
11608
17146
24585
16275
4812
22183
19214
9838
19567
5520
3225
15025
8900
8853
5948
12665
22243
23304
2078
5754
4099
1817
5149
497
332
5543
3899
15824
6942
7460
11132
19842
7771
23215
21456
22318
4770
5320
18919
6631
10899
2011
21150
6591
2904
2950
20654
1021
8379
2665
20593
19063
24284
2008
1013
22760
5200
1569
11718
4099
6709
20170
6393
19871
4989
7373
22181
25400
24874
21192
5650
6694
9381
1635
13129
6750
5434
9235
24808
16048
14085
19177
5927
19687
7503
24713
4104
3858
982
15934
12757
23897
6872
9288
1949
1967
3478
14497
6912
20180
5116
5293
15744
19187
309
5245
13375
17169
3309
17409
17823
4460
13173
503
13738
19684
16588
15513
9774
3062
4754
4848
339
24861
7806
21672
21882
3001
1707
7781
8500
17986
7292
11495
3569
18580
21617
19093
7039
1179
10605
799
15594
5936
3227
25204
25065
22101
6987
9135
4240
4916
2583
21122
16813
5964
8160
22646
22795
14439
3448
6654
21606
13540
11487
22654
5288
6775
7600
11335
2821
7791
3155
14643
17414
78
1745
6278
4404
13567
15858
24018
987
10429
7998
20906
22756
15273
1059
791
21379
22134
10782
17943
2513
18032
14021
8864
8201
9362
10731
6397
4002
11322
16993
6700
6418
1052
20709
8000
5663
4358
6045
3741
11805
4145
3356
13281
2295
18916
3331
5095
25258
6643
2080
10123
676
873
2059
4043
15774
2674
8986
12404
12131
2510
16980
10490
14831
2934
1170
23261
4370
24863
224
10531
13803
19778
2170
5396
25159
6698
15534
17045
161
8485
12130
4536
1484
16943
15738
3746
15116
12205
3883
21210
1209
21270
20955
20989
50
5296
9896
7110
3314
1541
19283
2567
11394
9159
23240
24628
24665
21275
21567
16322
4724
4439
12050
13359
14299
17350
24079
1843
9761
14455
17147
8030
9335
25444
4703
20775
5402
13305
9728
7224
25364
12058
16875
23717
7129
6054
18138
1689
19462
1418
22039
9925
4686
2428
248
6989
17250
5948
16170
22951
19596
2087
6597
4757
10570
22244
485
15811
2815
4539
16362
248
18761
1100
6617
10475
23797
2225
5727
22030
19192
4320
893
2925
408
15673
2402
8683
8606
10436
4652
20902
15371
17069
19366
4982
6282
2283
2547
3125
17298
20693
3618
15758
13629
6453
282
13986
12858
9594
6711
9109
17249
12496
24118
20663
4862
22740
6002
3190
10472
9163
18765
5851
17091
19366
6002
371
25440
5533
3063
6991
6324
6508
1712
8722
23811
5429
4274
3384
11634
1896
7175
4818
23225
24867
10353
17265
3876
4087
18535
2738
2753
4188
5612
4318
2598
18194
2771
13622
218
22680
25162
17179
13150
25495
2773
15794
13775
10317
23205
4371
15349
5465
24243
8986
4930
23965
25519
6981
21521
452
5645
14268
18425
17748
1688
1058
2944
6260
3847
3766
17684
2574
21159
21405
9765
648
4257
24647
4621
5810
1389
4398
3077
4905
3910
5316
15772
8743
20843
5928
14291
14022
14908
6131
19392
938
5072
744
10548
25496
20062
22602
2873
12439
6857
2246
21186
2679
5428
6656
4760
4018
12697
21821
2776
1163
14244
832
5259
1717
4169
2851
6311
1574
11913
6952
20253
23171
12204
2670
5327
3195
12887
18116
6298
15583
18353
5697
4810
20120
11117
14894
16851
7996
1538
7605
793
11671
8613
22977
8556
12707
3171
21233
16071
9270
11473
7221
1099
13699
17565
575
23564
13997
274
23993
7780
2760
20505
7003
3901
25389
20529
20675
5621
4348
5190
5574
3330
4542
22213
2393
18921
13378
7443
24328
23949
1059
11996
24507
2097
16600
10228
15599
19679
