4947
17906
3380
24496
8452
4595
23613
3307
17194
20783
12478
6545
246
24198
2389
21930
2715
13527
5134
17391
1248
2393
18552
20358
11247
10811
4140
3298
286
1917
23943
13275
11930
7038
13206
20026
5609
17773
7599
8264
5445
1099
5833
10468
473
5352
24708
1675
23856
6883
19381
15261
8300
654
2938
3753
20839
5849
20157
8624
8450
21144
4240
8956
5982
18715
4516
17807
1310
21817
2189
17237
4098
21940
24268
20936
4301
22234
5583
1116
289
12347
196
8453
11150
3761
24764
25197
23410
3280
2349
11479
2655
4221
24240
12540
21446
16865
1622
7085
4128
15187
13245
3024
6915
21304
11452
8606
23454
10809
1192
17996
23731
18288
3684
3443
6589
9154
1351
23544
4564
9565
17310
7081
1039
2744
22798
24403
3387
18178
1296
4458
13626
19680
8125
1890
24153
19071
150
572
6088
21648
18715
4502
23751
525
18398
23364
14900
5074
5022
19778
6239
25274
16699
14402
19940
801
24255
3164
18925
4764
5874
24792
5473
8191
7141
4864
16858
18876
10488
7443
18468
23537
16133
2079
15580
23984
5753
9147
7489
7088
11395
18526
25145
5850
1522
3017
8294
2745
11142
223
5800
11691
15972
15498
12060
2636
21603
4574
2321
7743
24265
23546
19620
1508
410
2886
5228
6217
23609
16529
4688
3521
16209
7832
19499
2988
21918
24734
7898
7201
15140
6961
20266
2752
988
16759
1817
8561
13471
17385
18220
21993
10603
1354
17729
22602
2436
15651
15243
12100
558
19493
10571
17234
6115
25026
294
22975
13362
16422
18753
226
18832
16559
10922
1966
16138
1546
3411
15179
1261
3277
5444
16002
2259
11630
4453
6306
7490
7151
18881
24767
16234
8060
12735
10932
16907
65
2380
959
360
4212
24366
24173
21071
2094
8516
2439
9160
2852
7207
2584
23454
11389
1499
540
19480
21323
20687
19722
2561
4113
5793
10803
10284
21706
15270
7500
2321
13963
11308
23461
2152
1597
24641
6899
4388
448
1816
2595
9583
19093
5342
3617
14843
1693
16594
6482
11174
17472
25509
15119
5755
6262
14943
18871
4008
17802
5776
20743
5598
11133
3611
3722
3309
16522
3207
23532
456
17581
6916
2871
5168
14064
13822
12955
2928
23262
725
862
12002
10831
1463
1181
7693
14771
3164
15480
2584
3040
21100
15289
24114
21652
8621
2698
19391
11424
25488
1791
24633
13791
5303
9035
3846
11634
17439
12492
9882
3308
584
7349
14809
2850
16806
6833
4651
3848
9367
16617
1865
261
16091
4821
17324
849
17285
6554
2070
5155
9524
16924
10298
5965
9484
21314
7840
1094
21167
7763
19649
23798
6276
18422
3126
15327
3142
22574
23750
7489
23205
21551
17946
16188
2075
19495
4507
18830
7995
21683
3417
251
20738
3992
5381
1807
842
5575
6722
24605
20906
20761
3247
4485
6204
14005
13587
5964
10522
616
2858
17988
17993
13476
2943
8170
10416
7596
6942
5543
15496
15950
7983
15568
9930
16263
8923
3694
21036
13121
13753
20414
3318
24253
21195
16487
1338
4871
11602
21994
14303
19031
1870
11290
16264
24387
5713
15562
1378
6519
11254
9177
25444
10219
5722
20856
9825
3385
3447
11932
7929
24225
315
12434
7930
7440
19030
23363
1871
21900
15339
13985
6271
19163
17055
12330
23998
4778
14914
3180
20910
8190
2225
6985
6926
16216
17730
2214
3998
496
20574
25239
17599
6402
23374
15460
3335
8709
24315
5070
1682
24796
1186
18064
1688
2457
6266
4279
5384
19411
17360
21231
7489
6265
24764
3518
11142
3733
1207
2139
25105
826
10119
3969
6031
16510
3289
2367
10836
17140
15647
23480
3597
804
2064
3107
3379
4962
20393
23150
10391
18702
1771
16226
14379
18282
16248
5138
7301
2798
6285
17759
24008
14123
3711
4985
14831
3883
11607
6178
9883
5631
20410
327
15946
4400
5226
23542
8490
2767
6431
1049
17548
1939
16816
20245
12763
5066
3455
16391
13818
8658
12055
7793
481
838
16625
6992
14630
3453
12376
25273
3579
3307
17197
8454
8904
22704
25297
4315
1492
6378
4161
21290
322
17860
7594
23554
23026
16930
322
7213
7113
14795
24987
16718
3807
3495
15089
15785
3293
11864
18882
23550
15080
1298
705
16771
9001
8273
5837
25483
23256
6290
15379
1450
24849
215
4538
7168
16531
7441
15235
7600
16588
9299
5982
14124
990
15196
14380
24613
5997
13106
2490
24764
3854
21469
14987
14547
923
6464
16130
4850
7303
24103
3340
10322
20662
4927
3579
5094
13663
15870
11166
5796
414
3902
5128
18986
8498
12994
13350
17464
9691
14787
20167
11005
18491
18465
22079
14353
22247
20839
21661
11246
5445
17548
17139
12760
3029
9563
20858
12979
18372
6874
7583
6341
2525
1107
23356
998
655
22923
1862
2059
21418
8150
25050
13404
11155
6888
346
12609
6536
5771
7806
6342
5684
4436
5555
1059
10801
19038
1173
13662
18390
1422
7455
4627
24831
23744
12518
11789
4770
21807
22557
6255
6221
767
23078
13991
19569
25169
10239
22015
5987
4785
16618
763
19983
4510
3108
2114
858
25442
7968
13760
17777
7876
4624
16111
20279
23290
6383
21121
9825
2970
14162
19526
11234
16695
11207
11187
6813
4124
4602
6269
5131
15951
8043
21535
3524
2857
5879
8160
12064
11850
4327
3547
4106
3570
13083
18059
23502
4171
22194
15132
24896
8830
1102
18602
1506
5241
2577
19798
17824
358
22045
10725
8821
6407
23948
13930
916
15445
4555
9547
1357
10428
6356
22366
14210
22292
8559
7754
20156
1882
2688
3505
17101
7148
6043
4057
24060
1438
1395
5412
15733
3163
4449
6282
16275
6965
24407
4903
221
20223
17251
24146
7520
4204
24493
2082
2936
1372
19509
6092
12216
6184
8989
16139
2783
18667
5980
25361
11332
1814
6411
15548
12701
6962
15974
16748
13985
21144
18501
5211
13275
18500
23737
2205
20402
25458
23697
405
7117
3582
7068
17608
18106
1512
5554
11802
14722
25507
5311
17434
10356
23235
14333
15907
4643
4745
24003
1862
12105
17887
6343
9153
20829
2714
23825
12544
13182
24323
25464
7415
14429
21020
17952
5045
6915
25119
13405
2100
3542
4717
2872
4471
18938
7672
20305
21240
3712
23853
16191
10885
4438
660
7995
1869
23743
18033
8196
20130
8357
380
2073
11572
3379
7311
2316
16524
4389
6684
22516
22316
2088
578
25054
5108
18617
11964
13940
4458
5823
13456
3602
3661
1187
382
5328
21465
13807
5870
16821
9806
11994
2069
7773
3074
5276
1610
6920
3903
23492
23545
10291
217
1117
22622
1403
3408
7272
10957
8396
24114
23137
11874
13868
4004
3381
9597
116
2063
6329
420
7553
23129
13882
3401
14799
6683
13319
1414
18464
8105
5945
5515
10368
14836
11518
13284
16525
14282
6524
3108
568
1986
18785
8305
25455
8198
6687
8171
18006
3558
4094
4981
20364
19490
19976
5576
11864
12652
7749
20417
21553
6275
12132
4239
7359
8591
5932
7593
80
14642
25100
7063
3702
11221
4877
8243
401
10718
4924
6813
2575
14814
4230
21086
13097
7557
20041
8123
3962
9335
25517
23231
2939
3081
2128
610
2213
9497
9769
6203
3783
4873
871
2984
14706
17467
10146
1016
15434
629
22758
3769
12074
19143
24032
15600
159
12388
20116
8467
12577
12471
21352
23675
9391
4870
21665
6292
12301
3593
6520
4173
15627
1874
22735
24036
14002
2691
14046
24815
7120
23542
13920
24258
22935
19971
5965
15405
