1483
22816
14047
4476
21770
6735
2038
359
5326
9984
16311
20666
12717
5520
2841
6234
10651
1541
7170
17497
1401
6003
2182
4332
22914
21659
9169
898
7446
24478
8283
22149
6773
19864
11176
24642
2925
8939
21653
20909
690
7477
5621
6120
16308
11572
10874
24645
1476
7986
4926
4437
16832
4566
19624
4967
9407
3514
13397
6878
17905
19762
7725
17029
4073
9477
6845
6751
24025
4335
2034
15515
18769
2629
10547
12173
10103
22452
6446
4892
14086
20988
12934
21716
6636
8935
21629
15541
21703
23320
11006
4098
10215
4010
17495
24994
25128
17554
22299
5118
2813
1315
14138
2860
5149
11651
6282
3382
22414
387
21842
21609
17399
18241
4249
13455
15236
15615
20210
6596
8205
1562
1910
3691
4564
4129
3433
3179
23417
20676
4008
6752
4418
6239
25338
3391
24000
12597
20930
4534
6893
725
14842
12895
4017
886
8110
9474
23079
8172
18024
4887
6685
10036
5872
11304
4603
1536
13409
23448
8893
11854
16904
18733
12327
12913
22794
2972
6466
3367
11441
2273
2994
7422
25056
2312
19485
19369
4826
4948
5385
1301
1467
20806
9247
13222
4463
19882
5076
4961
13260
10222
7783
496
22103
9777
508
9470
17456
18331
2127
5829
20390
10302
11603
24756
10150
4466
5280
9276
23748
15113
4473
4294
6074
15719
2650
24465
6637
13116
20732
10363
18104
2665
4588
12460
698
1421
3422
4237
3985
2620
22240
25149
15762
4340
21053
15006
9784
17432
21484
20999
12359
16926
2886
24362
18181
7263
844
8169
15844
24096
2458
4662
968
23431
3743
24307
23031
6266
20645
3631
474
1794
7049
17597
14575
20040
10618
22369
14335
23040
20657
23016
7268
7364
17496
1597
7797
549
12433
10633
4523
3871
23268
23852
20782
13383
4285
3562
12032
20267
17337
1466
12573
23558
22527
21165
17637
22087
8605
9133
5249
19355
4546
127
6979
7173
5213
1532
1281
2177
7733
3412
1552
18051
1399
22104
6827
2446
25176
3424
5168
23257
18577
18630
7347
4532
5204
24826
9128
2519
1430
19604
16658
20932
23970
19108
8063
20567
15815
15236
12463
9929
9865
11070
5001
17746
9745
2628
10710
7934
10820
5890
23722
11311
7689
5189
4982
7127
13868
1163
22638
13376
2986
16064
11698
443
15188
6540
5247
2742
24394
17244
16616
23344
7278
19748
62
3099
24760
17837
20045
8812
20336
13155
6924
4121
17153
4047
16358
22542
10536
4564
9642
2949
25203
9942
6380
16181
3581
7296
20684
23497
22429
5872
9270
3642
8692
2825
2850
23585
10238
5466
9915
4225
5340
18233
8711
8810
4790
19753
3311
3961
10127
7555
3654
5106
12651
3538
7473
22467
1750
2581
1849
5149
17736
6578
9573
4962
17074
23012
16885
13670
19080
17996
11632
16890
3042
4975
1126
1365
13929
11446
9496
4620
18484
6421
21690
11893
2836
19337
5415
1084
16937
4604
10805
17625
1924
10457
20308
10459
22837
2798
7384
22841
22287
357
7592
20249
12464
10190
5407
14354
16974
1928
4020
10310
25124
17441
6354
6210
24113
8682
7218
1215
10861
5379
2355
16009
15568
6543
2298
23236
7172
15811
25031
18519
7283
15888
3675
4376
19926
6821
729
16503
6317
1442
8795
5050
2942
18481
18280
23738
22871
8466
3196
4650
1505
6143
16830
4551
17329
11438
2007
4657
463
6269
13203
17174
10551
24236
336
8315
2428
24354
19327
3903
5251
14454
7349
272
7059
7629
14538
3632
2020
13829
252
23970
23438
17265
23513
4004
15195
6845
2175
5085
16835
7728
4514
19126
19508
4891
3566
22083
19196
2946
22249
66
24400
122
3403
5382
10490
6625
4941
7129
17180
3457
21579
934
3790
21729
11653
18566
585
2125
9173
4111
21083
22833
18803
8059
5152
1225
21089
19180
14535
4868
23422
22812
3460
6774
24286
17273
2692
20770
22935
6169
20259
5089
8544
6514
20698
4350
1540
3457
14143
4530
5733
12068
1715
8629
4788
17075
20462
11087
623
22388
14723
3105
2140
11807
297
851
15462
1683
22155
6133
20122
3698
15963
4837
17116
712
15824
10049
785
2947
14590
19639
5551
4894
94
11396
4149
4304
3644
1271
15363
5217
4271
1527
23331
3294
5437
5091
4123
13703
202
898
4409
8149
7107
8599
21362
3369
16399
12703
11438
15952
9794
14741
2226
18474
19304
2649
20396
13863
7631
2349
5837
23152
20373
9671
15286
20603
4059
4200
1344
11875
19052
1237
3842
449
16705
16945
11776
21783
7722
6294
22764
2964
24062
13542
24098
14042
16939
6997
18754
18464
3449
17636
5193
17049
3741
2245
24702
16191
12254
13707
1661
7483
24432
23425
8244
64
3741
17667
2453
21358
24339
8394
15005
10192
6938
23477
6485
2119
6950
10528
17082
11056
11206
15775
12175
9585
17129
14217
23538
2419
11434
14586
15903
2868
14922
12628
1876
6179
16760
22186
2140
16645
18787
20237
17579
9118
919
2708
10385
9468
19841
19497
24401
8223
1926
25490
23529
7076
1247
5785
346
19245
10416
14997
6041
16578
12687
6952
3722
19948
7594
104
17600
5712
54
1177
10730
20495
13924
24160
22178
13706
3970
5532
417
10151
3037
949
5197
6802
18915
19117
25332
2551
8856
14277
15647
18080
23630
6241
5292
15156
13673
6597
21156
3164
4512
3345
23702
15737
19151
13287
11819
8956
22606
333
19525
667
3826
10841
15932
523
3395
14595
21390
6769
22792
2344
6574
522
4329
4923
20
123
5035
288
12316
7061
1167
11668
4082
15608
17201
10179
5795
5663
24227
1079
8767
12731
24433
9393
10647
11004
6647
1428
691
11604
19273
22154
22470
9953
715
17413
19619
10617
4756
3653
14346
6457
22613
9130
14010
24416
6887
5760
17794
5033
6388
2934
9769
4652
17607
7142
4380
785
5748
5595
2557
13088
14219
12744
25239
21161
13168
16227
24747
11330
4656
11603
1298
10556
5047
5928
835
4454
7048
7538
23173
3053
15938
3151
15003
20330
3489
1829
6738
3559
1519
3605
6333
23736
7324
6028
255
3604
3720
22993
6922
19721
20313
17521
3668
22826
10268
3426
1288
3795
5394
6324
17444
1049
17717
586
665
7080
4139
18627
21830
218
14846
21368
380
6888
14699
3086
18585
19713
20241
10416
10580
11407
3751
9115
6592
1349
3599
19174
6554
6635
13528
9618
19771
2134
223
25203
24832
1651
6948
4337
8295
6221
2751
2636
15062
7830
3277
3073
14655
2441
2838
48
9162
11119
25053
5206
22190
767
6860
21602
2290
21013
12001
8301
95
14968
4904
6686
5239
9655
4731
2187
13895
9596
11735
6024
20559
22598
21853
3225
8581
6948
6584
4503
3302
1832
14279
11690
17386
4615
10805
2821
1400
23802
1418
9796
10288
9842
1948
499
11007
23899
21309
10167
4472
299
24266
8216
14351
5387
4540
2823
11251
24430
4490
23734
21057
19214
16293
3701
15381
1999
733
7763
11555
12064
6044
5045
20417
13588
14476
20028
7288
2758
16677
20495
2441
2907
10278
2130
17625
3357
260
2820
17262
740
18845
19283
19428
2442
1068
12649
23070
16552
22117
10373
1920
6479
919
1365
16870
3994
23861
4257
12057
22940
3844
12748
17405
7498
3309
4546
2467
3417
8597
2370
4742
3651
22600
5576
8227
12736
24333
6339
5322
11741
16627
4494
1959
11311
10350
22586
2252
7730
2085
10319
1415
24457
19274
23069
20597
1975
24286
19397
22838
1776
12882
6097
1055
18994
5276
20659
20919
14713
5178
5372
12768
11259
11434
7769
2853
14410
9445
10483
3110
2521
7037
24382
696
367
17640
5403
3472
1921
22920
12352
17937
3517
