4583
18124
8526
6748
14016
17652
6090
2548
15963
12468
6896
5661
6374
11003
19060
21104
5318
2690
19787
17606
897
12505
16483
16726
398
14314
22404
5238
6201
5562
7159
23683
22111
7728
6347
4716
17527
1730
2278
17543
23899
14302
24650
6950
21585
20463
20278
297
2528
21139
7108
6217
12646
3128
1137
9084
10061
8745
2243
16206
4634
21814
14860
4425
2678
3720
141
16784
7262
4072
12017
6534
16532
21449
6717
2395
12473
3596
6824
13084
16298
20440
23105
20438
7078
23255
20582
3715
5744
5579
21709
19005
17777
20060
2565
18416
7326
11090
20226
16308
24833
19520
6413
5628
8840
7476
21255
17848
178
22098
5844
5683
8403
12041
24403
21867
21425
15843
4993
2981
1594
2820
5973
5749
14948
20993
10874
7611
22459
3790
4113
492
4561
4543
16522
1636
6705
2311
3450
11700
22255
22956
5875
13739
22631
5323
16737
24927
3442
5567
6218
3845
6245
15135
5978
21315
18128
3435
5807
2921
18007
12378
18715
15545
6358
1100
2419
5091
3496
23381
7123
2425
1646
2134
15876
9103
20694
4477
22448
2128
23079
903
5434
1286
1130
7760
1657
6864
7695
6185
6158
22700
13137
3548
1536
330
22703
9568
9757
13916
19543
16782
14743
6746
8635
4941
2653
16443
13601
11741
14547
7993
20962
1039
14563
21327
2144
2620
39
21854
12865
853
25265
14248
10639
4135
8474
12168
11433
13590
9520
20354
4433
14407
3439
3088
6197
2023
15082
18529
3153
1908
15219
15040
23330
25438
10967
19044
5184
8763
2977
18380
14013
22601
5460
10342
4089
2723
20696
4384
23419
13424
21974
3999
573
6213
10592
935
10045
16756
20091
14567
11214
13748
4798
12119
14385
22208
6623
5866
4427
4196
6742
4822
7610
2878
14745
1971
7188
15184
3186
15943
1970
205
17933
910
11914
5790
2286
7871
4940
1500
946
20057
21488
22125
16424
4702
2254
25390
8053
9600
3024
23635
2018
9910
6797
2520
17182
3774
2679
11920
2649
11258
5205
17753
17717
5223
4465
14074
4803
421
6553
1600
22900
1372
4746
22113
12257
14342
14808
1344
16247
8968
2415
5007
7053
23790
8023
3887
4318
17665
4255
19698
16776
3846
9156
6148
25077
5737
4196
916
6371
15422
3410
24015
3668
6942
21151
6654
7203
13622
9170
2293
19605
6346
9416
4814
1723
23987
24446
16744
2263
7340
5500
16275
1240
23499
6356
23984
1897
21994
6064
25525
22295
18511
14783
4761
8495
3038
16163
21877
7109
24290
2363
9233
4487
24083
3551
4790
371
11864
19741
5363
2506
22004
2001
2897
4793
18240
5709
22109
2877
6298
3270
17653
22362
2731
21885
5450
20656
5330
17038
9892
1316
18872
6055
23273
10235
13530
2571
3046
8507
4873
7014
23101
1935
3492
1810
948
8542
18040
7069
865
15512
3815
1797
145
218
21213
3962
16774
7024
12899
1950
5566
3047
18970
898
3667
5191
11684
4295
14084
449
4310
15594
8784
3018
8349
11485
815
24716
3515
4710
9526
25258
17748
9361
22963
5789
23299
372
23845
16522
8588
5549
5898
12628
4558
24054
24268
10292
13649
8302
3365
3487
2184
178
15868
13615
11059
6324
16679
1825
4573
23918
15600
12353
2281
6465
6864
10796
11066
16033
6420
16024
24314
16918
2078
24971
8127
16094
11622
4813
5230
19544
18159
2907
10828
1212
15789
6987
2673
14650
5986
13964
2016
22593
2762
13204
703
765
1999
14213
10310
21133
4277
21621
10033
19692
5450
22225
24150
3211
6869
17102
25408
4830
23809
455
4007
20618
3787
16491
23339
22810
15800
5930
122
18787
4057
15296
10874
23817
5449
2279
4984
13085
18978
140
5094
17554
18235
10174
1509
2472
1984
819
9024
20194
2109
14303
8463
15012
2305
856
5665
810
3564
11847
23500
21391
3229
22396
24977
25006
16366
17682
6284
13133
6568
499
3090
5040
888
11048
10982
14642
5331
2629
9471
6869
16705
13288
8999
4619
6634
718
882
515
16215
1955
25476
22891
544
21884
22797
3068
6438
21265
23694
570
12294
22343
25070
370
6593
5232
8771
24021
8940
1621
5395
21008
16613
15658
6853
4310
13718
7563
21674
24647
4077
6662
12185
6626
12584
17505
7485
5750
7522
22865
6402
7632
6735
16227
13726
9074
21178
328
160
5858
21232
8044
24739
3789
7217
23023
19654
1618
495
3817
2658
1436
3143
18177
13703
8929
6721
3970
5964
6284
9559
16006
437
2506
13343
14572
1095
5541
3136
2164
6890
20842
1364
987
13276
11242
14054
20850
15811
18559
7708
24645
267
9999
7323
23150
10597
2241
6789
3264
6973
5063
18892
10626
20471
10158
17298
641
2660
20986
7603
14744
1484
605
23290
19861
6204
17439
24320
10749
12958
17204
12347
1408
21977
369
1710
2871
123
15496
23984
2784
4710
876
25477
371
3121
24412
23734
6907
17577
22422
395
3860
5614
5850
13516
57
366
12937
12414
10908
12209
19654
11424
16637
349
11608
23951
5974
2925
13822
5694
20850
2389
23236
2868
2272
7057
911
3237
16753
3178
4531
3764
24465
24650
4548
13098
2726
23749
4440
9345
23000
5811
6023
43
12721
19325
19212
8035
13693
1689
15294
21241
4770
12337
5215
6503
20883
8864
20980
12096
4207
2358
21998
8969
16862
14658
2796
14141
17985
3884
15286
4046
6916
5860
5850
840
13858
711
18676
6301
5421
9845
3325
10700
23882
19703
5669
10062
22406
1548
3784
2697
3654
19629
55
1954
3212
13825
5075
24949
5066
1482
19526
5723
8090
19008
6536
1598
2462
20959
3608
3618
20665
6306
14074
7159
91
4043
12227
3450
423
1720
23370
12915
14815
14229
18955
3083
22198
11059
17465
4789
12265
6123
7610
17843
887
6409
15633
21229
13718
1930
20521
5045
24333
4638
12766
5281
2632
1395
7160
250
8512
13513
24348
6117
2643
1641
4005
5574
4888
11596
572
2056
24321
1979
19190
5863
12604
18498
2488
7507
11796
20135
12015
10091
4874
12881
17371
1564
18938
5906
184
1343
3747
2568
4326
2040
25175
13790
2622
4322
928
4401
4359
19759
13057
503
11883
2532
2971
23656
21880
4886
13647
22880
6353
5455
3717
758
4093
16307
20000
6256
2502
2209
7028
20062
17257
7820
149
735
5649
7076
21508
2083
3950
22521
6958
7638
25400
5954
17574
6783
21301
12158
1618
10222
22639
1571
23878
23665
5382
6012
521
22154
16619
18171
11907
9980
2400
24883
25519
1672
2229
19670
6939
4547
1954
2317
17878
24028
17358
12456
5181
1770
4662
22595
11062
5920
5385
25271
22901
4143
8465
12706
8001
5857
13663
22924
10104
5382
13647
9344
19057
10347
19692
17074
23129
6090
6323
11305
8664
4553
1911
12939
4109
804
3156
16911
5990
17354
17494
21471
14908
15827
1988
3778
18833
2527
17979
6368
20566
1082
23096
6449
13191
14997
18026
1518
6741
21138
1305
5051
24050
812
13312
21850
21390
15980
13372
6695
3395
2697
18002
16996
4786
2870
5899
3112
4016
15377
11669
7535
20557
22867
19109
12231
24067
23853
17220
2536
16419
22274
13220
2830
1358
18820
14566
4646
18775
21245
4642
23478
11205
2029
18666
22298
17452
6199
12731
21904
1933
5833
773
16495
3464
3683
6593
6496
18567
3285
2770
11474
14146
5665
8125
3882
3594
747
21694
8533
14333
10518
9978
2340
20899
6469
22339
5807
6796
6508
13140
153
16462
20849
11276
6711
12115
5808
6571
18055
12670
1665
12930
6872
15056
20351
12165
9488
785
10967
8751
6249
9846
1415
5901
510
7586
23201
15297
21783
12441
15522
25117
3652
16616
3634
5346
1004
7215
2162
