10751
13040
18652
5817
15411
6866
324
373
24172
17135
18850
112
24721
7095
12434
19322
5389
9431
21005
15901
719
11410
4525
16469
24716
18409
3313
4573
10005
27
5878
5309
23905
7151
6540
1771
6739
7863
22116
7376
8625
62
6007
7177
14321
6836
17124
14903
11655
13259
5698
2062
1099
15258
10437
12495
23181
17732
1649
21511
25311
5961
778
9402
19428
858
10387
5110
5789
18842
1523
2521
24360
2147
24955
25355
4947
3827
693
1870
6924
7604
14287
14696
2864
2708
3609
247
8257
17913
10326
22944
20659
20714
18604
2663
6471
4719
5484
17204
25120
15575
4766
21706
10813
8249
14101
8279
15957
2628
14324
8291
24904
2263
2922
14309
25150
6853
2075
3746
9664
17437
17929
23538
7182
587
3917
8772
10532
13109
16377
23144
6308
23231
5108
4188
22264
4850
1281
2424
17645
16908
1653
13071
17378
1562
13503
10605
22992
11928
25430
5154
7776
5473
3859
3327
12451
23949
16124
20267
8044
3960
18371
24495
16505
17537
6840
7708
5413
2181
1365
16193
3863
218
24866
11673
18039
8024
13099
4170
4541
18198
15182
6531
6810
24203
4046
2586
14935
21543
7093
17005
24498
4276
3296
6289
19159
23594
8670
15295
25504
12348
23811
19556
21325
6198
9426
15658
11575
22275
18106
15516
1425
9847
1970
4686
5504
11958
8862
1237
9489
6143
14382
2501
3522
24822
11995
2781
4960
17319
431
828
11066
1851
7206
2674
12968
17626
6454
20438
6112
6741
2973
1550
3422
20025
116
16187
622
25324
3244
14119
7186
6801
4400
3974
3413
1619
3486
6282
24720
23620
20846
23909
9044
911
15637
12022
7326
11688
3342
4975
4572
13058
2161
8400
20379
31
7472
16018
20029
13627
24856
2900
3001
3570
3772
3093
575
21824
18594
3814
25502
18477
1363
7373
24468
1642
9414
12256
23747
18388
18581
4535
7776
11092
15675
18361
24006
15962
5595
2619
20503
7987
4062
675
7998
25509
745
8832
20535
3238
16329
13135
7066
1295
24640
25389
13315
1508
1666
17100
6925
513
3078
9127
14905
19535
8851
1035
5780
18937
25053
1848
15331
23212
18566
12900
17044
19911
11039
17446
6930
14806
4886
17541
124
24565
3874
11825
13324
7089
3659
23913
20051
6191
710
3063
19652
8250
7022
15292
13821
9510
14617
4955
1321
24891
5997
10507
8602
15760
4713
16003
18003
18086
8630
2133
22910
3993
3296
15235
13224
1312
14109
13750
22424
12719
13496
23516
6615
3312
1146
5188
14331
4513
4940
1257
24522
2324
22216
24648
10195
386
8343
8130
4697
23823
3101
12092
22246
6511
12684
2313
18002
5362
551
16763
613
17350
1423
426
9508
18230
2039
4085
22492
4391
10329
7561
16281
4936
19428
11711
343
13820
6620
13612
3477
755
12662
21490
5320
24349
5355
21611
16439
2105
19838
13874
1379
8239
10327
10891
12824
2648
15049
7094
4560
418
3132
5978
22631
14773
2548
10017
6565
25136
4350
3315
12585
3279
12741
24654
6574
569
3719
6945
13470
5439
6728
2471
339
22654
14824
17478
17665
2742
102
7554
8542
4122
8659
5952
7576
11946
232
8758
7270
23362
640
4333
17468
14828
2318
6588
22157
325
13938
7041
5131
16489
18169
3570
615
16067
9584
6490
8482
4715
6310
4063
634
21191
13723
15080
17215
3938
24600
13494
4585
21260
14853
5654
1784
5947
544
1525
2727
10371
135
21180
7396
5471
14458
85
6912
234
13014
16961
19085
25499
791
930
3340
12203
25386
6382
15656
22053
6075
13364
20679
15119
24376
1730
2050
3773
20895
1791
20903
12058
12164
7004
5270
6265
8665
5715
22384
7006
1595
16879
1257
11212
7146
7871
1038
1192
8747
12918
16052
15379
22292
14032
6647
17769
23031
21581
16440
19010
6007
19966
1943
6687
3246
7585
7456
25451
4931
6921
15293
4578
4675
1479
21486
4411
3542
7047
9036
6853
10884
540
15347
15157
3691
4655
6397
25545
20948
1265
4912
13121
24112
4545
18464
19368
15889
2310
24472
2285
23623
21060
14233
17495
13177
795
6099
2167
2606
11999
8046
13241
4149
20507
1307
3444
2396
23536
259
18337
11939
2632
20489
4126
6823
773
2822
426
3371
1595
21378
1615
3218
1929
5836
6621
5569
10118
6987
3235
7883
4901
6056
2627
13788
20367
14451
11344
25362
1559
6678
25366
6160
12810
12071
4522
4212
942
6014
18603
8270
21250
19499
13586
4199
21396
280
18273
16476
22939
8824
4730
24841
20970
1967
17211
1242
421
24349
20904
8164
20902
13189
1017
4688
2538
14327
24998
24315
6669
7627
6107
9191
9585
23942
12117
8781
11417
2543
24372
6101
1842
1561
9081
13302
20753
11133
24738
17237
17450
20517
5040
4994
1401
12854
18140
3194
24548
20087
8911
660
2884
7662
13377
5091
8084
23427
20130
930
18469
15551
13022
20114
2260
6242
17062
22422
13851
6900
9331
15970
13601
16333
22169
2565
17966
357
13056
2696
16754
5684
25172
17882
16690
3943
16321
18320
16032
22944
11429
21128
7140
7744
21491
424
8485
12873
23828
19259
850
15617
4143
4356
12751
8566
1599
7696
15951
5182
7549
6137
6321
3927
2542
24025
14833
14696
7204
22309
16497
11211
9042
13252
24041
7586
5174
7221
25068
6022
15474
20280
2373
25131
552
13034
22600
10542
1745
21585
947
22188
14398
21794
7735
2244
17262
19818
24359
19588
1912
6596
8940
547
19543
6930
940
1728
1467
595
14525
4845
1777
25258
715
10727
9922
23678
1554
19041
21088
92
5923
11547
4422
19847
4531
15068
5361
4429
4870
18465
3698
10161
9167
23351
378
22487
17135
391
5730
834
21357
1184
12584
17883
5577
4130
5346
1260
22889
14601
23307
20922
25436
770
1329
1369
3819
11604
21271
4108
1490
2041
10249
22641
16552
8166
23648
5729
4467
1246
688
785
8027
21586
6665
5314
21152
20639
12823
61
12136
1268
6934
14446
8672
12136
23231
20240
14585
17378
15572
10698
21159
10195
6478
17419
14199
1915
14083
20772
9474
3599
3612
2377
19156
6848
2896
14797
13449
834
16359
3609
9802
3343
4845
156
1137
3969
10171
983
237
8795
24446
14017
25344
864
1089
16848
1492
9722
10973
2510
4075
5014
22784
16759
17223
1614
14763
2602
1140
3820
16510
466
7072
6731
15576
17578
3079
23871
23970
23102
13619
11322
9383
5798
6286
14003
19095
1583
1492
20179
4511
7678
12956
8452
2494
2230
13945
23307
17387
10457
1296
17465
4439
14188
11567
17390
2792
2419
9130
23010
11790
3784
25316
1363
13899
5192
9331
7413
3559
5013
24627
5636
1393
3982
22511
15125
5710
13518
4622
21857
5971
5611
18058
17088
24499
7959
14525
6631
23198
8865
1116
5204
2753
11552
22500
4507
6736
205
8507
21110
12359
22305
10241
20219
24487
15411
6467
20752
20469
8919
1044
7331
6687
4392
17320
1542
16890
5213
23517
5959
602
16301
17348
5443
9740
7397
8746
4361
9622
2692
5335
13021
21273
3072
15884
3560
14931
2393
2246
12010
18621
6841
5768
13419
228
6694
17973
18954
7626
20189
4335
12326
9831
20637
14378
13011
3415
1479
3958
4671
5901
651
3124
22930
22640
18890
24759
9811
2914
10714
1869
24642
21109
20144
8677
24749
1849
3298
4172
2701
13534
17943
8282
20643
21942
1279
4911
11844
7579
20418
11585
3675
6134
5979
3343
8862
25019
1300
3435
11185
6044
11721
24437
12453
6867
23541
1474
9538
17619
5191
12852
774
2287
12896
15690
20530
2633
19587
21944
5819
7604
8775
18815
19532
15727
6630
5629
10676
20740
32
463
3778
3544
301
10860
11237
7933
11759
6751
17813
22755
17669
9992
12154
23480
2863
1355
25260
10345
22271
1785
22546
8928
447
3658
3136
1570
14556
4153
19054
18359
1123
15368
3517
1933
24266
24174
7681
