17243
5918
9092
18533
4963
15415
17213
116
14961
24618
4675
21063
11012
19671
24357
2653
15337
2754
20651
23890
10285
7142
25517
23843
16766
15231
17018
7976
20916
4657
8804
4316
11156
15352
2348
6747
2409
19817
6341
17874
3343
10851
13296
16552
2888
20672
7634
21876
20225
10662
2892
16128
10776
10076
5130
407
5988
4562
5896
4423
184
1314
6277
9565
20433
7946
5511
16541
4946
23380
13130
151
7102
8868
210
4981
3549
1818
1679
23115
17058
12938
23163
12111
18708
825
7246
19615
2316
22946
16449
234
5902
5742
1914
22870
10470
18269
3442
17247
22289
1264
12236
9866
3871
7230
6184
22568
13248
16100
768
5074
3003
3091
14410
16642
13784
4650
9292
1374
4331
10702
4825
23583
4538
22647
7092
1804
3031
6160
11777
5382
18709
10432
