12991
20738
11970
12130
239
3391
14224
19686
21447
23280
11996
13923
24128
4497
3287
4062
14127
3971
10405
16478
19072
10638
20066
18394
19699
4050
19714
17302
6951
792
23989
9534
7257
2592
4163
5919
7236
5343
1580
4537
3972
1608
22986
8761
12511
16797
14877
24366
5606
5850
12971
3497
837
8794
9842
5245
3051
2181
5168
3777
10208
6999
25406
4179
16985
4537
2106
2696
15950
6786
8974
21597
22278
733
4707
24775
1163
10739
25343
6323
11546
5006
13704
41
1870
8442
6985
3000
11002
783
20094
9575
21143
21338
2842
25438
19797
18779
2864
2369
8288
16777
23287
3920
22576
14350
10283
1159
2538
18741
1200
1022
1534
75
1460
23254
14164
21551
22925
23829
14288
21743
21926
20176
3871
2470
23761
10489
9757
6529
19895
24709
778
6419
15017
6723
3870
1212
21897
24751
12859
24074
1679
14005
1305
2255
14302
8278
13411
