14885
10406
1751
10430
10072
17906
1114
16837
3318
3223
23570
14514
22537
20428
23908
3994
13459
14854
7198
16230
13907
13951
5431
13074
13070
13269
8496
14288
19247
2701
5396
18775
9376
960
5021
25089
21213
15247
4045
6662
3445
5523
24680
3856
2133
70
12644
22107
5806
15210
5095
17264
18340
23918
13122
11312
19682
6093
24695
589
23137
7075
6566
4733
20693
8735
1260
25213
2846
12514
18416
2014
5266
488
21651
19368
25511
6798
12173
20603
3155
1335
4017
2563
16373
21947
472
9703
20515
24557
23534
7041
7201
7234
23936
22904
19278
15933
515
20682
13528
5444
279
4519
24212
4466
375
6644
21486
4869
5534
20651
613
12828
16498
6573
143
21040
20956
16219
22813
11367
15457
295
12325
10228
17648
16906
24784
21181
14469
5020
4342
9751
2139
13821
8549
6603
3057
4307
4488
15074
2876
1392
24075
7487
17121
14701
14563
17741
13285
22294
17642
1993
1784
10727
8268
17714
4311
16073
7714
6810
9479
20941
12159
3011
