1152
990
24485
1457
16467
17063
12055
226
15369
2681
20859
22365
12005
1681
22785
13221
11901
491
2343
8942
7154
9054
4823
24807
23664
7854
22975
10352
17336
24007
4012
20673
11504
1274
19555
7244
17617
6061
6123
13402
542
16502
20923
22511
20642
3665
3932
14628
1388
366
3376
2580
23463
6403
20509
14952
18688
12645
4952
404
19562
22413
8295
2856
5205
8758
10546
20847
11471
22145
3780
6894
5309
16090
3787
6921
22941
12002
4839
16299
3270
15011
5293
9046
12634
6792
19558
18994
982
16877
22770
4102
18060
9271
12831
17707
23399
10715
15998
6282
3492
22309
13390
1998
2865
8228
11182
10036
3650
3058
24351
469
13887
23450
7557
9559
4680
2762
2223
24389
23031
19208
22512
3930
22255
21983
4593
21105
6932
18099
5422
13135
15304
16314
8860
10503
1028
16297
13980
17275
4033
10068
22963
2502
16969
2944
4284
1830
12991
3165
3394
2164
22437
1920
3318
2584
25097
16367
23491
21834
15071
25517
4705
19828
19434
4898
23887
2575
5727
14288
3090
4799
19929
2142
14184
19218
19956
16405
16793
7100
2002
636
23149
5183
18971
3652
20672
885
