9571
16302
10284
10079
317
1745
13577
4233
24668
3645
22964
24220
13840
4792
5469
1375
6430
6173
25009
1218
2851
5793
6209
15198
6657
11902
9953
1970
5653
6386
17829
24711
5165
15384
6514
3292
4244
2603
8560
162
9991
22669
21562
4574
5566
11772
20688
9827
14591
1768
1635
14917
20989
4652
14507
2904
3131
18570
5176
25192
9566
5370
4940
15063
2776
19931
221
24036
17794
12191
8206
23741
1275
9785
4023
2857
20484
3065
21097
19091
21176
2987
4316
763
6283
9331
719
19581
4602
1531
4385
18763
18737
951
7812
11826
11273
13710
2565
6442
12139
18730
22352
2456
5176
1118
4615
1709
20437
4610
21611
1714
19670
22088
3139
19258
9347
6966
24836
6397
13069
14369
15388
22770
12243
3599
7508
12147
4937
4117
842
6586
11469
4838
11867
22214
985
20049
22996
412
16360
4107
2615
23151
1600
7163
2770
16362
9707
15891
6749
22811
17900
2938
11482
2753
66
21936
1772
4088
18178
18779
24384
16755
5370
9619
19399
6798
2631
19103
24239
14453
2803
20219
4523
12205
11511
24988
13334
19891
6879
23128
13659
20788
6559
6357
484
9719
12405
838
