9993
11086
24594
10890
7086
9009
12250
21342
15279
7107
303
22127
7161
2463
17284
1287
902
12504
6532
8365
23687
12575
18469
16166
21790
17457
6474
24970
5552
11076
7120
14477
20394
19497
22569
6785
21236
6981
6992
10387
3010
3010
3006
9438
1653
22440
17700
4984
19492
17110
12718
25433
14636
13704
1213
2537
11326
24101
1154
3447
15172
7604
18113
425
13580
9941
959
21111
21174
18896
13934
5437
6667
4004
16019
9246
2480
22661
21141
13105
20018
22068
906
19367
20158
6420
7227
16490
13002
20203
4738
9998
16832
11971
18293
7465
18418
5832
19133
15775
18416
23288
1882
18164
23643
16708
16035
2990
18838
4868
12350
2063
15897
2427
22331
9259
17825
15698
808
6744
1469
515
4110
6755
497
17567
17139
3914
14606
17735
6909
1715
15071
18619
3556
21899
5996
9308
7384
24756
21495
20006
25272
4934
11453
15253
24188
5221
1744
2678
2729
7773
4332
12486
2587
12468
5314
1640
7669
14673
5608
17999
16390
6138
4362
1666
24179
10119
2061
2904
17829
4957
1352
4205
12106
23815
1867
2897
6533
4556
15136
17857
21104
12044
10765
7064
12446
14831
21128
23293
6487
801
14765
6324
