5253
2820
6842
23274
23564
4418
5227
1464
22852
16787
5100
6390
11450
65
9175
7613
25253
9935
18470
19658
7640
18803
5339
2728
20254
23941
19760
21991
23859
2534
1340
5699
15307
15494
8567
4885
3866
22915
4071
12956
5863
8839
3345
20720
12235
14745
11802
19998
4318
647
4875
14911
8087
1685
10248
17030
3034
17717
21074
11483
4976
941
4633
17579
3005
21949
4449
13739
1263
15564
8773
22110
9700
4518
5008
510
8567
4785
7605
13433
3561
14718
5684
16896
7886
3771
11891
18311
5192
24435
9223
13093
14627
24918
24593
5173
9206
15299
1578
4598
1543
6418
4309
10877
12780
11136
13025
2313
304
8235
21142
5718
8261
683
15934
8639
2906
4335
5224
20441
7906
6702
19069
5846
921
9618
974
10773
7257
12443
5093
21570
10781
10165
6501
17503
9898
4875
21090
18553
7754
24818
2269
5665
5329
25535
18075
22197
9173
2701
5229
20675
19597
12879
3383
17801
1232
15716
2992
2147
23436
13818
7400
12083
280
25214
338
5699
12299
18666
6701
3642
12600
8810
19147
9248
5745
15853
18258
7993
4431
21770
21423
71
3263
20165
4238
2426
22012
3911
3167
90
12960
3487
2764
9394
1563
834
23433
24807
14794
