12860
5035
16001
6039
22011
7729
13206
13567
1316
25250
16859
23920
18010
13397
20920
11056
16841
2328
9916
2637
4143
2037
10046
3409
5934
12175
4929
9116
11091
13990
11449
750
18898
1189
20241
9054
3495
3539
4544
6067
15516
4369
13226
19324
6808
2656
7450
7995
18489
13794
7246
5357
5041
21648
14942
12581
13992
7220
22154
8560
1925
12834
19752
3297
6033
5957
4272
10577
17114
861
12074
2021
12402
12443
19280
2551
16563
5897
893
3508
2420
6120
18726
9897
6333
6717
10181
7251
20068
5155
6676
4354
3437
2164
8834
13644
23365
3523
7029
20247
2619
7199
5322
16176
4151
22291
4415
4729
8201
15654
10469
19321
20454
17331
2157
24802
5002
22061
698
4915
20999
25154
21658
11976
12329
20967
12461
16088
5315
5476
22074
5740
17908
2808
6669
3214
19378
23078
23571
22134
24758
11856
3324
5937
20554
21503
4774
9639
18121
18111
7982
3157
4431
8172
853
8671
19531
4518
15128
22323
997
21332
4581
16596
17155
6353
3837
14349
4820
20459
2292
16549
1704
5209
6928
6818
3592
12794
2789
5729
24404
1478
4372
1296
7174
17124
169
24386
3376
6384
17825
1939
10356
789
2549
20541
7404
9018
4733
4206
21740
3471
21080
9730
206
