6212
4064
12204
17062
13258
18269
23905
19679
19193
3842
6039
21807
3977
5211
16576
709
1236
8507
1120
358
9856
22368
18427
6294
20024
24169
5324
329
15024
6501
22723
13469
18220
10337
8617
4619
17502
6644
19945
3116
7772
19501
6099
9297
12664
6992
9950
4444
20482
5430
2671
6963
5321
1480
14293
9117
14655
6694
413
24360
18592
12794
23056
9047
18363
24401
6870
3450
14895
6752
6889
12373
10681
8575
14561
3314
6657
2875
2373
15586
6875
1905
9752
19267
3249
20936
22396
16000
1497
20898
13894
20798
22976
20521
9874
23770
20614
2241
22953
3703
7191
15425
6846
8932
3169
5045
19814
6172
3803
12770
6553
11730
9858
4206
19244
908
11892
207
23919
24011
5792
23112
14841
2040
1400
19808
9512
1569
4281
21875
23731
15454
16430
23890
210
7211
13283
896
1007
7568
1825
11144
4188
1253
15024
16596
15373
12055
1200
9822
16539
13900
3684
22827
7009
4051
12590
16887
6429
934
1459
13915
25359
10554
688
10800
20145
12564
5236
4476
19282
24279
338
3495
607
12835
2642
8685
6075
16359
1305
16400
14266
15560
20412
20079
21642
13783
11475
1699
5054
5817
5972
23530
1989
13609
7259
11089
3230
13900
7135
7776
21129
2310
4318
15240
3008
3895
13031
10287
15485
4801
3946
6878
14711
9741
6667
