11863
3641
4456
864
11896
3304
14835
17086
7841
10361
585
24678
2419
1812
4290
6479
3640
14611
17521
9897
5056
17434
2347
495
4643
8016
25312
6159
6175
7858
4765
2597
882
20114
530
12713
22311
16086
15289
9273
18014
15917
20646
6521
5082
1784
12847
16507
25318
22740
4968
4443
4396
1544
5286
1430
15853
2442
1662
337
4476
688
243
20193
5629
7592
1982
23118
17596
24151
4180
6855
22532
20440
23232
1361
11293
8135
22367
2961
3528
7705
17371
18053
5902
18576
21688
25352
20389
17890
16318
7629
1429
21018
21464
4153
13053
6283
217
6871
9920
351
20113
884
15293
1931
17382
19837
18193
22463
16325
11050
19123
1688
16127
13492
13512
359
5349
11284
3899
5954
4617
12253
8084
18254
7276
24362
4636
7613
13971
2468
2385
6623
5018
9480
6437
24028
3246
23539
10304
4194
1909
22017
12603
20401
15425
6601
3931
751
24840
12936
1128
3813
16714
305
4127
2220
14802
21016
22042
19086
16431
2866
18207
1332
22944
5266
22527
13738
897
23044
3009
5936
2472
4455
6434
5107
20247
3826
17647
2486
1241
1977
4882
6766
20783
18110
538
9814
1120
20057
2962
6431
4465
2720
9470
6288
8626
17474
8192
16523
24850
12779
6281
12745
25202
16222
6723
15275
19319
2688
5918
19317
3074
6731
2732
1092
1425
7952
13593
