6033
2163
14529
11960
1711
4765
1720
19023
15475
2698
23793
2419
18121
24856
4757
15706
16700
1589
22819
9140
5846
15506
14753
16919
18831
7319
17105
8193
5018
14850
479
388
441
5288
1032
3754
468
14845
11547
6957
20319
6082
3015
7520
21430
6193
915
18569
62
18106
6751
18239
585
19741
1409
10157
6068
1305
25409
1111
1804
15019
6753
20515
3240
7129
22627
5995
5973
16320
16687
4213
1776
1205
16310
11812
14855
4833
9151
476
4301
7006
3089
4648
4837
18449
21848
14528
14217
19637
105
19093
1335
7084
526
4086
11633
18199
2338
15756
6920
2068
4444
19456
24094
3565
24297
17433
3260
536
3618
780
7580
14265
17560
22941
6621
3561
11599
8728
22613
362
2983
19685
302
2617
9777
18614
17462
7108
14260
2920
16050
21384
11413
16048
3972
19513
4277
17402
7890
3918
11439
13121
4383
14691
21323
12858
2966
16253
24462
20709
5492
7118
24873
13191
11726
517
5995
2170
7131
2423
3188
995
14795
9044
24974
13452
5667
6170
15257
21068
659
20122
21227
292
5787
3354
13066
3299
14555
15750
6886
3548
4196
7118
11020
801
6622
1392
17031
15056
1589
5478
3239
12561
4804
14346
16173
15130
11346
2700
1573
21570
2822
12598
9044
14254
6335
6141
14914
10646
5710
10520
20010
3381
166
5808
3202
79
9064
4011
7021
20776
20008
19447
17437
1866
