5846
840
14650
8021
17762
19433
2214
6452
10955
16991
5538
6332
19480
3609
22150
20202
22284
6490
7265
13948
17061
19273
2987
376
15680
3615
3158
3637
19086
22864
5437
13053
4171
6266
2408
1265
21399
2006
36
4953
10101
2381
19128
6891
18764
21043
6908
1525
12058
4448
16009
3346
17480
3439
9655
6150
22526
6859
3514
8669
14852
6690
4242
1820
2083
16633
16114
15580
11383
4928
3898
3204
2573
3572
18738
7300
23187
6975
18427
3337
15540
3891
17536
2703
3205
6584
1450
11800
17455
1226
6550
6836
13590
5683
511
4786
14660
4464
12706
986
16081
23283
2369
21055
22860
1715
10003
17269
7980
12527
10387
14299
14035
1946
4385
23138
5290
1075
20676
21871
1232
21682
9754
21470
15005
4594
5169
13139
14861
24268
2059
477
14631
2917
11463
258
23617
1708
22341
1006
4524
17717
18203
17496
5098
12122
3645
4779
16574
22891
5900
2599
2003
2853
1662
5027
2369
18853
5520
5575
24907
15792
17569
22469
2705
4468
5255
4589
6446
10128
3176
12043
6297
22605
2826
16101
2863
5930
7846
5974
17107
8010
14031
9474
13335
5217
19788
2697
8204
3916
1466
17094
17893
785
10836
7997
24988
6716
6991
15653
22296
21084
14676
21809
4728
18173
10668
4196
4831
7932
7667
10606
10835
17867
1884
16127
1385
21796
19718
21592
15724
11817
24147
712
16032
17247
15314
23622
11479
4589
23451
6185
7421
19254
4280
18276
22195
11801
17129
24915
25120
4269
21128
18875
17722
6687
11815
12451
3514
11029
6376
4890
24633
5289
7942
24231
25112
21432
15382
3182
