20557
11194
4806
3449
1317
2432
19170
4567
20473
16450
1818
3186
5810
9862
10829
11846
24391
5476
10974
18290
785
8232
15060
1037
4192
15353
2753
3014
13448
22217
20096
1075
5980
24305
21070
11001
2949
15267
6862
10889
22203
12955
18814
1711
16763
16872
7317
20499
12950
403
9970
178
15087
20200
8613
7148
4085
3751
583
2063
5271
10592
7895
3882
9866
8299
16817
5926
1459
1536
11394
963
3921
22083
3089
5334
1962
1735
23417
10599
9439
9495
14287
21247
7301
14232
9103
5108
4108
11277
15017
21541
1457
6961
21709
3305
7018
9162
6798
11448
2270
7173
1788
4975
12892
20102
23781
22295
6556
6142
2326
4670
13251
1331
4959
9157
7736
9682
21152
24116
25109
6229
15809
10315
2594
4818
3813
2628
21449
23713
22137
12351
5690
10576
7028
22263
25265
7162
9484
11551
15721
4469
1793
8759
7406
988
15923
9746
4545
9622
112
22606
13301
5859
21932
10184
11079
24933
14666
25279
2442
7009
12112
13617
6216
21025
18160
6431
4516
3286
3790
13930
12712
1928
4991
12555
24130
2662
10012
1520
6070
640
16130
11483
4051
11176
2968
21156
1858
9731
11031
19916
17875
6893
7896
11129
18575
9794
20541
572
3317
23041
930
21223
7997
5642
15109
22089
13677
20391
2984
15955
15161
18577
24491
172
20017
6776
10667
1285
10274
23673
2471
17295
5940
3740
24295
17064
15538
4376
19685
5643
25246
2841
11549
8774
3193
17291
4348
1697
8222
1085
1435
13315
21927
17185
4241
17848
12811
808
14733
1494
3916
16572
22198
6109
1801
9140
1408
1765
19079
15972
11815
10063
24592
940
4569
1084
16003
259
1455
1081
23607
9852
2810
6661
7307
6865
20188
22899
19606
21686
1242
5342
3579
