21440
2457
12909
3418
5092
21198
2033
6723
9820
3927
4873
1049
1598
6325
15253
3497
4016
6247
965
7992
24739
186
1442
17835
204
889
2982
1044
5433
1740
24203
16616
775
20726
12379
1707
832
2011
19036
20529
9916
1084
18872
6862
18740
16236
18756
1381
4302
1479
7086
9791
13544
14146
18150
9486
23607
4717
7396
25506
13519
10745
2770
5258
9729
7695
460
17256
18129
119
10204
19409
24938
17158
4399
16496
1080
6162
2496
17360
22020
9259
8662
20184
1441
19912
22038
1090
3855
20066
2741
19497
2465
21335
5266
1269
15978
3194
1258
3286
15188
11372
4725
14624
18454
22310
14279
15585
19508
541
2585
305
5585
17427
3309
2326
11388
5101
1307
6784
5583
5206
11673
391
2105
9817
19615
3445
3654
5146
22304
9363
6883
4241
19116
962
3129
10234
19218
13165
8205
7616
20397
17470
21943
8444
15802
5134
17205
6476
4348
2098
22426
14876
18456
12881
3922
8844
2612
1741
5839
2185
22108
21508
24343
11058
6046
22373
8171
23964
6327
2131
19686
19100
22910
6619
5102
21098
3844
6287
9085
11722
12203
15559
2454
7423
2156
5087
19582
1994
377
5877
6719
3326
8310
12838
16822
306
7665
8127
13542
24483
11900
24236
6432
10305
4230
2307
7419
12379
10514
3450
871
24909
3953
1039
15833
1160
1836
14434
18772
21991
2467
20347
6678
11740
4796
13073
15512
582
2142
2296
15512
21942
23063
6882
6446
5771
14992
11552
10193
21102
7923
18179
1003
829
18861
1596
17839
9085
18166
14494
20412
19566
22310
3852
22608
18128
19299
2601
2396
2334
20518
6827
1404
10203
10616
24600
19490
13679
23985
6910
14770
4128
20965
22748
16132
9078
21600
14833
13091
5719
6490
6268
1470
1999
