22797
6403
16077
2588
6898
5968
170
4402
2843
5823
6546
4188
21900
5972
2469
13907
19756
3478
15303
22897
24764
13279
16087
13223
6333
15725
13953
10682
24227
5565
22792
427
23618
4196
19730
3064
4517
1987
5892
14870
2273
2614
3908
9574
19263
19067
8329
2134
650
11170
7891
9250
23883
1107
22542
6624
3881
6445
15303
12382
2154
12653
19523
3471
18209
25205
6258
23574
2746
4988
10275
191
1410
6969
22330
4903
7088
8800
8525
3393
22462
5060
24049
2673
2219
6048
1708
18259
2519
22033
18047
12751
5455
20888
8302
11744
2177
5864
20108
8622
5867
23983
15632
3108
2623
5778
18358
3318
11104
20125
1504
23537
21587
11729
1691
12315
14327
14502
6073
6237
14517
8583
21578
16712
7935
1557
19085
11897
23659
8291
23856
24701
16335
663
15296
2423
6244
6085
8748
1831
18744
16170
9079
4430
19722
8609
742
5461
10642
7264
20805
10281
21235
4758
8915
13034
7047
7829
229
6872
1684
23544
3738
23587
2128
2360
18979
761
10915
5698
1048
13595
4725
9159
4083
10179
4223
22227
3048
2114
1918
17902
3534
21245
24013
11438
12287
6723
20429
10982
14637
16145
9947
4383
6047
6211
23924
3471
19885
2438
9815
18995
19399
2718
180
2142
8486
8298
15097
4460
17409
17015
713
5378
8603
13330
15077
23540
14721
19207
1727
5983
10419
9917
194
3869
9704
22789
2331
13068
2158
6303
19838
11013
5820
15247
20018
18385
2326
18952
21379
238
7360
19126
17655
10640
1077
10097
3095
23639
15609
22765
1380
7803
17844
7580
13460
7530
24638
8710
5415
12869
2926
5982
8533
3325
17040
15230
4218
9921
18574
20743
12197
19593
77
1336
3366
25413
2427
18700
13125
17701
5364
6109
9476
343
17895
12161
1324
6424
22491
14017
19211
11883
20746
22070
120
4845
2402
16000
11442
14535
19012
8357
213
5386
10038
5501
4958
25056
