4553
894
22215
208
4542
8453
5032
22507
7006
4823
13035
18068
4952
10136
2260
19624
23391
697
2761
1223
5188
12283
22535
8822
14092
16843
9528
9119
17727
25086
2490
15900
16497
20627
15893
62
11683
21333
14504
3620
2269
5514
23546
5673
10472
5000
4023
5922
4581
19664
19911
6613
14879
3684
7530
22003
15502
5234
6754
12190
6377
6121
17435
19236
14675
20220
25298
1587
4688
16356
10655
20515
5453
12008
2712
7473
5659
20745
10327
5009
7082
2896
6686
20386
2577
8968
15732
2879
25002
23695
19217
10438
18438
2998
5817
21672
6748
4519
23378
25135
3584
20117
4271
16693
5474
6972
2969
14199
24675
3274
13311
10900
4713
20049
4160
21923
5429
13655
9733
3466
12246
3099
3628
19217
10611
4475
2748
19977
23786
2254
6430
5392
15701
9913
670
17704
18488
319
9485
235
1476
16895
3314
4996
20382
416
650
14173
11788
19803
1255
8197
3526
3360
6124
4723
25229
19498
4813
2032
15111
25531
23875
6449
10058
12399
3474
51
15025
237
5388
21729
21292
18654
23479
25168
2390
24634
19030
16667
520
12987
18361
7255
12107
24432
9057
14903
4517
18598
3246
8295
11915
4715
21098
2903
8499
4888
14214
21924
22228
12909
1340
20411
7110
14479
13093
1748
17578
3754
22000
6814
3613
2400
7312
21515
13349
6187
14817
16022
9053
25072
16721
8396
3368
17576
3658
649
23738
14079
3768
1507
18027
6484
6086
19607
4010
1494
4318
16362
3155
106
6983
14978
14631
17446
3374
8272
2267
17784
16650
23303
2746
20461
25305
24672
6196
1624
4504
10921
19351
17285
2942
8029
3929
5521
15668
957
494
3876
24037
13919
18675
1371
5991
455
14440
16360
3743
10418
5161
6237
24227
2906
6135
2709
4034
4798
2324
12875
18258
10171
8107
8273
4283
6895
1665
18080
20520
6269
9023
11374
2402
24970
1493
11564
16349
8142
7643
10229
3787
3332
2716
8047
5366
2893
8694
