24170
1843
14090
7208
12237
13886
200
14155
24646
4928
1045
4363
13735
3779
22570
20367
18323
21593
21731
6496
6127
21866
21250
6088
2941
24437
13367
1942
21635
9688
4721
14234
15638
14096
13592
5279
22028
544
8591
6252
4940
8036
25008
9618
19015
13316
579
18578
16235
3663
11268
22436
7938
23026
3934
1507
1843
7125
24164
21563
21790
14824
2265
4742
2842
3599
2528
20161
3636
16458
833
13090
20768
15042
5327
22559
2701
21413
15467
459
6454
5220
6880
20474
9930
17289
6274
24096
23628
6555
5803
21149
19380
14837
22952
24080
7771
17950
10004
10916
20765
10770
7841
15524
24412
298
10740
16521
24343
16728
13741
19223
2867
3778
3934
2483
16625
22086
3271
24741
1425
7181
18922
5886
22013
23009
8665
18769
3248
8318
16026
4262
407
18089
3697
14302
17470
20097
6217
13842
6751
4249
1920
13405
2846
4211
17968
19698
23315
5538
23015
3252
5082
24234
20287
947
20931
3500
23297
17485
11143
11401
16862
21247
20679
5677
19261
1274
17707
15919
9440
20688
24053
5464
14004
3389
20101
9556
611
8456
8910
17784
18830
8801
11415
5676
19330
613
23760
2192
16235
6994
4276
21994
25349
11946
19682
881
21466
17193
1149
11338
3558
1187
10181
25491
12841
452
19225
20962
282
20009
1652
1492
433
8525
2768
25021
16616
22719
21684
16067
18484
1274
4700
18514
4950
12012
17176
3851
4577
21209
3802
13373
24612
5239
13677
20092
14121
3238
14048
1360
4979
23496
13085
17729
4998
18811
25346
15629
3487
21567
22379
25517
12207
12657
17830
3079
1254
15308
16812
16376
23021
21325
1701
12813
4688
11567
1179
1714
24439
4842
1889
2871
1066
4513
5861
23799
2276
6728
3084
191
23991
4096
17036
1921
3024
18639
235
5116
10597
6418
5650
12975
1921
9315
5461
16753
1609
18890
21303
2748
1204
18333
3825
3141
2288
5144
24427
4134
91
21379
14903
21184
18581
929
13332
2358
16588
24295
