393
24883
13130
11721
3796
2891
4403
6707
6140
6280
13389
14911
23976
3273
2026
315
4903
4706
1757
7054
812
8873
4455
20521
1887
1049
12956
17528
3576
10544
18313
8653
25430
7038
2556
10816
2446
15232
2063
12256
17549
6453
78
6113
2997
5244
18684
20356
22798
1900
10037
11537
5751
25381
5742
17966
16562
14690
317
12533
9296
14798
751
14577
24977
7407
4040
580
6089
7099
2242
7323
22288
11459
13345
1945
11306
23872
5774
9600
25282
24252
15398
8069
348
12779
25417
14381
23502
5235
13598
4145
24966
6864
2085
22647
7943
2927
1890
5051
23564
22649
18091
6721
7036
19745
15217
15012
6181
22755
5286
4374
13333
7699
1394
5198
17932
3244
3039
16370
19577
2911
6712
4118
3534
226
23383
2628
7163
19689
11484
2933
25509
9321
13794
8874
11314
20344
16769
9062
1648
21737
9867
6181
11389
2765
7869
6192
20971
12667
3744
14229
25111
6933
15465
11732
12402
6616
5373
6191
6145
1690
13476
91
2521
303
2548
3064
3661
18863
12968
4012
13144
24325
3239
3877
2128
11004
65
8731
24612
7577
21588
14376
11459
14625
924
20431
4507
3092
18368
2997
4734
7841
15842
22401
1563
19600
13953
5898
5430
4515
14884
7172
10838
17655
21923
13662
20959
17451
3300
5037
2179
3933
5265
7181
6217
21508
9914
11192
14535
1429
3180
12002
19429
14982
17614
21290
20624
9188
2999
6681
3338
15598
17435
20285
21371
5297
5816
6097
6863
23660
8255
14763
8913
1024
25422
6428
24419
17747
17971
21285
2584
7922
18947
2925
17254
16430
1190
4397
8347
453
10393
3773
4148
8577
6308
7031
22055
7085
16892
8364
20718
14611
3883
19149
18137
14749
5060
13294
9943
17055
20926
6103
14378
23249
17589
1805
14599
21889
5586
6736
2707
11886
5465
4771
9105
21797
19977
23822
6777
1089
20624
5532
1491
24673
6387
19595
19496
11741
14885
23443
25192
16859
5351
2969
24594
2738
7232
22230
11350
24579
24300
