547
6942
5548
19432
18487
11665
16349
10558
25388
12563
9758
21497
2163
14163
22065
4088
6796
8340
17116
2690
2070
12738
25054
14446
14732
14372
15174
19625
17122
7589
1735
1254
8780
1801
3032
449
14021
15242
7531
25260
5562
8801
20014
25154
18054
6230
15823
21492
5302
12678
10987
4305
7007
2789
5273
18052
2155
16898
18315
21176
5215
13142
24636
3819
2303
17786
14285
3219
10371
1597
17728
16037
4947
360
2259
5985
4009
8547
15769
4690
12991
3721
9422
12289
2118
18589
2427
25113
7063
21965
23998
777
3449
7888
7738
4740
25009
106
16724
3847
320
8800
5954
876
5048
23209
6220
12710
17888
324
9644
168
225
13381
14403
5607
4730
2518
91
12683
17381
13699
4466
9815
25146
6609
21543
2344
6173
19884
4239
5952
353
3725
13048
13983
22184
9371
10571
11850
21114
13717
1395
5339
19131
2350
11519
23297
1243
15338
5520
6624
8490
25192
17903
3025
16136
7693
3609
18555
22628
7903
19675
7582
14099
6304
5339
7687
12413
9474
14244
19252
2225
6140
11479
1153
7183
17133
2760
585
9042
10297
13167
16760
11956
7860
18362
24531
15122
353
9973
592
3513
9659
24087
1221
7078
1617
1935
16186
24765
6676
6892
1608
10128
16949
11178
17801
16558
4011
6477
23803
10886
22762
12051
3533
10305
2116
12843
21755
18993
1326
25389
14288
164
21536
2107
6886
4732
2266
16287
24588
712
4114
1809
7536
22460
3636
20884
3525
17447
2171
24711
6440
16766
6102
11193
9359
2509
3057
6582
2389
8247
25406
22152
21443
18311
23432
24124
6234
1748
18937
16547
1543
3852
6740
7002
3554
4232
5431
11840
21162
3761
16040
10242
9263
2174
2699
10490
1993
3851
96
24708
1414
12543
19896
3329
3888
25496
11742
23763
8237
23665
2141
1760
5081
19488
10619
2998
5554
9705
12644
4483
18947
22260
15682
5124
11289
2675
9812
824
2188
13199
2862
21449
15426
12258
25087
24885
7249
9147
6447
20296
9102
3061
6313
23682
14718
1869
13260
5004
13012
11162
6367
2892
1580
15836
5512
5884
7774
19319
