9502
11251
1466
9562
22729
6366
2147
4216
20570
19120
2435
2839
13107
1856
24157
5928
6359
17962
1438
17814
20975
12042
19922
17433
19609
21085
12178
23388
12028
5952
25220
19532
3496
17362
2397
15757
651
15522
9745
5438
9871
6701
6369
17793
9504
10771
4124
2015
1940
67
905
2113
6900
12317
4700
253
6868
18842
20897
18020
1350
234
5872
16783
13413
25087
6423
23675
4525
4107
6897
23918
491
12155
16810
12925
1615
4734
4258
11516
5888
4443
8207
11414
2013
2473
23763
15348
20492
9355
11458
6819
13264
6227
7508
14820
23812
20510
786
10147
22277
7127
2449
1700
5649
6582
13088
19291
2589
22037
18302
5113
5641
8899
13223
14430
4381
2081
23076
3742
4
6344
20703
19864
23347
10302
4677
9047
2859
6148
7231
1326
3722
24983
7002
6517
22229
13843
23942
543
23551
799
23697
2827
1160
22321
541
3471
6492
25108
1356
25078
6912
11161
3409
5389
1996
579
24929
11137
751
929
1994
6872
24236
23540
22088
2333
5223
15992
3257
6083
8362
4683
14262
8161
1626
15373
11033
23766
6427
7464
13953
2245
24426
19357
3741
854
12170
25356
21032
16441
18385
7203
17860
20033
22595
3259
18259
5811
2464
11374
23396
14081
959
4583
70
8196
25354
15131
3620
16733
3928
6975
1366
9302
4719
13919
20294
5435
13277
3606
2343
3880
7591
11289
5628
17691
23277
24694
18949
24523
1728
14855
20073
22817
7193
6018
7828
6502
4893
6734
19234
9247
4271
6752
18841
12950
22154
1315
13401
16504
17327
9029
5343
1617
2134
15485
5114
391
8736
11791
5584
17006
25396
24791
14632
21455
1695
19775
14796
22915
2302
2778
16838
19184
7320
9985
6925
3471
21649
4634
3368
4141
1894
18800
6585
21273
19225
5995
11029
21516
10671
6886
8863
23652
2901
23165
19234
15637
15812
18553
14907
2797
15726
13956
4552
15254
3773
14371
20802
24057
975
4934
5248
2142
4636
4849
17146
25432
1693
18112
12184
5205
11588
10408
10272
2919
22168
8394
4349
1788
16985
6117
18181
9663
5216
16285
6877
15328
762
4860
1084
13944
14352
3412
3069
13357
2949
6162
20837
380
10613
5160
17766
