24107
3638
20505
6207
5622
1411
10397
4294
1438
9685
4922
11285
10890
23784
25293
3804
24328
10426
6837
24678
5513
32
19247
2271
11493
4205
13323
2704
6392
1790
3747
4274
6050
15475
921
14317
10866
17164
25136
2943
7533
25305
22786
7694
17746
5481
3778
23168
496
25476
11255
2471
20016
23777
17842
4583
16185
18161
21786
20333
4094
823
7822
8994
4209
4292
2632
15222
460
17112
1772
4480
22050
12516
13290
615
21141
16443
9317
7700
8218
3872
23475
12223
15855
17059
24832
24371
640
2527
7412
6013
2367
12504
16091
5788
5054
4262
5461
17589
22441
592
21936
8391
16338
1458
21410
1801
6730
8342
10202
25406
14563
15416
18637
21602
7243
3891
4393
8965
736
15897
14213
21608
322
13042
13946
78
21960
11550
9160
13587
17313
1773
5088
19283
10788
5949
17388
10420
9214
18356
23739
4234
3142
545
3037
14620
3074
2876
2393
5953
6845
19924
4165
14356
2807
5894
10647
24222
23093
16595
4479
11936
7590
20036
25418
3767
9398
23296
20520
20029
14225
9060
18158
23101
6635
21729
2901
24539
6568
1540
15826
24668
3963
3961
21278
13312
19971
21927
6130
6983
235
4437
5821
4863
6526
20229
2452
17577
7120
1744
1180
11611
23762
24911
10735
24459
8603
12220
6146
2650
8386
11218
25138
3393
4235
17162
2138
5805
1821
20977
20590
2865
1532
20372
14782
1089
14854
1632
10481
1809
18932
4189
11421
22308
23353
2979
2447
3411
8942
23494
20811
14946
22842
12113
1656
6088
14503
5065
1622
6346
2369
15609
3039
2468
4128
5768
2078
25489
2122
23959
1640
12156
21544
11694
21549
7695
15043
5955
10681
11749
24056
6928
13037
12710
15036
4647
2381
210
3174
5965
3539
2212
15301
9400
20871
20134
16264
20251
2198
21263
1842
10028
17519
22421
11683
21507
18143
4930
17180
3737
3558
19059
21056
6866
5442
3654
6541
12823
13236
16927
24434
19997
11939
15239
7138
22254
1360
6419
11368
16228
22165
13444
20053
1199
3016
22858
9757
14746
4233
2295
6249
675
5764
11602
16286
183
7854
15585
6090
11384
7446
20050
24960
9079
21565
7131
8063
24910
19165
4792
23052
2383
1710
10596
2765
4083
