9836
4790
10960
8231
6158
13235
11594
13896
22568
11220
11801
11938
13418
484
16073
7613
2391
2550
2705
15727
24095
5741
23876
6985
18620
24755
6738
3774
23695
9903
9445
18665
2729
654
14322
7043
3391
23298
11294
23299
6497
2763
12542
1278
10781
16412
3919
4255
1204
4941
13324
1079
21770
13943
21141
9140
4610
24257
16796
22957
2194
25158
2928
14235
11520
3778
7230
15838
1928
6915
9508
11837
22224
19892
14249
20696
19842
23719
6220
9710
5621
1040
10802
2733
24956
13880
5085
19477
1010
989
6844
10923
21817
15117
6128
20035
11613
8513
13089
10396
6059
3645
11218
18969
8210
1706
3682
9097
632
17712
23962
15366
15699
9683
10490
21082
15192
4050
5352
3524
14510
9652
20887
4106
16242
6945
825
4854
2004
14365
6311
15876
14613
7437
5082
1956
17675
5773
16450
20301
6206
10124
23460
208
14836
22210
11308
7533
23046
3064
2334
19968
13600
23012
20968
742
4793
15129
21748
23140
1732
15553
10366
7999
17172
6694
3479
317
21802
18494
6544
466
22144
3510
5707
6748
3108
24744
3037
2562
4570
23872
228
23340
19685
4784
18204
4323
4813
15886
3350
25389
24437
4521
6872
11948
19959
10009
6048
4202
8312
13537
9634
14296
6689
20632
6267
6484
3933
1372
2836
1159
1371
1383
23235
21191
12224
4299
7450
20416
21215
5342
5778
15100
5365
864
4704
3427
12548
16850
6808
20180
14000
21110
12418
22648
14624
12982
564
2007
2922
21940
495
25542
16845
25068
24484
11885
19765
6946
7222
1609
20338
3513
21879
19273
1798
22452
11061
7553
1091
10163
20026
5744
961
22138
17915
6309
4244
17868
6057
1189
16230
19517
20481
19760
8710
4307
9982
10277
21828
22099
23243
4427
21447
13914
9675
15852
21903
19837
5642
225
8061
22249
17938
244
17084
14009
12648
2729
19478
5000
16277
10222
120
12933
1459
17067
24049
3084
9263
14791
14203
2375
22992
25143
2026
23613
20288
6453
24701
3556
6502
6441
6721
3295
21964
1089
6115
10534
7017
7223
3910
4434
4993
4207
7357
11900
11714
1530
2501
7173
2943
7284
9160
22669
1283
25525
21433
3412
4582
12692
18196
7866
4398
2023
19612
18227
4454
377
4948
9093
5787
2553
19762
