18750
6416
15262
2659
901
19557
187
6843
21085
163
20313
5457
6985
4080
13593
5145
742
19633
22577
6880
1497
7106
18480
21489
819
3805
5645
5102
10063
2346
4977
1357
14777
7480
22730
6625
23028
8200
35
5749
7986
4312
3188
22114
17049
3434
1020
10351
15417
2750
6883
22249
19933
3291
896
25436
6731
16411
5356
2993
1076
538
20677
22409
9275
19954
5107
6623
5653
12726
3078
24418
13142
14249
18131
19812
15973
15768
5460
3914
25331
15061
17453
1793
20025
5685
2230
6293
3810
15933
2621
11714
86
23720
8716
21439
9851
17010
20953
7679
5245
2409
14778
5667
7308
20956
6587
6794
5294
13503
2751
11970
22566
3341
2584
15103
24677
11960
5155
15116
9183
3377
26
23956
503
14248
2415
5431
7706
2811
24921
5583
11156
6752
13270
17905
10440
9869
6670
7490
2839
3799
6969
4119
22973
7260
3548
17036
14871
14036
19671
21070
1838
3250
5451
23297
11895
3827
3963
5021
10516
1533
24508
12605
10562
20602
3965
22240
474
22869
3504
4516
10017
21128
5048
6555
436
6414
1425
11663
20815
24179
10194
9931
20729
2087
25085
9685
2089
7852
13869
1758
9456
6411
18136
24533
18174
4073
16010
3316
8421
20074
16961
701
12059
3329
21862
14386
14569
14925
11854
19368
23382
12467
5038
16253
1218
17215
1257
6658
24482
25124
5205
764
12150
1546
20587
20777
6880
10312
3857
5889
1184
10523
6608
333
10279
10336
15181
9998
21006
19595
23224
11380
20064
5686
19690
258
3997
5821
2102
25160
3096
5405
14904
1779
9851
5663
4744
4541
5824
17716
7648
7404
2428
19826
25145
6162
22657
5587
2679
6741
2777
1877
18490
8227
24560
17781
5771
7667
19135
21706
24623
4935
16819
13250
16054
2661
10174
24709
3628
6260
6060
21040
3625
16134
4765
24364
17612
883
17862
5224
287
5356
3089
6848
4220
13776
1490
24398
4323
13037
5383
22177
2101
4289
15243
5564
1826
6807
4356
22812
15671
21820
4073
6132
24589
2313
20693
16852
11199
1654
13761
16385
11211
852
1245
1396
3446
15832
4571
21249
25362
11210
11023
17186
22579
6713
742
25075
21828
15733
7232
13232
4660
12317
5341
11426
6751
25179
21086
6454
16548
5680
11723
4303
417
8535
361
12341
22678
18338
9519
2229
587
20413
20292
7829
12187
12120
6618
10552
11021
7273
