6611
8784
21772
5857
21020
10233
15050
7248
7178
4436
1304
23643
1758
16246
3841
403
20516
4303
5863
398
15722
1298
6974
22328
20434
14796
21950
6694
6391
24675
23784
2808
13237
3494
3908
5824
5169
3862
4565
7012
20990
3035
7232
18751
19436
22106
735
22136
20776
2704
14315
9191
5493
12584
9932
2346
22660
15720
5484
15982
14928
571
20960
8752
16533
411
3951
5059
3353
17016
22522
6359
16899
3414
22468
2186
6377
12633
11759
4380
9874
8352
2863
13862
20943
1462
6706
9917
5361
13412
3195
7049
17636
7375
21950
185
13119
3785
2341
19932
18290
10878
22850
4220
3814
379
17962
9795
10263
1489
3166
9457
9007
6417
13086
22583
23902
19317
4928
6566
12921
16116
10627
11615
14136
10431
2986
2097
15976
1528
7023
6813
3719
3156
12239
5106
18024
15964
13895
3150
4213
22367
4843
3032
22965
13036
11940
1791
25206
2832
10388
6771
18661
15861
21515
4562
2145
24249
477
1036
21740
5166
20387
15034
2277
6215
21081
15096
24618
1100
14045
3570
14365
5036
15828
3574
7352
13436
15393
7123
19458
3450
1635
15834
16005
21070
24199
17416
6726
14230
16049
14734
10597
13539
6614
19079
11380
4935
5218
13131
8812
7006
5836
5332
2836
5033
22297
20605
7106
12696
23210
15878
17651
23335
20865
22656
22104
23669
5143
17986
18384
2123
16857
529
11963
20103
15482
10001
22723
18824
5978
5530
12407
17605
298
4367
21105
6845
1507
14307
21519
7036
18657
7123
14232
15615
13917
7087
4866
6679
3578
1252
130
4409
4699
12629
6028
5343
22015
2391
15542
7376
864
22070
2241
14683
3037
2094
24154
22283
12501
1354
11683
8869
1444
16619
20254
15348
11966
1784
14131
5719
20627
22455
11794
2710
8549
8421
22151
6381
17768
5474
25271
22878
24052
10781
5588
7679
17822
1844
19699
17587
6903
18459
24252
14270
20363
16026
4764
8306
4516
1052
17837
18218
11790
174
16445
9833
19226
5528
7866
11106
10601
1072
5467
10228
12973
1457
14913
4045
13835
1344
6477
15531
21975
5883
5808
3073
9538
4636
22387
3986
4694
19384
343
3400
21824
4126
4527
190
14759
16174
25230
23872
24779
5686
24564
3521
23581
7787
20842
5734
20356
288
6670
22458
23918
408
21274
3955
17875
8905
23998
6585
12869
3784
2360
13483
13492
3846
1116
4718
4196
14176
21741
6982
2573
8450
3233
24128
4345
1211
8695
12996
24742
21957
4540
2755
6309
