6748
3028
12826
3440
3366
9597
2809
13753
6248
7633
8512
18066
14006
9191
21009
2428
17088
600
20540
16181
3009
13449
12636
1635
12636
1350
16552
5967
2705
4496
24317
3288
6582
14646
20936
3262
18129
3908
812
17942
12779
518
12459
5782
16123
6911
2943
15790
15273
1792
18368
18071
18987
10713
7092
6609
22851
8548
12188
18388
2627
7288
6564
6109
2760
19642
7881
9102
23161
7839
3916
25087
726
5977
22797
9114
16233
6417
13944
6601
5319
4611
8235
9522
22533
4690
19882
15239
9828
16239
9132
2383
19625
15078
5328
10544
7888
1248
3328
9423
16203
16917
8908
7083
22269
6795
25182
12437
15398
21114
21192
4572
2588
5857
4448
14526
10468
951
13958
16790
17528
13564
17454
3344
13532
15038
1472
1708
21650
2685
24364
12826
18735
14085
3417
21366
14898
12921
21597
20158
5424
724
8202
8420
5976
553
4876
7895
3321
25267
1669
16816
8099
13180
5544
24917
824
17729
3059
24717
2088
7117
16936
18643
2979
5991
24217
21632
5216
21588
4834
2192
5553
16963
7699
4087
5277
21853
23833
13681
8971
6819
11614
4405
25371
11543
1771
21272
18032
17534
12738
20983
21811
6711
12584
9956
23257
15588
771
14428
7283
20969
20682
13883
227
12116
3250
1353
10382
2878
917
6752
4120
4203
23210
17981
6049
21308
7216
3368
5061
25126
2326
17501
6033
2992
1009
18939
18961
16635
13589
4226
3911
15678
10925
6851
5134
14279
2066
677
108
2346
1332
11114
22162
15671
6776
13991
4953
6155
24765
2020
23869
2008
7164
6571
1920
2588
21133
3159
11639
6709
6505
15944
1887
1035
3169
18334
4654
9529
5907
22688
9783
4312
23051
1511
7093
5136
18302
5182
5897
11457
4474
9714
7160
24449
2683
730
11072
6961
4327
5823
6281
3322
9199
3079
9648
25401
15722
10908
10879
404
14659
16965
11072
9161
3822
2049
25005
3654
9873
24510
12983
902
246
6419
5989
21168
2386
6738
4200
8392
370
6117
24320
18508
9167
4973
22877
425
17795
3514
4524
5707
1039
18673
2833
1077
10765
20311
12586
4309
19282
1063
20828
19972
5895
2861
3948
2921
18170
18837
8425
15431
20821
7342
5315
18758
10474
18990
2722
21663
2234
2434
23194
2508
1300
21127
11339
13150
14451
14703
25122
1741
9491
15031
8036
6673
13377
4410
4790
3981
5221
22179
19948
20416
6223
14242
3483
1601
872
624
3207
11736
14778
8463
7581
20584
20918
1144
24463
4053
5414
233
10152
14470
101
6421
2050
17578
9180
14636
6687
13321
8207
18131
22209
6459
22749
18959
23799
17356
17057
23710
10912
7903
4591
9585
16996
18722
19766
17539
17577
