7233
5941
6827
24349
21342
5738
22691
5883
16073
1031
17803
18847
8387
17934
7434
551
15960
8675
13836
17814
18481
23859
336
1801
21379
9537
5823
11049
16628
569
1285
16971
5180
15007
16077
1560
15426
10067
15689
922
18654
4779
15754
1635
5323
24187
17633
8576
23319
17381
11840
2872
16319
18878
11375
1174
18097
22333
13988
1736
15188
2628
1700
2750
2164
7074
22918
2298
7144
12717
19077
4720
4046
9303
1142
5167
2772
12505
24418
20355
11713
7250
3432
6750
17407
18575
3147
11008
1082
13876
12552
21028
1299
5555
1630
10129
5263
7183
562
9462
3527
3993
20599
12925
7991
24692
19571
8337
3596
1681
11365
5441
12658
2435
4641
716
2198
4928
6287
430
5279
4144
20829
7012
17013
5336
9324
4113
16134
23996
4299
22565
9603
1469
24260
15523
17124
15409
13010
6573
8660
1571
11190
22805
8841
14296
4224
12379
275
9118
16530
2396
20079
436
16244
12244
22217
3657
5397
6250
5498
16927
7395
24634
3065
17059
17744
831
1635
2331
8879
11592
17169
9177
7470
16459
6326
15979
110
5600
24979
13191
2402
22381
3814
4626
25335
7582
562
3903
1824
7023
449
1892
6885
15070
25503
17379
4986
9976
13760
22781
45
18574
22801
16046
93
12489
5945
603
6598
4465
7658
15555
3437
5855
4077
5659
26
12803
21332
14839
12048
17056
4486
14985
19780
9712
21720
25390
6507
12970
23693
6663
6779
6601
10100
1071
5402
20544
6606
17822
14197
1938
1485
5404
6428
2220
4823
16377
10586
6096
17244
7241
4218
5067
11943
20999
24796
7901
22385
14972
745
7194
18064
2278
14617
3743
12780
6684
23347
1123
5355
2485
19079
22159
14327
24953
7143
521
9954
283
23527
18159
6502
8141
2835
21624
19029
4961
20770
55
16154
8972
19176
17317
7111
19587
7367
21664
15439
4567
4665
3966
1105
4257
11787
21614
15705
12484
10551
20939
14225
2919
25228
8880
5474
2706
16010
2696
9118
8252
4670
3741
8029
14142
22072
4366
21268
23110
3320
22896
19025
4465
14849
482
20136
23568
6584
17111
2571
24590
1580
12584
3432
20689
502
23658
18026
3444
2717
6181
22166
23199
761
2098
19551
20563
22486
18447
19762
908
15497
19290
8141
17899
4709
22248
17553
11728
1393
16275
6247
10583
3308
13783
16053
706
19632
467
9523
21100
3893
11771
16039
90
6071
8948
22871
2174
24551
13210
14722
23188
18523
6070
16564
3705
6898
22419
1504
1885
10476
10281
23689
1653
11763
13797
19598
4902
16168
24754
5443
6230
11264
797
5183
7713
19324
214
6734
14584
15943
2525
9118
12467
7104
2248
3212
17243
5046
10719
3542
10919
6232
6821
17145
12538
20752
18178
1595
13224
9562
1709
413
6020
129
11232
23986
11059
12079
7958
8999
6219
606
1889
22415
6184
6926
14086
12954
17275
6304
13116
6326
6576
13862
4275
9012
8902
18903
16005
6001
22076
9886
