3488
23849
10784
22550
6913
11596
495
23307
18431
18195
2461
2896
10120
6021
22832
8387
19090
7735
10737
19750
24950
5360
7035
7264
2379
23658
16295
6589
23858
1425
12494
3792
8435
3838
6621
6335
9671
16397
11866
10929
17961
18154
4320
225
11022
279
11131
1404
6605
2303
4926
8915
13233
23686
12678
1818
9896
15816
1980
15505
19299
11180
10976
22983
13736
8670
22800
5604
13235
25304
21577
15803
15675
13548
19054
17325
21503
3465
11266
1831
20919
11115
4406
13786
10538
9133
25179
3790
5339
23617
7035
2425
13961
5331
18648
4975
9935
13157
6886
2272
4312
11138
17171
17867
5340
8004
22915
6575
16786
6045
13907
7430
18952
869
14243
8229
20878
17286
5666
21514
7167
9688
7024
2639
7845
20847
17981
15810
11349
8525
21343
9358
22619
3146
9824
13586
4289
21426
8806
6073
21493
18675
625
3092
6752
20181
4845
15278
6363
3649
981
6551
2735
18531
4681
2172
17177
23669
8010
6714
15778
2410
13921
1617
3687
17911
1611
15554
17451
24443
18532
15418
10905
10017
5924
4756
6841
2847
6765
8686
14805
9401
19477
7215
10450
12615
1056
3622
9194
7085
3957
10903
4837
18871
14147
10133
1757
772
14737
20222
11090
4295
12168
21772
9584
5147
448
15679
25254
4867
8663
11471
22849
4486
24152
11791
14048
3673
2440
279
243
24416
4683
12489
9103
7142
2635
17042
3477
15601
330
7484
4661
4528
6117
3004
145
16653
11308
777
18984
3689
15657
4711
1723
11797
1586
6416
24643
19827
13533
5585
22918
25361
93
11874
10106
2283
8865
20597
15681
18860
2212
6555
8226
23198
4083
18960
18125
18478
1945
10489
1269
4274
16293
22299
15700
12379
20334
4887
11437
7330
7975
2093
2581
12137
7293
435
5725
920
13471
2955
6843
16068
841
4598
15621
20176
4311
14790
2327
4965
21277
20776
5626
5990
15783
1735
24955
3552
1552
11630
116
1395
12152
3131
15707
10955
8787
22299
10274
19744
13190
2443
5578
3716
7282
8916
4263
7994
24953
17578
13733
1125
10947
23865
1587
2878
2735
2291
9925
6346
13686
14890
3525
24785
10660
2118
1984
5835
18030
17847
21546
850
21380
12067
2371
5586
5419
21384
687
22978
9809
5244
16777
19503
1683
2844
15417
16136
14907
19697
7433
3599
10665
19162
3653
3600
4514
1572
19765
1139
10276
13022
21164
1063
2021
19341
14753
10820
10205
5425
15093
19506
17020
4806
3241
1433
11583
1078
9391
21512
8325
4115
5044
9140
2773
12676
6202
18779
11026
13089
19677
2743
17213
24594
6988
2398
1211
6171
15024
6839
5403
17700
8474
1126
23018
1564
24875
6565
20373
1610
5993
18535
20721
2144
6821
2039
20331
7178
18488
21851
5624
20901
1839
7697
21356
20311
471
7121
15776
14791
6178
8252
2261
10675
23790
20470
20602
636
4277
20069
2353
22218
22274
22872
8011
14984
501
21568
22566
1838
2525
17362
16674
3946
15191
14663
21694
16985
10517
11937
723
16188
11531
20709
6610
22624
22092
15559
18905
1909
18820
10655
24785
