3641
4844
16738
3602
3520
7021
21919
13133
6068
5467
19163
2706
17669
21546
11020
284
18081
6014
24111
20312
1405
19498
16635
14595
9164
4560
11506
993
6152
20246
3100
2335
373
5571
12935
3568
5331
9544
20955
9588
20424
8541
9338
1132
14476
546
13171
17864
3330
7538
24908
7425
25130
4584
537
5836
13474
5385
25094
7590
752
23106
15729
6828
12344
13062
10421
19405
7172
18307
797
13886
18263
5713
12771
23740
15842
7261
3500
1061
3673
16807
25396
492
4987
25082
12734
21266
22694
2923
6367
19178
13992
22544
20156
5732
9832
3450
1838
12644
11829
18407
12396
18254
5609
5559
18055
2458
9459
816
3404
3471
21259
5591
10082
3778
949
14242
19428
1329
1984
4928
12405
17663
14407
24174
3928
22807
19300
5826
3732
1185
16435
11326
2571
5908
4948
7488
4860
20320
6525
517
6650
7859
8804
1898
12771
19885
13021
23539
3145
4615
5624
2516
3555
1473
23355
17125
11000
10697
18186
7196
19740
23090
5461
14888
4078
12770
22358
1774
5586
23840
5764
12723
8996
24183
1119
17510
18023
16592
6531
4424
2768
15308
9692
3371
4061
18176
20229
6959
3459
7501
309
11255
15328
12525
19844
5066
7543
3685
14791
6128
14197
12394
192
2057
11676
17034
16560
14954
1211
21990
6940
1151
11867
1030
17527
5999
10815
645
939
15704
25255
9743
8632
5006
8779
22146
18490
10658
20102
3838
21151
3501
12263
8823
3014
15157
10318
7224
24336
5907
23525
22111
4958
23330
18359
11368
19724
3439
18710
3612
10471
16076
5659
4507
4085
24791
9197
4293
9578
22290
6999
7242
5464
7939
4719
19843
18151
16516
24398
6575
10043
18543
9388
19485
11582
13325
4726
14063
5034
19746
17443
3816
11777
4552
21388
6490
4192
24979
9341
4300
17609
17622
19056
6119
17697
2472
13046
2869
595
19961
24161
14350
8439
6209
1609
251
6661
6228
13684
385
15140
11490
20271
4961
17266
4973
1816
2852
13639
9076
18443
85
17927
5523
3216
23669
3732
4680
9531
4460
19818
22856
3449
23968
5108
8064
1145
6858
1063
2640
16713
14523
20595
2676
23974
5532
22613
6493
23559
15478
6246
4244
3707
545
2263
14728
24869
12192
2495
5017
15595
403
5289
6142
8978
16379
2089
24808
25419
3721
11082
23185
5520
4049
11894
11958
9099
5685
7383
3736
15929
6149
12207
24976
18036
8930
11557
3030
9252
12955
14553
2714
3593
4428
4701
27
16521
3401
17689
11694
9783
15042
18473
17371
2676
5960
3403
19490
5254
3899
123
22278
22944
3901
5176
14654
10458
19722
4782
13752
3450
18356
2315
6526
2149
6848
2014
18262
21722
16907
21184
13283
4319
19761
6823
20423
18057
587
254
120
243
3997
13131
24024
6626
6993
15516
2358
15642
10796
22810
15620
9196
4175
13684
4703
1792
6927
5014
25467
11266
17754
5365
24867
10085
20291
19689
50
23214
24815
2236
21718
1773
8000
9363
23704
10883
11752
9616
7984
793
9154
24560
930
22595
2725
22051
16928
24063
9444
23110
2567
20844
19567
16013
