3105
19860
17868
12473
658
14347
19371
12034
2042
261
6204
7078
5160
2827
7618
7954
16566
4261
23888
16243
10393
16783
8413
10209
14332
5607
20839
2512
1920
12534
4759
17318
6824
1513
1463
5625
3261
2817
21324
17536
8463
9044
20319
11215
13259
19695
21490
17348
7132
24115
14310
4898
2369
12172
2166
4914
18434
14335
20879
758
6654
6088
21880
11157
19535
5354
13271
4736
25375
1537
491
7668
3502
11642
20694
10337
9694
1572
9815
779
7855
6686
25518
1884
463
8315
7435
1948
12146
13636
24954
12560
15090
18606
3714
20176
6739
10277
1539
3168
17799
19996
21365
6585
17915
15723
13386
11842
6571
19532
100
3741
12557
24612
1064
3369
12731
6589
14966
21019
17993
2978
5471
11608
24036
14681
13492
16081
23291
11634
3579
14477
13266
18853
958
70
416
12529
2490
14170
7069
4458
3639
22509
5865
21389
6532
3645
12718
24854
6330
10539
9306
9122
16559
20871
21064
8083
10352
19949
1908
21106
221
13664
2531
7776
3632
5090
14346
9568
12245
6552
1672
5692
15184
4325
25353
531
3844
2386
1345
6324
16031
4681
8550
20503
4992
14273
10223
3506
6574
3435
4649
1276
3562
3312
3850
12723
12057
3780
8546
5523
3003
5764
7888
1411
13152
11118
4639
125
18407
4922
3041
12570
7382
2997
21704
12870
3238
14729
11973
74
5052
20256
833
3908
5289
13192
689
10583
25009
5760
13594
18817
24506
927
5254
22727
25158
22777
3130
23798
8512
21949
425
1378
3914
25133
5817
18451
5321
3306
4865
2471
25200
9486
23306
2496
6471
2210
7574
1997
25071
11431
11028
4266
4394
16030
573
570
4182
2932
9142
7548
25071
3978
3587
16016
23666
19496
6959
20328
25511
14020
20216
17212
4545
24716
1230
5073
17096
14603
757
7552
11171
4832
5979
5922
25129
14858
2304
17002
21415
4387
5483
13233
11772
5502
20520
25317
13640
20325
309
17846
3207
9635
18329
23486
2477
5081
18521
10699
19931
20141
12963
9516
5857
19260
23804
4156
7083
21228
10071
17424
11704
1632
2318
2460
1424
20769
24783
14268
6424
19779
24658
1335
25502
5925
12349
2167
164
4176
11669
20006
25076
4964
2246
10399
19012
5995
18502
6479
21731
17281
25107
116
2563
3717
4549
22559
14091
9465
17277
17126
25527
1092
18769
13955
6334
9461
6382
1694
6106
1116
6252
21150
705
4316
12318
3360
22205
5450
4380
15108
489
1329
3239
19891
16095
10711
11225
16851
6083
24165
22509
18990
12496
213
14170
2289
10879
10504
20772
3068
15982
2180
15275
361
4182
4334
15639
5411
7059
12730
23116
1248
22107
20943
22161
16748
3469
24393
8904
14351
23084
10087
15762
21358
23600
14847
582
2234
505
15573
1298
18181
16441
12054
13295
3880
14635
7431
4963
20697
21592
17300
12457
25269
17854
8996
12177
12604
1372
1019
7778
2260
14130
1458
21660
9259
387
4388
16901
18594
22086
14870
12101
20776
10510
551
2425
10729
5767
7089
3896
15282
6555
3164
3024
18392
1080
13059
18352
13070
4610
18967
1718
16840
13762
20066
15431
17011
6455
21352
19966
10803
15253
15032
13504
8226
17521
5101
