5422
7056
3406
10558
24771
11498
16947
14482
14324
19797
17513
6833
6758
6001
14620
15656
1084
5915
10018
15544
14892
10295
2203
25516
5553
2196
16999
6887
12900
9195
12973
18557
2737
5778
5255
7903
5081
18691
21511
23919
15230
17593
20777
7061
6810
16088
5038
23249
14437
16051
2781
12539
3754
1989
4914
11723
7594
4402
5394
22142
13568
2790
24112
1658
836
9743
4175
12275
12599
5464
16009
14459
2399
6593
15704
2992
765
21861
14956
18525
14956
10673
24500
13565
19695
19701
990
15803
5786
9662
8001
476
24282
12777
23385
9101
1192
24338
23292
13454
2911
20607
6961
22940
17031
6271
6794
1819
9539
24209
3160
1424
21409
5072
6384
7252
21121
2146
25383
899
22029
3604
10109
3081
6613
20962
5211
21697
7113
16488
14872
17464
17385
9142
17440
4093
3568
19654
14984
5656
1007
7727
14007
21126
10740
9028
1672
2619
15718
6232
16321
11988
3653
24890
17300
23725
7886
3725
12946
7520
20061
9707
20335
13999
22705
1580
21213
2140
3128
601
12063
11061
7002
6140
17252
11982
8983
1520
7101
2824
1993
17863
2031
21158
18874
24665
15079
22512
24103
2937
24674
7448
18589
2426
7166
1274
1015
10157
16628
1994
4250
10908
4315
2375
6086
1408
10317
9616
16441
1121
7393
22692
8881
21794
19020
11326
24919
865
20529
12258
3208
2727
16231
9272
6378
6392
5118
21134
9100
6908
13504
6285
22451
13443
19611
8058
4496
15163
7292
18292
2430
7263
9716
16303
17984
3907
23834
20838
10540
4283
9795
22389
20581
19761
608
1611
7117
2398
2591
13758
22012
24011
2246
1862
13479
394
18644
965
21114
3486
63
4677
703
3286
24819
4706
10790
11665
22381
5838
154
5272
2177
6120
22917
24696
3293
3960
17410
20196
23894
2748
9761
11721
24296
2231
11827
6523
5096
17069
20032
16391
5789
1941
7129
7071
3244
14347
14613
5531
3991
4439
5409
1173
4197
2246
9794
8477
4183
1218
6572
14947
327
6441
24158
5912
17073
4460
10005
6539
6441
10545
25311
209
3574
4838
4599
2039
10184
816
7565
5898
7342
5569
6847
9458
16793
11206
4467
18458
10406
9044
7618
23665
25399
4927
2505
731
3775
22134
16818
9745
4648
17435
19283
19478
3259
6509
3306
6122
3461
4981
17041
5945
21842
14495
8992
5775
2845
20915
13776
19888
16437
5031
22587
1574
5018
5582
3986
6607
5608
19613
24852
5370
8947
24621
562
5831
12873
5331
926
24419
950
682
21250
622
20495
20207
17873
14946
18039
9973
2712
1933
7628
23190
8029
18394
7118
10254
9538
17491
5722
10351
10250
13710
15757
2530
17070
9410
2347
5347
18453
20363
18762
14305
14699
23071
82
2481
1492
12488
14268
6248
21788
6332
18412
15557
9798
3841
6859
15348
1764
11112
18191
24239
5457
23984
12538
3601
1775
9176
5280
15851
2609
6427
5580
1379
8269
2780
10148
1308
20651
23215
3465
21174
17819
3952
1440
16121
24349
5911
10204
4587
19942
14257
22274
9212
4969
12752
3030
5695
2596
4212
9787
11795
18186
11473
2891
2903
3887
23877
3669
21906
6852
22782
24912
17086
23090
18475
23914
9709
6563
1561
17818
18194
6762
4655
24833
2539
1258
12919
7434
6519
18158
17232
5705
2467
754
15135
10452
18082
23470
