19045
8352
5792
14409
7038
4450
6456
70
4582
8345
17461
23269
24639
18452
6638
22091
842
17574
9581
22508
20842
23974
16495
24285
8386
7319
14810
12619
9925
4324
2558
6494
3889
23103
4576
748
11224
18932
8384
2357
23684
16659
5089
487
12112
9209
11737
16874
6354
5762
2208
5588
4251
17161
19210
15161
3671
4499
2792
15101
8516
20679
3443
20233
16337
19273
5443
290
12437
20773
1293
3310
15065
11736
25148
20563
24686
4452
14978
10836
2549
606
23811
19193
8820
6315
7891
3767
8920
20789
835
8385
3202
6216
2596
13720
22183
3141
18089
7190
18353
23191
3762
15182
17036
21312
24945
784
283
13346
1493
12080
16358
3724
17512
9270
23031
3918
21886
5025
21323
9977
2399
10836
22086
20250
2463
12426
7479
881
24709
6598
20163
23073
3168
908
18807
23689
748
9580
24386
3100
9404
12296
181
11313
8426
7486
22528
9446
18635
2964
22007
7929
21153
24436
11313
14516
3680
7173
14662
523
2043
18336
25483
913
7053
5673
474
13725
5381
8046
2209
1167
5585
19705
20864
6819
5104
3545
6832
17079
4659
5235
8339
1094
3445
2016
6325
22771
1561
8777
4263
10110
16132
16576
25498
19139
13781
25129
2144
2664
13366
6270
19189
329
9865
476
5410
4628
7087
3419
24558
8223
3039
21371
1228
25389
13894
11138
4209
4125
14903
22714
18667
2933
18211
6441
2446
25361
5440
6103
3902
18010
1021
5337
13241
24261
154
6535
6150
6353
1254
4125
9502
20625
20300
15287
9198
1912
13320
4578
385
3271
13464
8789
18412
5319
8837
13168
23959
16580
13108
9955
20482
5537
1087
851
4369
150
3530
18629
8293
8255
1555
22753
10290
10245
13920
7424
2156
6360
15393
17141
21049
1036
16111
16108
13214
5254
4669
23763
21154
5950
18867
16041
6464
25520
15423
19519
3313
13676
5183
4792
2227
919
9522
5173
815
14961
23202
1864
2982
3652
24673
1535
21457
2072
25421
11857
3544
10725
6332
12393
10823
23122
21089
20247
9209
23605
229
20362
8169
13851
10410
22398
9555
2504
17249
15837
7836
23363
5632
18974
25426
18591
3765
25450
13406
12836
1861
12371
10026
20625
5084
9686
487
15773
1801
2107
1621
1911
1154
22747
11466
2636
18850
13986
20835
25493
754
11611
19902
7747
622
4511
1401
4987
970
8829
24898
1450
24546
17542
15014
17496
12289
4512
14260
13623
24903
22929
5562
15378
14414
4063
400
5509
17676
4034
13855
4218
17681
5842
12711
22309
5503
22707
10133
9606
744
19250
2189
3527
3027
10950
20940
302
1152
5658
1436
4354
6948
3841
1110
15114
20083
23589
22235
6074
17457
795
22801
2179
11282
6485
18492
6615
5192
942
16245
8120
11362
9542
6107
20000
5390
25304
21034
17050
4763
16395
4215
3056
11784
17325
21250
4973
14440
561
20284
8140
12508
3130
7276
4702
6486
19623
20201
14866
11680
18050
779
3531
9958
14439
15563
17254
3184
11346
24981
1169
18288
1948
4768
23046
21499
6290
2241
12594
10250
5230
23627
9883
13570
4760
12567
24270
11960
16675
17362
19337
24221
12457
1079
678
1143
19556
456
21651
6085
1873
491
598
5556
20253
19837
10086
1679
3059
2578
16386
3920
4011
19401
4081
14966
4613
12701
2432
19926
3716
248
8701
309
4531
9191
2572
16784
1346
16222
17939
357
13140
1028
14385
20014
25433
5983
3064
7161
8831
16860
11152
8036
16215
11173
10806
1812
3598
1937
6493
6342
14274
12023
20829
12051
5675
11432
10379
17679
21929
14389
6868
13924
12297
8931
25040
18289
24591
12717
5955
14588
12241
1364
8197
19123
19214
18711
11917
12170
