5387
24146
5223
23557
7314
7675
13376
17318
25270
22599
19336
4656
7212
2958
3201
19895
8829
22330
19559
24822
1843
5890
1503
4866
2686
14227
2396
2677
10537
8896
16928
6146
453
4053
14124
6374
10043
13658
1961
4881
354
4935
22711
1635
21841
5158
9148
23411
4963
7250
4814
1149
13008
2193
19310
23286
16968
629
10906
5188
16265
2244
3145
6514
5974
5779
22767
16403
1841
6518
11698
7822
2842
5180
14955
5970
897
23164
15681
6801
717
797
16208
1014
10379
23168
25284
11548
12911
17128
7133
14748
14399
5271
24129
6471
7034
24380
14240
9489
16603
17626
23456
3655
20906
3643
7846
23936
3381
22364
25067
12844
23785
891
3092
4982
1376
15445
17636
4427
3285
24786
20040
379
15516
584
4862
4093
1314
9534
20711
23487
17216
7300
1904
22814
8147
7586
3826
16440
9918
2654
5239
12956
5528
21779
336
9877
17355
7624
18359
24155
17193
1019
3932
20504
13983
5429
21487
6399
17467
80
25254
14370
19391
21437
765
24534
10959
11844
222
870
2987
24108
9552
6109
6356
3124
4705
3405
7414
11934
265
21771
1824
5130
2463
18683
20489
9780
9886
4247
20466
18511
1702
19829
4264
5827
2969
20936
1065
2005
25034
10971
21561
10124
20222
18531
1326
2871
53
744
8102
23743
7379
3359
3528
6389
3458
4741
117
5003
510
11912
3046
2107
19194
20455
5289
8644
20783
2963
3325
16312
14229
17678
25261
14262
1537
18973
7194
24188
7406
1697
9811
13974
23777
301
20922
1344
5704
24312
101
2871
745
9297
674
1878
5610
6395
9645
13245
17939
23451
3276
2902
12614
5457
4284
2846
17678
6506
5557
15190
13560
1844
12225
24039
7975
18762
18572
843
25317
2379
5726
10052
9415
111
1527
9479
1407
19486
11493
9625
1718
4179
1586
849
8232
18401
24632
2463
1670
18085
5876
10643
7962
1836
21072
10087
9884
6969
8455
9068
1729
19024
2403
9549
23179
21429
4357
4861
9404
21063
8389
11286
13727
20127
23787
24462
16266
4572
5278
6176
7468
6099
24170
522
17985
23896
305
10293
4735
9710
18883
2808
45
6820
24566
11646
22211
2915
2503
6386
16005
21410
14294
15423
13796
5891
17297
16766
2548
4876
16203
23410
7062
8542
9094
2294
21741
1102
6836
13507
20467
8111
3609
19117
10830
13053
24916
17612
3107
25322
20215
4992
23867
14701
1439
2666
10777
10837
18575
6643
14904
197
23660
14340
21681
21497
2292
5992
13902
21322
4516
25073
14090
3265
1934
20170
8011
3111
5014
12219
11708
127
14298
22646
19438
11382
2017
3028
4459
2379
15053
13633
19215
6004
13789
21150
23368
24661
3413
3498
5355
10211
24734
1151
2794
19915
14855
17552
14937
24321
15862
4049
11773
22555
1859
10239
5373
5401
13696
4342
14731
4324
10493
8283
4982
10315
3853
4205
472
14185
3046
24893
23412
11991
5834
12554
5334
881
5191
6274
5655
9328
865
21577
16316
15007
23479
7921
956
7198
6691
14903
23025
2383
25100
10262
14664
3213
5687
5553
23392
2490
11814
3855
13538
3267
11983
15494
6192
3812
3117
5004
3438
5270
21934
22308
21930
14552
5172
6632
8784
10903
15159
4290
5608
13151
4363
22876
19510
1825
3546
18229
15025
18480
2017
6869
2992
13806
7144
15254
20582
4168
4228
19904
15057
10450
4183
16597
8921
9118
20214
13812
15365
1397
9367
2470
5960
18467
12161
80
10915
18077
16623
18978
12858
9038
6111
446
2722
1959
8024
748
25445
1383
2320
18596
5444
6598
24109
5626
6576
2960
1886
20332
23354
16539
12436
1168
158
2263
8514
10852
3937
18154
3758
758
5383
3084
