23344
24138
8484
574
4244
2332
2531
22242
22957
16072
10153
15423
25491
1849
9875
20241
11144
24551
3368
7401
5647
15827
24505
17827
3364
1906
2986
1134
1076
883
16617
16221
1512
9453
19598
3677
6046
19459
16716
3418
6106
7256
6322
13433
4815
643
22157
6590
3204
1376
6004
6721
6373
449
9382
2521
5564
1491
24887
8395
1491
20786
12080
2634
7045
4048
12213
9481
779
14742
2001
25338
19986
4478
3630
5059
14450
4094
7019
13398
508
5987
2431
6363
5682
22922
21647
3207
13509
20840
24465
20291
23806
5664
714
5491
22666
13402
4989
21905
4825
21586
24918
18003
1382
3651
11176
2891
2663
3391
3443
4930
10543
13725
17667
9354
11698
10279
3175
7257
14007
14803
17187
23145
4679
18476
5970
24428
14764
4750
212
6765
7105
24403
12013
710
5461
20776
7029
14190
7235
2316
5547
3477
16693
6140
1700
10808
730
3311
18223
14454
6496
23780
1692
18077
16580
15931
5074
15686
20822
5120
2944
24392
2827
459
16490
14868
20738
17621
15543
947
21911
10368
2372
1990
13440
12417
104
22725
41
24436
4731
6998
15201
16824
5312
2459
17992
1147
22530
4426
14516
6625
22138
13923
12037
8939
7542
780
1006
3720
19558
647
6626
18413
24108
948
1021
10168
6089
4253
8264
3910
15811
4282
4753
4221
130
800
8699
1090
4840
4102
1745
5117
22504
1716
6294
12060
19299
20011
2756
3919
822
9969
5770
892
4873
2658
6150
20874
20827
19580
6387
21158
6873
19323
19538
3182
5083
4050
5632
14730
12591
23564
22765
13853
18733
10941
24029
4542
6216
784
3941
1885
13720
725
9783
24962
4293
601
17248
16762
7270
3408
24554
19123
15168
1180
22195
14749
15415
23017
13085
24609
2598
499
3351
11423
9247
930
21556
8677
8432
18903
2778
15934
8853
1016
3901
21187
14538
22589
10186
19329
13780
12657
10994
780
3486
21195
24410
23483
6187
4800
4227
3998
17012
23988
16654
3819
8836
20411
4424
8289
2181
2578
24519
4176
22374
8039
403
5861
570
18304
17078
838
14220
7659
3113
3766
20020
21162
21526
4817
16468
18652
8813
12071
23689
9857
21094
20777
15932
21471
1933
7232
20342
1986
16316
17578
15814
6318
6308
18839
23818
1041
20936
15502
6114
1528
195
5602
9188
3059
25219
19864
21310
4290
25500
3977
6573
21575
24291
9830
12442
9141
5103
368
6260
21926
14391
7164
7139
3849
15779
18039
16549
4377
21288
2824
6969
5546
6772
18373
1107
3483
5340
328
15976
19925
7539
20470
6205
7917
17483
766
4173
11901
3131
6208
198
3338
5933
9323
1688
25318
13856
10650
3697
23291
1104
17069
3252
18353
3894
1414
16603
24427
17362
56
19331
16419
4714
2241
17614
6779
8362
6720
16841
9348
16045
4966
14802
9244
1659
22300
6321
13174
2028
20014
4842
7464
25354
4883
5395
280
14449
10546
2025
537
12837
9018
1117
878
21166
8337
4768
10622
20810
24652
5011
4508
337
7872
2680
6094
7062
6102
19184
24752
5433
20614
1352
3071
11545
6133
25260
4423
1169
5052
21983
24753
3438
4554
13038
619
22904
1116
20975
6351
4241
2231
9104
20529
5238
24331
13082
13199
31
13565
7095
2635
3764
3076
1835
10749
24668
233
4002
13113
19724
4279
4592
17211
2819
20321
24721
4669
3140
6851
22938
993
899
1868
1917
9639
9043
25369
5852
7887
575
996
22766
4139
3923
7304
9492
41
14965
1409
8285
2935
18329
22279
3489
12596
22710
8147
22386
22041
15279
24590
20228
25255
18356
3956
9227
9445
9968
5961
4754
16737
4834
14080
11167
4620
8
24046
22001
4456
14621
3677
941
