5287
11770
4719
4425
5075
4472
14167
5284
3516
2430
2421
14142
7868
24689
22268
9526
7291
4567
22280
12485
13959
25546
10682
5736
10079
17596
3236
8570
14114
14540
22309
2346
22873
13193
187
22795
3939
272
6431
8013
22908
4010
12128
9990
5124
10445
10882
1853
18686
3302
3925
19124
2831
3452
14534
20636
5854
2331
7265
25377
3916
18129
21192
1497
3159
21295
15228
24349
7122
15786
22732
22093
12016
17542
17655
2391
24355
548
2441
12094
19346
5370
22919
1910
15052
15002
96
4295
19472
19159
24676
22451
5516
5171
13130
6767
13385
10888
23084
16511
19466
5439
25152
1982
4630
2805
20735
13004
8325
7395
5885
5167
24465
21234
18837
11227
10989
13813
4974
5084
3743
19684
12659
2323
18855
1768
13415
11277
24062
5976
20571
4981
4098
16822
24935
20634
21988
5189
14304
25108
14165
5236
2766
6123
7322
22921
13052
792
3775
6391
6553
11040
692
8437
14034
16613
1951
17564
20957
13617
227
14173
20968
15520
5960
22659
16901
14142
14043
2708
7415
9478
17303
20934
9354
1778
23210
2686
10667
13671
4673
22824
17101
8551
6825
13415
4302
2326
5763
13070
18351
7026
7200
1220
21151
2753
21012
12167
12148
4515
16568
781
93
325
9456
6832
14537
6210
12624
8981
355
3578
12280
11387
21334
11223
13208
13591
11755
11073
13850
5194
4446
8270
10148
18435
1633
7040
3090
23693
5611
4306
23249
2882
12478
19400
6067
4446
1730
20818
5240
8534
19919
13637
19695
2168
5893
23678
5481
4311
899
12627
7874
5493
1791
17809
5078
13368
24698
1188
24608
13582
8411
10009
11583
10649
932
17190
9786
9866
10785
4992
18257
17099
25272
23002
7326
8989
17484
1268
3765
4515
44
267
4181
23628
20285
19803
15303
19139
5397
11026
21220
20257
15407
1594
8032
20402
11026
4456
17866
13531
7006
245
4765
1410
21500
5560
11943
3670
6324
14064
970
20596
10128
20339
13688
1851
5967
14590
22482
1376
6066
24004
14338
98
5013
8097
22924
19261
24551
19188
14666
549
8372
6043
7402
9963
4482
2506
21170
11056
11795
17426
24633
20419
4775
15120
8984
8091
1557
18996
24372
11562
7278
14769
16115
24247
4853
9519
17122
10751
10653
2880
8415
16156
1930
9265
4841
9466
23012
20419
6305
17368
9621
15960
9292
24901
21472
12700
15487
2892
22294
757
2504
4336
5796
14573
22474
16261
563
2196
895
14700
2057
19048
23555
1704
5787
23878
3218
15753
22124
5821
20505
3733
2820
5115
15250
12885
963
6382
16688
3178
16065
9473
20298
23926
14894
5383
12793
14567
5223
6182
814
1975
18974
1857
2661
16896
10692
18628
3111
2664
6745
1656
2292
11254
21719
293
2537
12559
2451
9659
12663
13125
23682
12818
1074
17702
5948
18399
15693
8259
4472
3211
1471
25188
10416
3958
3123
14069
5410
18393
6956
4292
9410
20076
4894
9901
148
11579
16886
2820
10679
4971
19637
6089
11342
2114
19095
18861
3151
2874
10696
3053
18779
6128
7708
22305
11008
3149
230
1975
6203
6380
8158
20086
24054
2021
6681
22603
1131
3378
195
11804
952
5765
4798
11637
1606
21557
12229
18577
25168
22716
836
20754
8200
282
18694
13235
13571
1060
18484
9403
20206
18638
1845
14783
6711
14327
6489
4794
2253
3894
12723
18397
1637
5388
17182
3101
4240
11459
3834
24476
12530
1680
9389
1429
374
2060
20987
1540
1636
19429
460
1355
5332
20007
3107
13329
6160
19690
4441
4924
15598
3223
7297
17961
2732
6376
24096
10135
23683
5029
8173
2357
2051
14703
21096
7078
17397
4118
24727
7115
11845
8695
3540
6746
1477
2729
18139
6077
7293
1176
24810
3926
500
22234
18662
22228
14257
20314
8936
6000
18817
4524
23114
3463
17955
7279
8273
21471
10497
22973
23665
726
9564
5112
2961
1432
6607
19204
3834
3405
18944
5343
2295
13750
12732
14471
6857
992
4489
5989
4479
20403
4881
10490
4694
8179
13338
14308
6723
22890
16244
11137
2557
2190
13057
2995
