10476
6436
7732
2361
5369
2544
380
3634
25511
5999
18557
3351
23673
13187
6472
20908
21740
22963
2901
5337
1267
2921
4429
2270
9038
1861
3133
17871
3111
2318
2106
13550
22559
2722
15506
24303
458
15018
3106
10444
19927
3657
664
3817
20076
6303
6071
17026
8303
2553
6958
25078
16001
4641
18857
1002
7731
5616
9870
13118
22079
3113
25278
22880
14039
1519
6001
7066
20645
16799
6574
9579
2182
4622
1962
25487
3648
17164
2783
5178
16677
3314
13866
3315
5260
15214
10330
6865
10996
3736
15621
6922
2975
20878
10800
18908
166
3272
4402
11137
11739
6316
6631
15625
1759
5101
21777
11750
10770
3737
13922
3226
21229
17525
18690
25082
1519
6536
6556
15446
21979
9854
15082
11136
3138
5330
376
11158
12656
6630
4911
400
12523
9354
973
1433
13524
17991
13780
24449
6992
13119
14719
12656
12648
2787
3925
13270
6036
10812
22519
16802
1755
3002
1188
20934
1739
2690
1242
278
1228
4699
25507
24300
19821
13290
18146
21740
4838
6731
20936
17881
10461
3149
4335
18465
5384
9659
8378
9284
11321
18123
2087
24684
4348
15115
19655
15285
5153
6304
7980
6847
4809
14326
20358
24989
14251
158
19435
16553
7117
16883
4248
2879
4964
21000
1745
22252
994
14033
21746
12472
11323
2340
7667
3704
16343
6997
12272
22356
7074
11442
9532
13209
16971
3240
3726
908
25282
12064
623
7796
20504
12124
6673
10393
1382
17232
20543
9005
3007
8079
17412
5847
20327
19252
1315
391
22512
25086
6594
21065
24874
18722
14895
21746
142
20981
17226
3496
720
20131
17734
1127
7029
5052
22033
66
8939
2474
3353
13033
5769
523
17737
21706
10615
9850
5272
12177
2300
8346
20964
6696
1219
23344
24031
216
6038
2575
5916
12880
2917
15445
22872
18408
21743
24830
2195
17356
2110
14848
18381
19383
5376
16344
3359
10237
3493
4418
7279
19948
24134
10491
24612
23766
4431
11513
20562
2019
22658
4707
4145
4055
12435
12765
20939
6962
15575
18640
17485
238
15616
21295
4527
4099
18211
5948
7679
3672
4189
20523
363
21191
9179
3299
3126
2074
2751
18415
4332
9566
25197
6205
15184
11866
535
10552
7778
7016
25348
15703
1597
1441
9412
8802
22736
3118
18434
5248
354
17789
1251
4617
8632
4159
493
7718
23959
18837
2511
4683
24436
25122
12627
12799
4200
274
24236
23497
2870
24045
13077
3111
6503
24415
25406
20891
4713
18041
4144
12045
7522
19229
7112
21537
25102
9860
2830
2794
7291
3819
8368
16544
15355
9239
247
17740
3692
18773
3907
17377
13110
3647
22660
21061
9747
23580
23623
19035
413
15733
641
11177
24286
23891
21289
3227
4758
8373
19339
20387
20632
1630
1278
3650
575
4399
19677
5083
11513
9399
11092
6874
6912
20489
16193
5767
4971
2399
13271
13936
17999
23061
5878
11371
323
5567
5195
73
2545
22630
18289
21309
16701
7445
18595
4964
23851
3812
20726
8049
23681
3418
9840
23107
5680
20093
4973
11773
2441
13648
19774
7219
16393
25198
19725
4917
7205
23895
5719
24049
6199
741
2762
19237
4855
354
1127
2915
24946
17237
2254
10685
5420
19509
13430
15470
21523
671
16399
19145
3171
2452
19578
20499
3808
23625
14690
413
1930
1777
2405
8951
1440
5734
3082
18724
14438
8296
8212
3621
3814
5064
12389
13444
14663
5026
18685
15028
17633
17104
3547
24160
2830
7006
5470
4284
4650
3332
23353
22862
23289
13317
2267
10500
1446
18550
11300
7942
3609
10359
24336
15094
20486
9818
17257
381
5591
489
6105
3824
6125
9279
4915
6884
2515
5323
19362
2135
1622
5896
3696
15323
2773
25095
10232
2524
10215
3785
6725
24158
16316
1771
17723
7021
5711
24778
6656
4777
17906
8000
5398
13035
15727
6480
20701
3559
5088
10087
21155
19294
4661
1891
2814
2978
22879
20193
4058
7973
15491
7982
25203
22769
21696
1529
5701
9299
12256
1248
23250
10575
16820
24263
4161
24636
326
25193
5797
5246
18834
6462
20174
22710
21991
62
22387
1562
4176
5332
25320
730
21157
3008
20609
8335
5469
15963
