19369
12994
22908
20035
2864
21218
579
5469
15871
2187
17032
7913
17212
16616
14998
2648
6905
13076
21888
5846
3610
4752
4499
10430
17500
13204
883
2381
12611
7707
25353
9516
6130
4661
5779
14267
22521
5847
5073
23437
17303
20438
11956
9574
1067
2585
15349
12185
17260
21670
12988
5562
2934
24061
16069
24706
13553
24618
12865
24714
5923
16620
1319
5708
18470
5758
17990
24689
4579
3109
5534
16971
11798
25119
690
226
3036
9438
23272
11449
2487
7051
22428
7983
6874
20521
12400
18343
24593
20507
7258
5901
11936
8924
13589
11566
1985
23472
489
5594
140
3535
19072
4014
6372
8331
313
6588
932
16405
1011
7107
23994
1151
19242
17483
21782
13059
2400
995
16808
17763
7552
19102
11158
6676
8783
21780
17118
1446
16282
656
18248
21531
2810
4238
24592
11561
22188
17257
25298
22802
3566
3638
2753
4792
21958
3952
8614
4073
18833
5903
5505
16828
2561
22914
417
19291
15576
18172
9466
5104
6367
7863
19039
7662
6911
2680
8058
1481
6993
7868
6410
18874
18561
381
7402
9819
7012
22758
17402
12540
12519
21037
22289
1700
1069
24780
250
17746
13419
6398
6653
3572
1003
19862
11531
5328
6562
15475
12882
5113
20903
10650
453
11156
6381
1919
24445
9921
3670
68
16375
8098
16167
3123
16991
5659
6339
16058
18452
526
5431
8331
19809
18654
6610
16402
21286
19935
863
20290
13538
14564
734
8682
3343
22661
23824
14808
24255
18591
3066
16859
22855
9735
13235
5613
21284
12761
9112
4317
24538
566
14744
4122
11076
4778
20719
1122
24795
18302
8921
18731
668
20313
5396
1374
12804
1712
5720
18134
683
7747
16225
24616
5126
19853
3728
21726
17631
23448
23567
13563
8149
16334
722
1099
24415
2147
9779
1169
14672
20321
11480
3033
14221
7376
4560
4502
6646
15075
8937
18379
435
5517
12370
2309
13155
24599
3993
10208
5013
21786
14872
18652
15312
11511
12135
4876
21783
12445
265
5487
182
3893
9390
18501
12063
17085
24344
17538
775
25463
1045
12931
6419
1890
9849
21808
15296
998
13916
22494
5983
8219
4547
10758
10026
10147
1079
19179
14442
24745
13466
1257
6812
3315
1712
6493
1333
8998
1648
23424
16740
15985
6224
15601
25457
17851
10723
18319
3249
11589
17073
2853
4922
6782
1482
4839
5624
1403
5164
9528
4509
19048
6549
6511
11015
7486
7540
1138
5537
24436
2580
21697
8570
322
17427
23717
295
6897
512
12717
21799
15218
13412
9991
17068
3503
8911
3108
6250
1949
20361
5155
14082
24466
802
1065
5433
7057
7565
5848
6246
22981
523
2639
23095
12583
15076
18273
25072
15465
13966
16606
11774
23413
19150
20836
23212
15165
17483
2090
3261
1088
615
22530
1540
20938
22695
21321
6628
16373
2697
22101
5128
13225
6963
9390
7269
15549
3236
3893
20824
15340
4029
25338
6859
6007
1595
3154
5757
23959
8745
18647
15398
22742
18161
7235
14549
4868
5913
21512
18213
18770
17502
16712
5663
20238
6151
13990
635
24918
2298
5386
23346
1965
5336
17944
2600
14560
9799
10397
7423
6697
13334
2078
15892
5141
8841
22958
4169
21792
13527
5281
5671
17726
1754
16672
2245
19779
20549
8645
8308
14569
16320
9032
19270
23646
3478
22424
21831
18819
10873
24857
6965
3896
12685
20080
1518
15885
1194
711
7138
2400
11870
25225
19990
7444
23715
7016
23758
4262
5309
9133
767
7404
163
21442
11617
24734
551
17795
9021
4893
21229
16155
7124
10495
4771
3869
18366
661
18496
22596
18262
25054
20381
19382
4845
5996
15084
22117
20892
14943
8288
14926
8444
10008
23362
7233
19794
2478
14859
6567
5191
8117
7920
10256
12152
16064
3847
2856
4987
1453
12719
1143
16017
20562
16377
7652
18546
18548
319
14146
742
11396
2862
9031
20119
12694
8062
12814
13942
10694
15556
11496
5875
14479
20065
16992
13646
4674
7781
24650
18409
339
21650
340
2342
1633
944
749
4610
12101
5765
17408
19530
2278
11509
23629
8082
21984
23797
2843
13581
21112
21129
16910
1092
1111
24956
4010
1506
20457
5333
2281
11753
10288
8374
9284
6849
4701
2454
4115
21443
