4889
594
19065
22749
6284
3384
23789
159
6208
94
5402
8130
2690
4916
6812
75
9998
10135
6885
5659
5580
16467
12076
5861
13752
17847
14813
1833
15163
17077
7557
5859
21987
9267
5926
7148
8596
18452
14660
12983
18506
14766
16720
6466
21221
8107
416
11883
11247
22922
6163
4434
20361
19772
10084
3662
11891
148
21208
841
16042
14585
22565
18325
15573
4675
23286
25216
7726
24715
21153
3166
12850
6342
17016
14068
3951
1398
9425
2731
2260
3880
699
12880
5446
24270
16209
10744
2422
5026
4051
24012
20946
18402
9657
15188
6237
5649
2121
19485
13995
3387
7693
6859
22154
2106
578
18625
10140
3802
24946
21153
2782
3664
11559
1890
6869
2988
19302
11475
10167
11817
7411
21819
11710
13699
2718
275
9320
22
24361
18294
21521
3116
20506
22063
4836
16915
14403
2306
2333
25213
7222
11767
19933
5537
14240
6117
6687
10863
24767
6549
10635
5071
959
1096
19178
2270
19447
4922
1771
6597
6337
7972
7928
5137
24012
1257
4735
1653
1523
7570
3229
928
9477
4933
22439
23797
7852
14762
10962
20967
21456
12976
3144
481
7100
17873
25120
2224
2733
139
13342
16837
15495
24061
47
21715
6108
18790
2011
3838
23580
5725
4654
17417
13735
21852
6334
1611
8045
11234
1760
22811
14731
6067
7025
15385
9889
13447
2208
15311
13907
24396
6396
20452
15535
20140
8315
1144
7724
1704
506
10838
1879
20945
3872
24391
22150
1715
2390
4225
13923
6646
17802
22190
748
13801
3339
21782
13635
11081
8699
1361
10454
23438
3492
1592
22942
6230
1245
17743
5890
24394
5896
8169
5156
2673
7166
24532
2175
5745
6691
15023
8261
6468
1222
8448
3060
464
510
15163
13242
17555
6264
5802
2742
2857
25386
952
12228
12475
255
8934
1459
13910
10990
8837
20419
15122
4477
11367
7019
17019
13468
821
23028
10662
12471
20309
10621
19543
1369
7557
20332
23357
13137
3067
24714
24811
25180
9969
7191
5053
21248
5057
4169
11809
6993
16533
18034
7803
2157
2156
18724
12964
11549
10428
8187
6508
4741
14355
10488
2600
3485
1882
4374
2613
16492
20315
2970
4034
16441
3743
15166
6959
1775
5769
14815
10678
5021
18638
17789
12196
15710
1284
6604
23776
13408
10841
3029
5022
13018
3739
17141
3134
24268
20922
20559
11249
23584
10217
15243
2701
3419
6581
1642
9808
1408
8515
3268
19382
10610
18910
22821
10478
409
7841
3825
5226
15186
18088
1206
690
23085
21560
3034
10858
6565
16653
20300
23433
7071
7187
2549
945
6742
847
17743
57
5166
9236
24817
4925
16770
4836
20022
1369
4530
7957
5206
2131
3859
6372
23767
4502
4460
4522
22736
2925
7982
984
7700
4045
25194
3856
24447
2661
5212
21722
10588
24220
17970
5428
2006
19993
7316
12898
12767
7111
1587
11641
3777
13851
19200
2650
13456
10966
8527
11167
15890
12689
4072
13274
10638
3731
6826
12928
205
6358
5016
622
13189
24886
6631
22152
8469
13282
15138
5016
20597
4660
14305
12418
23516
1426
4487
2971
2138
5570
4792
3647
4282
24509
19638
21683
7764
1941
3058
8776
3806
8607
10377
20066
16472
4824
23370
13274
13856
19281
24124
3130
14075
5271
16244
20168
17299
11547
25056
1569
5416
1107
11860
4191
540
6366
4755
14552
1525
5566
969
18695
5634
4198
23773
22326
2265
1396
13099
18364
8168
4903
1647
1999
12785
11336
4682
2969
1909
16306
16873
5428
22507
8466
6404
4112
4428
8103
2426
3918
14193
15979
7915
2415
6819
15212
9407
6222
5301
17301
2640
2220
4784
22851
4317
5319
19993
1421
4129
14525
14114
4071
1526
23308
3290
4060
18131
25527
10373
4852
21067
18092
4519
3621
21951
5413
6803
21895
20800
23360
21972
20813
2454
11672
901
21911
10546
539
22648
10667
4610
4468
19455
12405
24325
3852
12646
24283
5504
23325
29
24727
1703
3446
20348
2641
24919
2174
6763
20783
3945
21491
3255
7266
6536
11525
9973
3620
377
16901
23956
10317
1405
8379
3861
4217
15739
21484
394
5422
12594
12360
11450
24722
10911
21190
12988
19922
14880
19832
2482
25015
23149
1209
21941
3147
25391
15834
3694
644
10599
23559
10861
24604
20971
19723
9386
2616
21093
10313
5901
2214
