20040
3679
2364
17137
3116
2218
15897
15355
18275
10967
6201
25128
24859
25167
5328
9570
19292
15346
5174
6556
8633
5566
20348
21357
12440
5488
18513
13001
2162
11339
10969
7881
22467
2812
4240
12804
24316
966
20404
21653
6901
24489
15109
18605
2977
8434
20734
9564
15913
13986
23455
17121
385
8389
7128
5461
24376
704
15361
5468
12187
10236
23003
2341
420
4811
19269
16093
3597
21251
6257
10039
3569
4216
3863
21532
25386
9682
4161
236
20256
6597
4561
21646
24113
6368
15876
22588
25254
9355
21609
10047
20021
5928
6919
14550
6786
5966
15660
2883
8247
6145
6839
12685
24245
415
2090
5888
13191
721
6637
20744
417
6688
14097
13445
18716
10928
17103
5528
11958
4368
462
4900
3953
5710
5814
20649
23317
516
17794
2067
1571
24565
17271
12601
13971
25188
4605
3512
2108
2467
8514
6118
6554
22020
2753
2179
8496
2475
1464
5832
4973
11390
4052
21092
2713
11467
13371
17002
19251
13692
1135
4168
7160
8481
19992
9145
3230
12331
1026
11947
11617
19435
17073
10119
6837
15216
3250
13879
8867
17881
15922
3586
12151
17992
6552
15105
16387
12127
7039
23401
20078
7025
22898
19671
10225
8507
21149
18265
13462
17504
11663
1096
11847
7074
1512
11641
18639
5065
6414
25422
18673
4722
127
6526
3027
6092
9089
25201
7122
20592
13329
10640
2121
2191
214
17410
23311
554
10280
6493
16950
14529
22396
4872
22261
2599
24013
5987
10130
1356
23186
4626
20445
7183
12148
16821
7236
17845
301
7828
4233
321
9682
5883
23750
15294
1263
15138
13465
9537
896
22487
2403
979
13544
493
13057
1566
10035
4878
5904
1159
589
4899
13096
9395
6098
5606
16218
24307
25190
1281
2688
4111
22677
23619
3089
16977
23314
14413
4261
11368
848
129
7648
1565
21984
21942
3636
19377
3440
3677
17922
3292
7826
8524
11917
756
21747
547
15802
16647
14055
2117
2638
6577
4250
7288
9359
1568
17999
258
2708
5588
16151
20663
21341
6597
2449
6294
4348
526
6150
13994
19824
4815
17432
17937
15820
1873
24179
5664
12072
9602
11837
1267
2537
9441
24607
18629
7981
12451
693
6954
6815
11845
18396
18093
15760
4364
24670
9303
12684
7785
3883
5788
5223
8202
22153
852
7391
2152
2212
15807
1836
1536
14431
20724
2770
1792
17434
12051
17232
11241
6944
19525
1932
11319
6352
8197
12350
10612
10716
11971
20754
3813
5766
1675
24263
14123
5497
10718
18255
11222
4776
2105
5578
7356
1243
15075
23525
3600
2123
23789
13553
8564
1057
6757
474
5475
2429
23144
16150
6435
4572
11669
7866
4151
8478
18771
12357
17853
246
4317
5425
3960
13241
25056
5708
25323
941
6192
10511
22180
21506
8184
22369
6046
388
19237
2434
19311
12773
13245
15873
204
4953
22099
9818
18749
2979
3289
19639
5403
22567
2347
11620
8239
7411
15828
15384
4808
241
10693
24060
1117
3877
1650
20144
25307
12989
170
5644
3143
1591
10617
16582
5893
4891
7878
13188
12086
406
1530
14347
12147
6989
5260
8272
13516
1473
23819
13371
9659
5909
6772
9878
5947
24969
24023
6960
16902
5148
11119
2826
346
18601
5647
6878
6361
17516
15640
21100
5162
2640
25219
13733
24102
2558
15521
19919
3863
4285
23929
5480
21906
19203
25470
2794
5682
13069
13222
2780
17092
3175
9886
17314
19446
9813
8728
24628
22782
14047
9824
20090
2460
2704
18714
18798
11030
9170
8144
3520
23393
19174
7417
21448
7194
3238
23225
24980
22119
11014
22023
22351
20132
6108
6947
5305
1795
6899
24611
288
5266
15005
4371
13119
24877
13447
19115
14094
24621
10452
18284
1791
12561
3977
14667
8986
13105
13938
5636
1985
2551
12686
21184
1847
3875
14804
3927
15809
14207
6691
12768
15300
484
24393
3736
19707
11472
9482
21909
611
1803
6309
6499
18982
4451
5712
4088
4957
5227
3404
1844
14290
8797
2668
4965
7017
2787
2814
18573
23069
16245
762
21773
14698
9605
4322
17
10044
15970
18337
5936
2951
1467
13000
15201
14046
1429
22312
16079
853
5626
9412
2962
12953
20850
18638
20811
25064
5708
3703
19599
17847
16534
11646
18188
3469
2736
2544
12376
3421
10094
131
6523
299
4295
5098
4841
2158
3929
2552
9101
15270
23698
2253
