8135
15832
581
20651
6393
20675
12550
2744
5835
759
19622
2279
11113
4942
6066
13995
4324
18515
1743
1958
1602
17930
2863
2880
1901
1247
10600
21914
2496
5606
5484
21932
1433
24013
7058
8429
12318
17834
11
17342
333
538
48
24513
16150
1979
4794
5325
25211
12363
22240
3490
4782
4487
9825
15119
19847
352
18521
12646
16641
19561
21823
10185
14424
6814
15056
10372
206
1370
3741
24520
10200
23622
3842
15354
12521
7135
21718
14515
17285
4640
13615
24056
12733
13314
20904
2358
1602
1773
23497
15707
23748
111
1196
19396
2350
16945
8267
4674
17018
18986
4443
1440
10088
7485
16046
16349
15871
18841
24499
19931
18608
3380
16929
8181
9635
7556
1441
10118
4708
18352
13278
6315
5741
2844
19700
5226
6079
3185
19649
22575
5889
3919
3059
18083
2243
15078
9110
1643
25237
4111
8040
20205
18092
3906
24220
670
6805
3215
9753
12670
8742
14034
25074
8592
4512
19496
5694
9106
2649
7167
317
24026
2851
3820
2313
7949
12411
2055
11948
5614
23465
15965
23717
4750
21080
3147
11083
7978
10321
7122
189
4536
20165
1773
13904
5036
1995
3695
2447
1242
117
6876
15945
22035
5775
17470
3037
22753
17224
6100
4262
2357
9760
6935
8275
12109
16441
21886
2264
5723
20753
9722
12769
3833
247
10968
16866
5250
14689
1905
4070
4823
12044
11185
17644
20233
6999
1635
11550
6928
9762
15510
14844
755
6923
15388
13150
6294
9510
17193
6236
363
388
17846
12890
12295
6595
21836
21873
17161
6096
22363
20908
1136
17209
1685
5482
6110
18859
5889
6950
19572
6626
2379
23528
14931
25045
8507
7689
4083
22036
6083
14932
3872
4334
21983
15118
15213
18710
5496
412
14016
3822
2248
14244
20462
21987
23728
3434
16144
11853
12557
6432
5053
11877
20662
777
21001
3198
6307
10620
16714
969
216
3994
935
16720
3527
17552
14321
10305
18662
5948
3751
4095
4463
1850
11379
23377
577
22561
5007
5631
2065
7266
22406
23884
9633
2919
18607
6075
19832
24208
9879
11805
5696
5435
7132
9061
3813
1990
2342
8231
14167
10012
21464
23516
20702
21419
4238
2196
10344
3039
9262
3397
14973
8472
16000
2958
23170
15011
23849
1925
10873
1428
5931
16133
16069
5883
7186
9107
4331
6584
24596
4498
5040
541
5847
3828
4629
6948
13085
21048
1876
3177
16245
24931
17113
14587
12231
2254
614
9556
3543
22733
23011
10157
10654
2819
15523
19042
5652
2798
20980
24028
22728
11387
6154
14497
17693
1598
2722
10697
2785
2407
9519
6900
4264
7842
23543
24682
20933
3798
3105
15345
6611
264
18165
3399
13391
21008
4873
13374
5562
3473
9632
8756
24036
2655
4973
7019
21063
24166
23158
10411
20109
19976
241
14400
4386
4601
144
3209
2968
9691
13728
12151
7198
24655
7260
16208
20105
15761
1118
13553
4192
22614
19003
839
13762
5043
23574
15265
120
4240
3110
41
4400
10645
1258
9393
9555
18489
2073
175
888
12997
9865
3313
6861
13259
17564
1668
20128
17978
5026
2553
4455
4325
23152
5639
1011
3485
23982
1591
2947
161
5557
22851
13486
4354
5040
24949
7048
3546
6073
1895
8380
23182
21864
12237
5255
5143
1742
2078
19375
16632
833
16051
11081
18191
12528
15934
14770
6298
2769
13991
6322
2970
22167
7379
1115
56
2258
12055
11639
3150
16289
18405
2445
388
5394
24140
168
1513
5478
14213
7187
16902
22116
18717
1352
1163
1333
18855
13077
9430
16711
3910
18233
1748
6568
3970
6977
2126
10940
3693
7008
15149
24048
3186
9545
19611
5225
11404
16878
1327
6824
3865
22231
7813
20365
2466
12830
8290
23704
21641
6789
3032
18701
12139
11870
12938
5284
17735
3072
16878
7171
16375
617
6202
11692
6252
6699
8385
20741
2949
5812
2070
14977
677
21132
1919
3580
19581
8211
23820
9950
22515
4900
4731
14366
15560
20610
11152
987
15371
14447
23094
16197
17586
1752
7136
10605
17612
20233
8837
13069
11185
6774
2851
719
6767
9753
6323
7089
18180
6863
19099
8909
3167
3681
1242
424
11240
3219
20203
56
16449
2290
1632
14269
23929
6792
21029
3057
25368
1891
13986
3324
6702
13946
4666
24273
22621
10307
975
6075
6739
15235
21942
1779
1781
1149
10140
22536
19855
341
14591
10780
5786
16983
