18769
16549
9286
3143
5655
20644
7510
19719
5445
5463
19933
2466
6701
9256
4245
2295
3341
20247
5768
12586
18358
9581
18765
15821
11224
3046
997
998
17033
7398
14609
9780
16686
4984
2907
14031
5916
9980
14530
19723
2817
22108
7909
1695
7044
9162
2008
6411
6129
16497
57
10027
17524
10024
8110
12221
17688
10612
16282
13624
5003
1317
8973
7283
11788
17560
3751
9343
2260
13330
20204
5990
3872
4474
12508
12475
4580
22429
1455
8015
9933
19229
2090
19738
5600
5821
12977
12560
2333
22486
4798
5290
22785
6118
21695
17846
4032
14895
1440
15022
1782
21871
21392
9756
19098
111
12144
5645
2119
3428
6298
23179
2898
13483
4361
1053
6912
12702
22034
7028
18375
19598
6044
4143
6764
22475
4611
16642
9764
6529
6030
15130
2366
10502
5878
13004
20614
14562
1615
5010
735
21201
240
22588
4047
868
4943
2712
11170
4568
7623
2276
4276
6712
2896
260
8083
5675
24130
6092
3356
18664
21729
10115
18202
3252
14293
14091
4216
4208
24881
3073
21623
4604
1509
530
5119
6402
3648
2487
6218
8306
23930
21141
13256
8497
2132
14535
3256
202
6658
16139
12074
2511
7410
16805
14440
7677
16145
2375
15013
7412
11253
16392
14834
899
1011
418
3299
9777
5735
8925
7273
12201
10483
4790
16611
11357
12137
444
21632
1416
4078
5455
25013
2512
11255
2870
5403
15080
951
19907
15964
13338
4692
4751
16086
19003
17089
16622
1255
17889
11032
3380
20358
24976
21462
8965
1911
21735
3156
4500
21398
20988
1002
18448
18297
2755
6548
17977
21714
249
14804
5030
19358
2079
7265
17419
19022
22462
571
1555
7219
24965
10220
5507
2478
13141
3660
7462
5974
4347
5576
5749
13750
21442
12955
24834
24765
22078
19630
4178
12107
19965
21751
14430
21026
6528
8417
7037
1175
5667
20683
483
1867
16110
10435
7405
25193
25304
22302
23205
16484
5610
11377
3282
569
14631
17158
10805
2366
19055
5606
22163
7195
16324
2313
4588
437
21310
24675
11773
21860
15820
10132
24146
4375
25453
2416
6884
12678
2712
5929
4615
4624
22964
7260
23450
323
2998
14619
11491
2127
12514
5324
3065
21317
13320
18894
17615
18907
2814
1815
2502
165
3617
19967
15792
6405
5396
510
7150
3724
4790
1414
18397
23727
4684
7163
14324
14875
9364
22711
13156
7556
12108
17705
200
19549
18528
19117
24550
23187
383
11036
2936
6479
9067
1063
11611
5145
22961
6445
16795
20927
20076
13866
1776
12140
13574
19455
13351
4436
17932
9606
18143
358
11100
25280
3091
16217
23242
7250
16626
9057
24960
19945
5754
7143
8311
22660
5922
3320
4975
16249
9883
4735
24322
6441
14366
23143
5175
7187
8587
14678
531
25392
12672
22374
19263
1380
21249
9186
2266
7415
8514
21574
9344
15958
1817
21481
4872
17459
9471
9103
3818
13528
20500
10366
16925
2425
18891
2400
20551
22472
4587
20201
17912
5524
6463
7972
4243
5174
22410
12706
12366
5524
5965
23750
8227
10324
20345
1413
4105
3672
16506
3177
4714
5297
8175
11227
13691
23258
5661
14178
4332
2856
22347
15804
16281
98
3910
6190
19484
24480
23338
24645
2958
7582
1932
2366
1707
5165
22988
17221
9601
23232
4895
4644
23561
15013
14286
4150
14124
23028
24950
18733
23021
394
778
19771
23763
10099
7423
17109
14509
1845
24595
1045
8975
10417
16561
4275
22680
22582
6089
2583
22947
3377
1827
5363
5419
17104
5666
6325
1123
15917
23206
3674
13933
18167
893
1375
19316
20094
17676
24171
24538
1717
10075
16289
1481
1842
24692
8823
167
13684
656
9591
7618
18802
17947
2389
17327
2189
1843
3629
7052
6896
7083
16819
7205
10039
5413
11700
5442
5452
4488
1827
10066
6627
13102
8171
8278
22384
24674
983
14491
15177
3088
15617
16417
4008
14723
23956
11678
10232
16893
5921
14797
17462
10446
2046
2073
11693
24351
20008
4912
1904
4845
10099
13510
15488
17800
64
500
8790
5744
3910
5594
21899
7805
14482
19954
11899
2915
1720
22538
6365
19438
24651
23884
19962
3516
21631
3187
9874
22175
11954
2032
10331
21329
5326
2634
10763
24491
6222
5807
16221
10196
13498
2783
12278
3932
16266
5426
24270
9597
18396
2370
8754
1713
351
17265
2929
12927
5037
16969
7488
19825
22164
1347
4308
21782
3645
5388
24244
17233
24516
20852
25169
8913
23619
22504
13822
4246
14908
9108
10189
12630
16617
