903
13445
20054
20836
17070
22235
3261
980
9742
6942
4284
25140
8251
2518
1828
25387
16810
17098
19196
23406
6303
10414
22876
2674
7237
6343
6126
17511
24230
1240
3562
20789
22441
6408
2569
1119
1536
6471
8004
2625
6681
19320
14430
20954
972
6049
4626
11315
21613
13666
4580
9088
11158
15145
15304
2365
23658
14846
23517
8093
7938
18441
19793
5259
9047
6455
1274
3104
12413
23882
10338
2599
13560
13728
5666
16156
17650
644
23651
13709
2788
7947
8626
3461
9824
2556
5910
2780
6312
1088
13251
15678
4518
6969
1655
24629
11790
9042
17033
3915
5911
2119
177
1468
879
14059
7523
9099
10206
19335
19146
3332
3165
19849
24027
884
1371
23263
12937
21648
5021
17507
22335
4959
12569
6131
17719
23317
52
7493
1648
571
23933
16499
20128
8740
24782
2560
509
14537
16499
23896
11411
3948
16564
20107
1734
11881
4822
13247
15956
16511
9491
19652
23033
709
25172
13376
21722
5822
24792
22787
21629
17323
716
1951
8962
6610
1287
14205
14272
5440
6851
3499
11631
966
20425
3236
11045
5369
999
23064
14963
5212
7585
16151
4021
440
22688
9566
16811
4071
22571
1000
3339
244
18263
11930
23929
4706
1046
12758
3745
7525
4355
7478
14601
7040
8510
16385
17302
3021
23527
21444
531
3682
14438
6420
3109
3532
9125
24912
22334
11690
11753
3071
24150
17494
10976
3280
14720
3421
16533
15024
9627
8234
1255
14019
6068
4051
23836
2988
6024
20873
5848
810
12627
15070
3440
6241
8963
14641
4983
7704
8484
9476
1576
7862
24942
22293
2281
22018
13012
19570
1981
3118
1321
15059
13444
21447
24577
4764
1832
24772
19130
4148
7100
6283
9161
4278
4270
15012
1178
392
14208
20723
1984
2092
21331
10714
6700
17161
3296
17722
1400
20906
4304
11973
1271
900
261
18924
4795
19984
3700
3444
16635
23599
19136
12047
4532
21877
1227
15865
12117
16505
24552
12260
16728
10376
3795
23421
4993
21022
19196
156
11502
24244
6945
5526
22627
24310
10495
12101
7055
22462
23275
8070
7745
13408
6193
12197
400
10999
5858
8096
3135
4034
7115
12455
2968
6101
3823
8454
20695
3566
9959
6218
344
4420
24110
464
4120
7145
3381
22788
20818
8526
19740
138
17886
650
3817
24737
201
3893
16827
7667
21215
18653
15243
2309
174
10216
12413
10373
20293
16480
24697
1925
10632
22168
2717
4458
2599
22528
2179
23872
4398
23669
12291
1533
23513
6994
20189
18311
5585
20141
24003
13864
5713
1519
20114
11962
16636
1829
7897
24412
4669
3905
5032
5996
13857
1314
15338
8646
4078
3232
2728
4513
5455
6005
11197
6586
17404
15841
3224
10693
23696
8282
597
9751
11049
8374
9404
22345
15481
12739
25013
4087
2121
3052
11039
2567
1729
17022
1584
20696
14440
4138
6294
3131
7821
11998
10209
11595
8652
4987
4784
3473
1527
2490
1850
2067
9325
12973
19892
5453
16033
3750
16602
21208
2662
16343
6191
3215
22255
4185
19384
6356
5080
1777
12469
8763
15470
1508
19475
18239
22796
12546
16735
14468
15356
2307
1085
17633
22103
5558
6419
18666
21335
21376
17470
10930
16419
11724
10495
17641
8804
12418
22984
16997
291
69
22345
1562
23206
23786
92
22743
3522
5465
3367
12345
12226
1764
20767
11979
21595
25553
5944
15684
17943
4572
13136
1441
11494
17126
12904
20809
9503
9330
19362
39
18645
22840
24671
14428
9503
5916
2248
12195
9073
3500
173
15016
24667
395
1468
1084
3784
4757
5911
3006
8962
7106
5661
15385
5260
18696
22508
15116
23265
11864
6344
21447
589
19409
6043
9220
1867
4362
5105
22981
15916
17404
15259
23934
10717
6868
5674
2519
17527
890
10505
10769
13723
591
13325
4315
5934
18948
6487
1200
7039
20353
5611
6811
8507
20840
6175
599
11550
15528
18988
9418
16689
8712
22176
24122
10223
6157
17643
6569
7622
4082
7282
19907
2427
6139
5419
5526
9153
3922
13832
6835
3495
18973
334
3903
23008
9231
640
1416
572
1119
19402
7833
20625
20825
21838
17197
13863
21491
16087
5439
4685
2724
305
2406
1797
2624
299
14260
4758
8971
11845
25407
17064
8054
4948
14872
8028
15651
21926
11805
12883
15668
9236
5242
20482
15293
5867
20846
3276
4964
7105
3929
4688
12535
10027
15671
326
22087
7145
9465
2925
20135
16731
15503
6448
4542
6267
3551
9674
22258
5641
826
10589
6492
15017
5343
25435
2857
15246
3918
