13284
24686
1634
23189
13214
6477
17068
22619
23509
10426
17029
4539
13229
16383
6867
19452
2512
18723
23070
3582
13840
25073
21659
15297
14120
23673
15933
13531
18905
3461
4305
17209
22025
18807
4944
6493
467
4632
4634
11892
391
4227
14102
4103
5681
5153
1914
10894
12111
2345
3160
2525
12117
15423
8602
4415
24003
8488
3759
6678
6217
1304
20513
3124
10235
2895
4499
16664
2349
23376
21982
24397
1232
25041
21132
309
19025
2134
5084
6852
22957
18573
10806
166
25324
13848
11617
18984
10920
7208
15381
10809
15394
19114
21004
9150
19098
5249
9769
16862
17041
24407
21205
7583
2921
4269
12551
5121
5448
6738
24620
10940
2415
10980
192
9715
10535
13814
7405
20060
20237
4843
17196
550
4995
19111
20160
19779
7949
5083
24980
23073
8015
275
3600
23618
2435
24382
12229
21193
2807
16723
4719
20927
10828
8936
7275
6113
6838
25277
21745
21557
15218
17603
24791
6824
19049
16133
23308
2753
17784
5204
12515
9376
6282
3796
19449
19992
20536
2267
2044
2206
10461
2337
11769
22187
4700
6972
19015
20862
4250
8960
5721
2721
8327
1282
4511
4151
1525
16087
19377
8095
7949
3115
16527
6232
4431
20239
4450
483
3201
5874
16568
16358
15262
4834
15470
23528
490
20007
5898
3416
9055
7551
3413
3099
3033
8551
4711
23547
14892
8374
13650
3597
19557
1631
6610
6004
22544
348
8995
21865
14873
6639
19542
17272
2152
5628
5764
17517
9500
24304
20295
17979
11259
14664
24223
1853
22673
2535
24623
6665
17511
6044
2355
6473
11773
5456
5172
6400
2253
20502
1501
4261
16052
7030
1901
7722
8888
16749
3352
13022
4457
16490
7187
14114
17193
7372
10119
12988
19653
3041
14113
17415
20907
9529
1779
17332
390
24720
3604
6983
7223
16958
6802
18906
20103
14855
14775
6865
2101
12232
16351
2569
11111
16644
4545
23138
16751
12013
3375
23044
6436
6042
5238
22987
1623
13706
22605
20561
21077
5803
16999
12721
19348
7720
4466
4174
5966
3426
5409
17423
1484
22474
14538
2330
13282
3083
15564
1885
16277
5784
7868
13188
22861
5744
13537
10569
22184
762
4659
16838
5683
20877
4085
23303
3855
1832
957
16765
5120
6043
6567
274
17357
3261
20538
15758
11108
6975
8887
25486
5832
14890
22159
20984
4886
1956
5387
23963
8245
9255
13360
23239
4450
5300
12712
3610
8086
2960
23025
9519
10970
14268
9302
1895
11022
3112
15038
8018
21179
20999
13290
7014
24347
16528
6426
2028
6927
25131
3553
24916
3979
3132
10312
7693
365
13050
1462
4262
4753
12650
22826
21022
4103
3193
20994
4959
196
3436
2497
4401
10911
25444
15657
14285
3677
4267
13832
1149
8697
2227
18274
24416
11552
6491
9881
20088
3577
23277
18291
4681
19274
5454
1475
15025
21673
4339
7069
15888
22670
16273
7343
24798
4231
23933
19313
18703
990
20771
904
17859
6219
14819
21286
17011
16874
8730
17410
2801
22571
5967
14508
4534
6090
19477
9372
4558
18712
3782
18662
10162
12325
15646
15681
17944
12180
3914
11021
11621
6412
1274
13535
13097
12026
4331
4543
13650
22157
4644
21812
16761
5455
17016
1599
1542
5184
3562
14985
18958
6790
14749
2951
15940
21564
6503
1099
18177
7730
2036
1370
8081
7925
6743
1049
783
22202
5052
16356
8835
13301
20253
2925
18797
4469
8092
18413
13500
14809
3273
3172
5787
17583
5121
144
19678
2482
13722
644
18167
16448
5491
20997
6756
20983
5188
5630
18551
16458
16687
23053
13539
25309
17642
687
18902
11571
16753
7066
19873
16624
3886
7823
1520
11651
6491
12098
24085
111
24052
6112
1184
22153
18211
3913
22568
19274
6505
5698
22047
23654
4301
7532
22401
11246
11662
20316
17634
16962
5818
6421
20292
8738
21666
13862
4785
2375
4805
2561
15505
24893
11416
3524
3509
25117
2069
6257
21545
25332
4323
10674
16015
23539
271
1647
13455
6047
8216
7155
6583
5277
19980
2459
5199
5781
1934
22406
12097
1320
13414
20624
3968
19994
6254
6515
23080
9148
4522
20252
18726
12908
1207
2705
21700
12152
6214
21001
14148
3003
3912
2868
4781
17769
22067
15720
14247
5917
11951
18430
18232
7330
199
8252
19617
21191
22591
23141
12385
7088
2006
74
12652
4552
5267
2066
11069
2026
21715
6421
2656
15178
15684
18261
3755
13601
24062
6635
5103
23525
4361
3008
12523
13736
22081
21851
21414
22550
25264
23169
13057
2876
23804
25443
18446
6763
19126
1768
5322
22020
11923
17314
6167
17516
21899
18550
4238
1181
21621
