5224
3961
16736
23305
7897
20934
14632
20111
4575
1308
5939
3749
7355
24419
8962
762
12407
14818
16343
21690
4104
1534
14178
15904
1906
1322
6260
18683
1545
7796
24692
7202
2818
1092
11500
3021
8171
19886
24660
17787
2363
6314
13533
13253
934
22782
16486
6041
25356
1006
1053
15785
15826
9081
16963
1650
2342
18215
2459
6083
9040
620
20240
10430
20587
9072
19412
1195
9391
11457
988
3151
24773
24005
23163
10107
15800
10868
5245
5970
9936
8731
12253
22221
800
18033
22062
1518
16919
21786
4686
7128
845
6398
5371
12671
4725
1474
1040
1471
21246
1806
4199
6852
6766
23853
9656
6368
24772
16377
20656
16037
2533
3409
16874
16338
4135
11833
5299
5282
5014
17059
8662
14962
6979
22629
17344
24974
1610
4861
2613
3738
4187
17160
23812
10304
4925
2682
4084
5259
17007
17664
771
6461
22994
3367
1916
22638
11056
4869
24447
731
15177
41
4520
9834
19535
8637
11675
16600
22907
3728
6559
24323
746
12846
3746
11495
1438
17512
21302
4421
5372
9576
2191
3840
9305
17775
10890
16472
4690
6004
22629
3007
14106
19521
9946
3125
24784
9223
25
5801
12889
6336
19125
4866
4128
3995
10029
24680
5842
21420
1410
6949
22820
3317
10136
18245
14175
6572
5342
22462
2967
22444
24895
18329
17641
20350
4035
690
3793
2032
14414
1934
8930
8207
15364
5501
24045
547
1284
14899
136
20465
2950
17885
5593
934
4683
10738
8291
11746
3104
15821
18292
1180
7091
3454
25122
433
18929
6543
4879
17364
15590
1577
6193
6628
23358
15078
21001
6885
21636
3784
1190
11482
13367
14699
12143
24652
401
24277
11677
444
9590
21127
24743
18428
1460
4624
19699
13854
12129
22886
9160
14397
17244
2936
16479
22566
3642
9977
4630
14590
11409
130
5460
7733
7368
2466
4326
25475
10024
19906
2225
193
24451
13775
16587
21302
2220
22455
710
247
22925
13759
2910
5442
23867
2570
2312
13348
2485
22847
982
6193
3876
7264
8095
6043
16142
9693
4067
7368
11627
7722
10862
3642
2013
18215
11711
9555
1516
19300
16703
13805
8791
6750
3723
608
23626
2592
8183
21786
2319
4495
19760
13375
1266
15794
5552
19631
21727
15898
2384
5228
10741
14364
4619
1833
18397
9848
11465
6762
22609
10367
1662
1237
9091
16953
5146
4837
21191
3003
3894
16050
9327
20406
21401
18711
4040
7258
14691
12665
22479
16965
21304
8395
3685
17256
7116
12918
2497
13168
1093
19931
17689
1679
4093
2289
14018
21021
24653
21083
4571
5840
12212
13528
5888
21327
15669
21010
10839
12301
10264
5681
381
25018
15308
749
3244
10107
10884
13353
4909
3534
14716
7051
2636
15788
23453
22000
4646
15696
15990
17810
11085
7610
17386
15085
5506
7274
3047
2959
14845
12454
16388
6421
19497
3191
6435
18916
5686
3169
3101
3118
5470
5432
4673
8025
13465
493
9997
5232
14924
21362
18308
23482
3513
6760
23946
5400
1533
1720
4156
3338
53
5482
7859
17239
3479
3733
11146
25106
23801
22917
5532
2400
14889
1550
5221
13534
15041
21902
3205
891
7742
9375
3545
24674
4528
25190
1689
18174
22008
15666
1335
15760
6947
5804
8627
2191
1753
695
7671
4878
21144
14068
5256
198
9227
1848
1467
5208
25215
9654
4349
4857
6001
73
3685
24532
2318
21198
6031
5139
1996
21633
4244
2596
5185
11228
805
18226
3558
2547
1614
4046
10437
3209
20349
9401
24666
14386
2096
17483
19767
11715
12821
14958
1893
4829
16057
9508
15955
5877
21408
106
2252
12315
17185
15628
2344
3251
19460
18613
105
8886
363
1136
20896
421
5136
11789
22652
12773
3252
13748
23747
1420
729
1560
18248
22186
3478
15520
848
14037
19399
20471
8909
4055
6004
10082
8055
12621
2888
9177
20674
20970
9525
5489
6861
6786
6983
9315
14037
5069
2588
10187
13044
1186
3965
2609
10756
12475
21585
3632
5239
5764
2680
1502
24509
3996
22229
1181
4520
20757
11636
19570
23642
1813
7222
20956
8519
10715
1979
1915
279
1301
21818
13944
12724
17152
1811
17562
2394
21573
18543
20621
6371
1222
1111
671
2316
6703
10053
6148
1308
25527
9478
4899
23768
7448
2812
9633
2048
2254
19146
9776
3054
9589
18485
15708
5822
6139
4728
7892
10600
20780
24567
9311
1488
18776
10098
4461
10380
1151
2806
7446
6124
8489
13206
5627
19452
22676
7249
15465
20391
2632
12852
14686
5742
3414
3338
22606
2858
7121
2991
20540
14769
5053
20643
5500
11533
9450
23139
4608
2088
3600
21083
18574
13953
268
4947
24049
25507
19755
