913
6108
9753
4078
13527
19518
3274
6105
1319
14376
15735
3994
12389
2461
2881
24435
12564
16508
5876
6892
14393
3569
4605
6043
23223
16373
18286
7669
1031
7337
9229
17807
4773
11747
8003
1286
14656
6476
5363
2789
5750
15704
7215
8059
23329
1498
16604
5497
12931
19701
22421
7259
15034
216
2375
245
12636
22252
5223
20908
832
13683
10798
25468
15882
25100
788
18216
7134
15736
10490
8394
17921
3109
23943
2816
13296
651
17634
1530
19607
2636
7454
12061
5982
4733
751
3589
23196
9722
5723
7533
11157
3694
4353
2443
2717
11612
15696
2006
17483
7109
20555
944
2273
21723
12929
22457
4754
21238
11018
19242
3868
6440
5847
7617
5548
12467
4343
18481
22029
4865
2311
877
2628
1436
19366
23731
4932
641
5628
14585
23142
448
2823
18391
19713
13002
6857
919
3862
6179
18261
5027
18823
1169
20662
7664
15770
2377
19535
5565
25481
17233
8485
17643
5768
14420
3686
2108
1858
8650
9129
3179
17985
10299
10202
2163
1914
3828
3568
23385
189
20411
11574
1941
3053
9708
5651
16633
22241
2482
7240
11114
732
7362
6701
131
13218
1159
19613
5119
3997
13817
959
4102
12038
12751
24483
15947
6137
12136
21234
5562
7166
14305
12506
22039
9717
12946
3882
22697
1442
24626
17602
10241
4096
17741
6864
8851
11744
2001
14942
3894
16179
14534
12354
8343
6436
4178
14799
1008
18713
6580
6857
14457
25414
19978
479
6360
10060
8367
13078
5030
15475
5699
18794
5417
13785
8867
13334
449
8454
8249
19205
22290
1552
7169
10853
1264
22350
4348
6625
21077
20394
4973
215
9453
17324
20508
7969
21616
24518
9730
25099
2634
22570
1317
2633
968
2275
23152
17713
17365
1161
2006
12975
9578
5154
8280
16707
21072
9811
16912
9185
10156
12149
8864
3033
6500
5324
15291
3599
5078
24335
14295
19390
20122
1128
2988
13864
6742
2411
21159
2519
1719
4235
18152
322
4202
22724
3443
8400
5905
4445
3349
15197
20945
18359
3355
11476
8779
6477
20170
12445
16376
4456
3175
6236
1919
18540
661
539
1576
8568
12481
6762
14089
15424
20683
5507
6382
944
1784
13488
12278
91
11060
1038
5809
14428
22588
8962
14047
6777
1730
3149
18171
12566
6458
15962
21837
2249
22459
159
2450
9765
23141
23879
11225
16386
716
14364
14482
1310
14373
10401
25483
6983
16192
25090
2792
24871
18947
2678
7270
16027
8635
785
767
25490
5187
7892
24240
5182
3529
19057
20972
15138
4638
9093
2643
4880
9742
204
25184
3171
6718
1245
18216
18776
14929
5349
11620
25076
1192
15970
4242
12890
7466
6745
14509
7080
3893
1317
6417
12994
8491
18132
1383
24476
1204
3157
21616
2535
2339
25327
3953
2418
793
8137
19637
13025
1665
11222
19332
6724
5372
23323
8360
3526
14065
13413
5832
10617
1932
10362
22077
9421
5323
14767
6298
21453
22524
5028
19364
18138
22799
4751
9457
11228
2082
14945
9751
16180
23781
8002
3913
10815
208
15307
17183
21259
2341
14852
6830
7328
3868
10568
10242
5508
14813
9908
1758
5973
10810
4500
3608
22260
18486
847
3520
25492
7177
157
17597
5690
24539
14020
25030
3463
18093
6424
15744
3056
6420
25241
7753
17614
16208
4949
24623
3236
15950
20927
10331
1574
1279
11345
2213
5556
22532
1312
4724
24679
6983
2252
23197
8134
243
5681
2507
3879
20442
5561
12627
7746
101
16904
15139
12821
18150
23889
4174
21077
4009
15997
23577
19184
20006
4557
4636
14997
677
14069
378
4568
23537
21505
22880
884
3573
8460
7057
25517
25165
19845
197
5057
24783
11225
19165
13224
16130
1165
2604
2684
23499
12429
20309
5954
11063
19399
20402
15730
4289
8584
5353
10149
11364
12672
3915
10522
5322
6060
5681
3758
929
21783
19753
21003
3296
13306
1046
22953
7461
25431
24472
10108
4228
11171
3001
5460
484
1925
17221
22077
13635
7186
3539
4567
17954
19766
6327
14426
25334
2193
18191
3079
5584
11120
5320
18043
20795
11813
1852
4172
6029
23138
25175
1697
23418
4152
23338
1278
5285
20360
11952
6342
3562
23214
9629
7238
16014
4770
6469
6467
1580
2291
22456
9918
18818
11439
9303
11394
110
11786
2792
4571
9149
6424
9279
21260
10879
3281
18310
7932
4162
13472
5012
1074
9002
20648
3841
25051
2091
11681
4322
4000
19552
2845
12783
5026
14823
4303
12942
7020
15365
1893
19513
924
5126
11076
4914
5246
11119
14855
6716
1633
6759
5619
13192
4141
1155
12829
995
868
25522
2542
1641
11820
17239
2093
7184
21917
20529
24216
17653
1954
421
19959
7626
22671
2215
23743
2129
4787
19413
7151
23857
15141
20926
12168
4277
11618
7680
