4244
20996
2813
1506
7125
14415
24100
7892
10241
4932
22630
5817
6995
13533
10127
8973
4418
5964
18775
4158
14321
3511
2512
18361
361
14524
539
13460
24352
5775
1347
14077
17672
18990
3189
19927
14351
6455
23114
1596
4899
1426
14326
4608
4956
7182
23811
10019
2855
6455
2960
4483
23523
6266
4328
22225
2470
2436
9829
6537
1614
9288
2382
3583
5934
15723
8531
9041
135
3088
1234
3702
15423
20802
25500
14249
8838
2680
20188
17096
7210
5713
4543
20061
7673
18007
15867
19630
14947
319
6935
9157
2757
9750
5421
22494
1603
3465
6752
10186
18665
16369
22755
6076
12178
18525
25242
2570
3203
18950
15537
7206
9201
9579
21377
7517
12733
2584
5567
16303
25328
6293
22139
24895
15192
17858
18576
6651
2681
23603
12946
22703
9523
12842
15114
2538
14408
6357
6520
1521
21803
182
9864
6255
5756
11296
2136
16301
2887
16695
5735
1390
12035
16761
21840
8112
20673
2417
15411
6760
1734
2879
552
4171
1338
15481
24318
10409
25296
16217
14955
11792
16489
9040
19392
24075
21364
2121
10331
21318
24117
9541
17645
13202
2684
688
25431
2293
21145
17868
3965
24171
22331
15438
24680
5004
10197
5345
21553
16186
5805
8920
25275
21354
20910
4194
11305
21049
5821
812
1891
13762
7700
12262
4344
8191
8476
23726
10209
5676
9323
14764
19731
11292
20409
20799
457
8332
13781
16457
1758
808
2764
5387
6638
9299
19730
4544
1994
6890
23532
24137
18484
1308
7009
6877
21885
24605
24198
22130
2769
10660
1626
3801
1622
2381
12342
2110
1306
2465
9817
11591
12683
5402
24591
21108
21196
3627
13828
23611
24075
7681
24186
21584
5173
7841
4282
24639
22239
18998
2770
17628
13371
4503
1878
23036
10628
15243
5153
2616
593
7026
19859
6497
5529
7305
1456
506
1639
16061
20584
3739
2894
246
6823
2720
3453
8353
12901
14762
10482
4056
15553
22998
2880
1628
8128
6579
11177
18599
22411
5472
2448
10377
16127
7759
20843
7485
18305
6405
2858
9193
8171
5719
14861
10679
19434
769
2257
1282
11330
8313
15105
12810
4491
1917
14392
10972
5948
7090
20436
4814
5536
2907
5800
21154
20101
5530
2435
8850
12680
1483
15807
1959
1223
15580
7068
15869
2727
7038
24879
5155
5646
20206
15641
7043
928
7073
8822
3316
4503
2411
13826
19129
10931
3528
259
5938
4011
6550
12700
1449
3862
1261
18862
698
11660
3148
15940
9074
15619
132
1815
374
25485
16038
7977
1474
4943
13023
3718
9563
3823
19693
15786
2770
12896
25173
24720
13404
22059
849
6505
6367
2133
15701
14009
6153
13115
20051
14021
7209
13399
18731
22026
19879
18478
10552
4226
1647
4248
21562
3734
22161
23991
4031
1772
15632
2068
25456
3300
10056
13869
2441
20552
6334
5189
9219
19556
6295
6474
3155
1259
14637
3972
23309
1515
22259
14390
2165
239
3982
9924
21755
8100
21055
14090
15259
3489
9922
18410
22085
7694
11820
749
12402
9810
15227
4994
2876
4836
12992
20135
4255
4910
4404
19199
5056
3626
15086
859
5688
8346
25105
16878
822
3372
9743
8726
5869
7273
19954
19888
23745
1974
18146
20645
871
11118
12129
13633
1087
20901
21459
11252
280
14063
6328
8666
8308
9917
22362
18532
19470
24275
10374
3467
6161
7013
8138
737
13855
1254
5271
13531
22707
3330
11926
3881
1796
11981
3529
1487
24876
4217
10670
22749
21037
4859
19126
4154
6066
18237
19007
4091
116
2050
23657
4577
17719
23756
19738
6413
6151
4402
11101
22848
2022
23144
25516
6518
21832
16574
19583
20551
13253
5899
8742
22744
25328
10125
3300
20861
24233
10083
3396
12760
22424
13949
21335
9619
13598
20000
6245
4134
2585
8519
11520
22209
5034
2024
9050
17273
87
12461
8568
8423
19863
2436
1792
3120
24734
13317
12201
25087
14211
16205
1412
25036
24757
3033
9079
2457
6575
15121
14844
2925
13778
3472
806
2292
7648
6128
2085
22895
1487
3767
504
17156
16493
23220
3517
8549
21793
14391
2709
6462
9228
17977
4336
4863
5464
1601
8745
19731
3897
19211
21685
10227
1397
6612
4029
2949
16544
5071
5866
4846
16165
10756
9278
17073
24089
917
48
12663
2592
4232
20909
7750
535
13432
1565
5655
23035
10860
366
23524
7419
625
23148
2289
8847
441
898
15041
375
25097
19804
1005
18055
4851
6645
2074
14382
23202
12228
9140
2422
923
16387
503
6816
16653
9781
2455
6763
19376
17023
25028
6165
13267
6181
15644
4863
20440
5562
12696
16939
2922
8743
7164
4566
6325
17457
18852
8359
15545
792
15299
7373
20795
24216
9078
12145
236
3831
4812
7755
6678
20393
19098
12909
7144
7241
15821
11170
5570
23166
19557
9327
4827
4776
6713
564
19353
2558
10264
10526
21747
19292
6636
