4631
22123
3995
10237
11114
8658
23141
19248
11225
11256
6686
1666
4749
6990
197
16240
20971
13429
444
7166
5771
18197
4573
423
7244
22462
18709
11241
18046
24612
3755
6268
21477
22050
7172
18009
19134
16327
2526
3868
6573
14098
16181
10753
22003
23504
17192
458
11645
14778
6898
9730
5168
6534
24139
3595
1942
17811
760
2258
7023
15781
24843
16994
4144
22890
20305
1024
23417
23835
1777
3618
7716
6250
5023
14050
3501
19592
12700
5543
18839
11099
7852
693
9487
4093
22571
12234
23738
20011
19462
2266
16081
19347
5024
7670
17212
8718
4651
7049
4525
13082
391
2259
5865
11414
25362
7785
23991
5837
20354
21954
531
11073
14740
4965
23906
17461
3943
5471
19240
853
2129
2896
13454
5068
13512
4206
10305
12676
11009
5426
24820
15386
1479
10783
15850
15007
21795
11802
10710
20338
6426
2015
3828
6906
886
5620
4247
4074
21404
22450
24177
13986
1680
19482
16401
24623
22890
1800
15112
18888
772
55
6473
12657
2741
1964
21548
22491
20920
4234
5586
4547
22723
23676
4893
7206
7002
2066
21153
3396
13537
2450
25189
5748
3846
3680
469
14897
286
1027
14218
2294
24783
18665
22995
3267
7171
8706
1324
4689
158
15893
1330
21966
17237
2845
10914
4327
6414
10150
4970
5501
679
2815
25295
8058
25011
25455
1102
2057
5782
4225
6527
23412
4283
25192
10971
2123
19904
189
1110
18115
18755
6550
7164
6886
23637
10142
1546
6804
3292
3768
4535
17036
19664
10042
11136
14379
10848
14543
19418
6884
2851
19237
7338
6284
11914
3498
111
7529
18426
2035
6573
15374
21426
21657
15855
11768
964
19810
20404
6991
3788
9686
4810
2689
25340
5086
18498
5737
3317
15574
21668
15454
11544
15684
15512
397
12715
1290
14660
1522
7695
8760
3089
3133
23632
4536
8389
21509
20924
241
12798
17788
15519
3850
16385
15806
13174
6430
12713
7264
18808
9432
2352
1762
5236
13454
405
8659
14462
8164
13172
16973
19663
14909
4428
5694
14781
9837
23878
10068
3281
24131
5581
21576
10233
784
15330
16960
583
13772
4151
10572
14545
18427
19062
9307
8580
648
9963
20164
11453
6780
6244
4846
15221
22068
7398
9796
6842
18184
1559
14467
7645
23736
4402
20260
5147
6955
873
21630
13847
3662
4414
21702
2699
2307
16340
1888
9242
24093
18679
24451
22490
25369
19649
4273
1704
1865
13168
176
5953
3645
15962
3671
7833
4815
18919
21820
7566
8820
16222
11069
6355
12302
13649
20706
13779
3356
16911
16828
9251
12017
6363
21101
14025
9291
11878
6706
11821
15239
13647
25183
12564
22248
5118
3122
5019
3916
13407
17701
8444
23567
22739
15600
17066
4933
15676
11394
7421
201
1478
20318
1667
11102
12801
839
1584
18737
1583
1485
7013
19021
17266
3897
14519
15228
25477
25472
2312
12332
8505
15755
15208
4879
5244
16580
10403
6840
10748
13923
3160
2486
3922
5892
3178
646
6771
6928
17108
6271
1925
8975
1802
23023
16055
6567
23195
5984
552
12325
953
15664
8519
7476
18855
6412
1667
11574
7031
5033
15323
6531
15365
25269
19482
1732
17828
12820
9809
11772
10588
10235
20579
11314
1487
2601
18315
3354
975
1204
4977
23619
207
19683
1378
795
1135
14631
11294
14582
15162
13887
4176
20474
19821
16132
5338
1293
11217
8675
1681
7761
14016
5154
19750
14401
2235
18413
16144
17091
24780
24237
9447
12065
1436
20895
24097
19905
4056
14060
21045
23300
4459
2280
4846
15636
12643
15636
11640
3553
1872
2130
11244
10986
10162
22004
18046
7653
20327
1999
17853
6891
24233
16251
4980
12096
287
6883
6332
7141
2299
16483
8537
18894
4882
2718
6564
4962
13368
22447
17358
5794
6521
5259
18196
21083
5450
2523
17807
4104
1030
6989
15524
21288
10703
628
6019
9004
19921
17974
3340
19578
1244
24666
549
6319
8085
2261
18586
25033
25330
18839
21505
6945
3600
17512
18629
21402
825
10473
4751
4254
7805
22978
17407
12058
12057
16919
10741
4536
5045
23388
3058
6757
1139
25074
7578
10551
288
15352
8412
4956
2577
3488
14028
570
2569
7087
25081
11621
2840
13039
13936
2852
4172
1550
15657
16696
7032
22842
932
16908
22377
12442
24310
3915
57
20361
23635
18235
20393
10684
25331
25005
13975
24140
1331
7477
10921
6208
803
7736
19759
4892
5764
14982
6393
19985
18521
5232
23428
25169
7420
14973
24066
5480
14937
8000
16477
4173
884
3411
49
13684
3999
3301
13635
13991
6123
10325
5340
19678
23808
9444
6942
7824
682
13543
25177
18835
18084
684
7143
14465
12048
16858
11346
10053
12019
3230
4796
23047
9911
3675
18310
368
1027
12906
4775
20801
1919
11692
22603
17612
24715
68
16459
5483
17261
20819
282
24294
22721
20383
18815
4764
12929
24289
1732
2651
3477
4692
8869
19557
17354
11301
6775
3361
2103
4727
7092
10463
11504
5132
2795
4933
15978
12080
3796
