1349
3681
18823
9587
6193
5338
7741
7003
13451
14544
17902
18088
6781
22072
17766
11342
82
19769
14157
3107
5159
749
640
22106
4211
11828
5592
20555
11176
22014
6467
20148
3701
6955
2546
18534
5099
1960
12384
3215
15329
14275
3174
6488
19381
6315
509
19968
8254
21984
13154
5205
12197
4529
6863
71
14885
2735
17964
19417
11248
16629
2214
18212
11953
2315
6019
17213
1936
1540
6748
21797
5778
10109
2927
7780
1681
976
7140
93
7926
10936
25462
20975
14003
20137
2189
3886
22307
23345
20806
21328
501
7267
10996
22896
16953
17002
14053
18602
2711
22989
9205
5337
6118
15993
14364
14557
12231
742
2702
1344
21927
12960
2152
15249
22998
3406
374
11595
3149
13965
3216
10595
3669
16996
492
24593
487
18012
9643
19278
11783
14036
6965
308
6740
4154
18175
2851
1996
2005
12247
6111
23704
5237
12823
9203
2609
3194
9682
6846
19826
4023
3125
20683
3734
4876
2278
4674
771
7191
3149
6698
5990
8002
11243
350
21769
6732
11417
5259
3961
6776
15457
1974
3282
14058
23121
7599
5349
4688
3827
4212
5313
10357
9516
3132
3597
19313
16820
4592
10434
13575
3012
21300
730
3694
1873
979
1565
21455
7744
8931
1931
11550
15475
7687
7019
16536
18820
6106
5458
23927
9278
20117
14695
11430
2226
24156
627
12219
6381
5674
16692
2354
5020
6809
16580
19903
11860
3121
14726
11275
4147
2545
3377
3710
6576
10940
3075
6314
9312
20499
4422
9530
14257
25515
6512
5775
13855
2665
12435
20953
708
23981
1323
2746
6754
3536
6904
4484
6578
2166
22563
6574
14151
6052
3021
19834
2893
19525
19583
423
20384
2778
23952
3169
1495
14846
24816
15621
6067
4747
14563
8463
2103
15277
6183
16424
4043
24464
17778
23466
4438
17326
2796
6889
2124
11926
22921
14527
13192
6589
6459
3480
3172
1436
10878
4489
14000
6423
6423
14039
544
14777
6293
19450
14784
2832
2096
10430
5228
15267
20740
2911
18162
18560
14975
9847
14401
10835
6806
24323
619
5432
2739
14399
1704
4886
1427
3956
23516
5727
2653
23206
13486
745
6971
16726
15573
4397
12736
12076
20722
14367
3795
16106
15047
25020
4006
11216
15231
20867
20454
3778
17632
14659
5778
19487
25392
6948
18940
12374
21928
12719
15772
16185
22895
12416
4931
12169
8677
6806
19769
6638
752
18387
3874
21837
18904
6659
3984
1349
18180
18065
14867
22340
1973
5566
7244
3075
16234
7083
15862
1975
24842
14739
6071
15213
1357
17788
12230
1481
21922
20552
21375
3180
21170
7596
8930
2460
4292
15405
3444
1582
20327
2198
23005
1758
6063
13370
4489
2537
9203
9974
4626
5224
5907
22745
19643
504
14228
1220
9888
3857
1252
25213
6660
5227
17669
11282
23254
539
2230
21209
18369
20450
2478
437
3183
11425
337
9306
3716
16738
4526
18678
25111
16371
24406
5705
5771
5394
23124
3320
6305
306
7259
20300
17364
14513
7888
9747
1955
23816
5516
10515
19102
2771
1724
5297
6550
5893
4500
17555
20452
6480
22578
5169
13284
24201
2996
18375
3180
24683
9736
19478
4453
2857
18601
3518
24426
5476
199
6905
14927
12889
5144
18752
6910
15356
9749
7464
16978
21757
21779
20328
10015
25456
12703
1619
23442
4665
15472
11562
19546
7741
12139
6660
1700
21655
4815
53
18570
16205
23221
1076
17282
1019
23079
6867
3284
3083
12821
24840
16426
13614
6326
16354
20687
23443
9795
1852
2579
22993
2790
21640
17133
378
19172
7370
15665
3006
21256
290
14474
21203
1726
21781
13264
12566
10103
21258
24019
7204
17058
929
14209
18059
1401
20680
427
3059
6832
19774
12386
4192
24235
10523
14427
3110
3493
22424
21813
19086
19053
134
10199
14861
11447
5351
23510
22592
6536
4638
6698
9066
19604
933
10419
22396
4850
6401
15740
23423
13266
1931
6940
24465
2448
21867
13830
10781
19467
3305
12242
5365
2601
1014
20236
15255
21026
17792
19673
22563
3204
17993
10972
20776
1206
12035
21744
4949
9028
6824
3669
3391
22116
13255
687
23466
11237
17499
1062
5485
6993
16284
2630
15646
6809
9749
10049
24162
15091
2768
22345
20422
7482
14947
14536
16350
24580
15670
15565
4108
765
20601
23532
13036
9971
14786
6040
712
16999
8249
11185
376
20377
12860
3145
3714
21480
5922
1402
1445
2265
658
3049
7590
10420
5482
11316
683
4835
13605
8464
23616
1559
11777
5081
18466
2662
20461
909
16106
2561
21554
4580
3113
6778
1096
22140
8768
5134
7232
3386
25274
11081
24421
15198
24702
19339
19737
11893
5962
4679
5514
638
7227
5557
4458
3812
6028
9665
2250
23277
45
7111
2811
1665
19579
6158
8978
720
6445
5725
4227
19589
4554
6317
19636
4833
4983
25237
16730
10202
4417
4815
11283
8617
2335
8837
13811
4268
18403
23873
14215
3679
5160
24342
12126
21108
20837
23696
727
5435
3131
7401
18215
8137
6494
9173
24886
3617
97
2661
8255
16688
2747
2364
12463
7140
3687
12672
5565
