4209
1276
8065
5448
22802
6878
21720
22935
9452
596
1362
4669
1409
9712
673
15078
7697
656
3878
1472
15835
536
18597
17125
13521
6233
10718
25023
16472
3403
18290
14375
16154
2302
9481
22027
3062
15374
20716
18663
8411
15991
2513
20133
20695
2360
22745
5900
15392
13833
5804
18258
24112
18873
325
7004
24604
3334
5137
15253
5369
10718
6317
12386
14926
25402
17427
5868
21934
797
6171
792
17822
696
21125
9189
3573
18835
4918
875
15065
9773
17792
6646
6700
6596
6650
21245
74
4905
2195
6928
20976
6844
6920
6683
6796
20778
20443
12596
23220
2349
13896
1234
6958
10062
9045
16189
2932
3123
11617
5863
4668
3483
13142
25178
19580
13123
21516
7165
6473
3593
22084
21672
2158
18660
7201
6071
14065
20604
23655
16074
3788
17415
5010
13561
1330
3024
7173
10775
7665
14146
25436
14046
5638
4379
21446
3027
14769
16548
16077
1047
6715
11988
13791
9977
9961
5753
17881
2701
10108
8064
15764
6511
16679
1482
724
18630
14015
2183
11163
11919
1424
3223
12464
9472
1442
20081
23141
24127
4564
15227
17844
1224
1757
828
12020
8173
8817
13367
18730
5249
17398
15214
1769
23306
524
2984
20497
21063
19509
2992
10914
22102
2278
7423
20755
25367
6269
23603
15178
10434
2994
5632
5353
3888
1865
22780
9429
10491
15837
15622
9675
5929
9207
25136
3155
23841
8499
2810
16281
9013
12639
6042
16491
1895
1118
25415
16521
13081
7078
15231
10770
2271
22340
4217
6111
3650
798
15874
15247
2139
6490
6692
14066
13474
7998
4520
24921
14745
11773
12970
226
19699
11782
10512
3426
4846
23397
10384
14985
5698
21831
19038
6793
5250
7431
22047
5800
22351
1481
7218
22297
21095
5218
4436
6315
20046
19922
1861
23008
18935
5353
7148
8063
8643
18788
16983
7296
17094
1555
4923
15068
20238
4710
9827
16406
12393
3213
24689
10302
7161
12272
11358
6852
1661
20200
10404
9879
1597
1867
16682
2475
10329
4153
15468
976
12984
19440
13658
3469
22756
1217
2117
6624
24195
2678
11655
3837
11078
16502
1177
19726
20023
3213
4451
1721
3569
10386
9521
6389
15897
25441
6436
17515
11849
17707
18947
169
21077
15587
12222
2181
831
16737
11790
6731
1747
24695
6528
15007
8837
15824
22771
21708
8047
954
15451
1594
15768
16677
3404
4842
6013
14838
14391
7695
4562
9935
14941
25058
4592
148
7954
18719
19321
4442
1648
5186
18874
8441
4046
14092
4161
22550
13024
1944
398
15624
6102
6501
21546
5286
9915
12238
4194
8833
12475
1659
22476
1341
17217
2138
17170
18801
12540
5106
5992
6120
25091
1018
1307
10117
11718
14243
11670
16010
10307
6231
9858
8294
23543
18232
24377
2634
4915
1160
4650
4470
193
15428
2918
3125
23163
20012
5225
13499
21444
5834
7168
21663
6190
2086
566
11212
2592
12412
4391
24924
3769
12934
7193
21853
11287
11431
18511
455
17259
4112
6918
18751
4327
1306
5274
14026
13757
5251
541
11620
13459
1935
5165
1875
23782
21940
641
9654
9805
21796
8058
3196
6276
6041
16224
17355
5539
20703
14711
21384
4749
11903
12280
4844
13351
696
25278
1480
19152
2640
4037
6066
16757
5258
6230
12241
2006
3012
16570
19682
24539
6519
10105
23180
18024
349
22180
4948
4418
6051
7159
17080
10705
6052
1996
5439
2961
24124
13024
22437
20394
15320
7525
9877
10308
470
18297
3623
19698
9819
25154
6405
21704
12552
17947
20650
801
12555
5138
11263
508
9403
6669
3081
3832
21164
21319
6469
5385
3822
7870
4448
14742
4314
4588
4849
22174
2923
3865
8562
879
24884
1322
16846
25192
4087
4631
16838
1977
13690
5172
13629
6462
23533
7541
14747
2013
20451
18671
17678
3713
1257
66
597
16025
16372
8900
3952
5754
22786
14436
10697
24513
14291
5603
16165
9979
1524
3075
24018
1763
6011
24029
5857
265
24778
20360
16519
6618
20164
2662
17786
4598
7021
3463
488
21607
1666
25016
45
146
2727
19902
10026
7340
649
2009
18612
7279
12725
11760
5335
232
11545
18054
5410
12757
5957
6725
68
2872
1934
9385
5693
2039
9764
19233
24509
12494
6965
8293
20670
6113
3820
6219
22780
17345
1065
11148
22112
2860
7284
1628
5659
24779
14185
7195
17089
3741
9018
10085
17365
24897
257
3694
3743
17225
3503
10216
153
18821
18890
3300
353
11733
16062
8806
16134
14974
5373
22363
8147
9814
7462
7627
20950
24521
17902
6062
7217
18697
1090
24755
16396
25101
11221
3313
18156
538
13434
24878
17126
21578
22237
9256
6664
3123
16768
13687
6430
9868
5175
12569
7368
2937
1025
773
5049
5113
17443
1951
2449
2730
2441
3099
5229
4902
18312
16919
5738
2266
876
4330
2899
18153
3510
19621
3413
19501
6912
23343
836
2684
4898
14874
1241
17281
3167
5036
4869
21128
24041
16621
23899
19620
2125
15999
19394
14947
3041
3963
5411
5592
12752
4233
3440
22299
9611
15365
14371
3168
3770
23918
1206
13985
7059
13446
20467
16654
1520
2274
7122
12701
7065
11852
21646
3622
12902
4891
23257
