1529
9126
7826
2376
7963
5854
1438
2283
5609
846
19849
8926
20756
1381
6642
23210
15643
11232
22420
13436
5893
6774
9266
20445
200
23317
716
21449
18085
24328
2004
1499
14695
5173
2530
5503
24755
21843
8082
5276
13551
23997
19555
8485
9453
3156
24307
16164
18986
21516
6849
24826
20428
24177
840
8879
2040
23411
22733
12768
12201
1267
13473
1111
678
20049
18818
4993
21087
18346
21100
3585
4824
11743
8966
22600
14218
11581
1718
3549
4529
21028
19616
21861
6914
11036
1453
9525
2608
6589
3694
4824
6336
21820
7968
1869
23352
6773
13339
6088
4911
3776
3324
3297
22684
20598
22694
3195
15244
14617
5035
191
24213
20168
5527
1557
1501
317
20212
9328
693
2899
13645
7067
5253
281
17906
2973
17142
454
24744
8737
4333
2938
10470
4875
13879
6788
13210
17095
9230
16598
163
7879
15320
12926
6019
10256
13169
19597
20961
11499
11281
4031
18839
12415
4732
5413
1169
1792
2096
19588
9614
7305
9071
24138
1652
3413
10746
12224
15008
16327
9085
5376
6017
23015
4108
9812
2267
12313
16133
25313
23853
2914
215
51
5471
4883
20499
2515
1085
22861
21931
909
6616
16218
3432
1189
25292
21318
3729
7668
13497
2145
11440
17967
3108
3881
4382
4898
6476
21198
12110
1292
7077
19614
15370
11764
16270
21229
4499
20379
22770
16365
5654
3195
5167
7998
6287
18926
515
9959
6969
16737
10419
24877
3768
9596
24746
1547
24388
8552
25401
1256
714
24183
1811
15714
22576
21852
11970
1550
5261
20473
337
14109
4245
6747
11038
4312
2124
127
4782
6207
21903
21282
23817
20235
932
17232
4200
3287
1192
14796
23874
6048
1949
1348
898
1803
4123
3962
2527
8117
11224
24457
950
6194
23235
19262
13802
10527
5976
22457
11959
5225
11660
19347
22664
5774
15970
3390
355
20145
4955
1416
15865
10916
4630
23962
17220
8398
24267
13440
14232
6711
8936
12024
24253
2804
4362
2990
19143
15546
2330
1319
22881
18378
24907
25493
25087
15565
1646
15972
4709
6682
5803
2335
6430
18380
21274
10307
21763
2391
6894
23982
24198
15731
12316
12029
2507
8394
11380
9255
16571
24661
2804
3418
537
8069
3041
5140
36
1592
7533
6463
6861
6641
4487
6320
20374
18206
708
677
1907
7038
1750
25537
556
11822
671
4182
885
14968
11542
7560
11868
1339
13486
20729
487
18500
1991
5531
5727
5175
19172
15673
23770
96
3773
3669
11686
24079
10068
22518
1442
14685
23877
24328
4098
20878
6157
17343
13749
5304
24836
16589
1757
1876
2302
3456
7470
11935
3138
24862
21976
22036
9619
20415
5135
19880
1091
8471
19889
191
9056
6880
18831
4952
20810
10424
3001
19435
22538
5696
4275
11331
3997
5675
3133
15249
4685
19968
631
7082
7903
12015
23226
9665
8146
17862
18853
24156
20892
3890
9834
135
6697
6726
13985
13872
508
22868
7041
547
5590
9096
24973
15804
20154
861
1542
2938
21200
2237
19264
10079
12183
5327
3944
11198
2345
3083
3638
20416
9602
291
2786
6460
2665
11326
7206
2772
1506
18841
2598
6470
3730
3581
6301
17893
7610
15241
6686
23165
18051
570
6143
21316
6447
4651
14950
2367
6977
24075
20134
6744
2695
2676
7409
7247
16911
4450
13069
18722
17106
4687
14087
4587
1732
21722
827
433
19250
23736
4173
4714
21355
23211
567
3124
8473
8215
25277
11730
2347
25078
7061
1618
19270
10611
1102
25118
5364
4524
8148
4800
2238
3172
2298
15398
8047
6736
4436
2538
471
21356
3627
2028
15428
3977
14513
10695
5066
12332
20269
3973
6780
3138
25106
17693
3836
10796
18161
22469
13479
2691
21630
22594
4709
20583
20833
20841
235
23918
4211
18029
11428
1219
16175
5991
1077
2255
25335
2636
6706
7803
1537
493
4235
11599
5615
22331
19297
13664
3211
22044
22751
24662
8198
671
1399
14105
19511
23217
8491
9267
21602
2324
4729
9285
7756
5448
2521
10067
4977
1363
240
9170
20149
24221
13089
22069
5627
6570
24628
13282
23195
4489
2051
3114
4318
18872
3527
22888
1018
15373
21276
17224
7164
3770
18732
20371
478
20225
6051
17542
14459
1975
3471
14622
12122
19965
6392
22398
11257
10453
6272
20107
15596
6944
9507
3841
4746
20263
13589
4068
24406
6838
10573
1906
4229
6954
20562
4040
120
6585
3162
9387
401
4990
6783
5830
2906
21738
13424
16852
2919
25017
10586
2616
3541
21266
21083
21649
24151
855
2827
4012
1265
23339
4890
3165
18021
1915
4849
22648
3534
13439
20121
1226
23756
9052
6143
13838
5198
14411
14451
674
14150
24770
13084
15016
1101
664
3928
12919
6238
13067
2677
23646
23529
8793
19949
22547
8117
13416
697
1914
1914
18848
22988
3348
5476
14780
2980
20336
639
6349
6048
21858
3489
815
9173
7631
5835
16969
10638
19800
13019
1951
6329
114
2677
21771
472
16055
23303
5881
2794
18713
17427
20827
5188
24165
17781
9961
4111
23425
1942
730
1300
24593
11708
442
18072
16395
6256
1792
22700
9726
6381
5290
1549
25333
5130
6070
9543
3482
5068
4083
3703
9738
5030
8241
