3853
15260
6189
3472
4793
2730
7284
5291
25121
24993
13145
6900
4792
5235
21370
3780
18360
11335
318
22180
3
7077
1615
5594
3194
4625
2751
24280
15804
274
11276
22440
22273
23920
5286
12317
3712
5214
21650
13302
6238
7339
19152
8839
5262
15910
24465
4371
2466
4479
23025
16089
5529
6470
6048
22764
11062
8535
9844
11473
1996
10903
5080
19753
13178
17840
19177
9297
383
24403
13720
5242
3560
6115
2069
23763
10852
24798
6411
6771
11945
13258
10081
6683
10610
888
4921
7609
472
17200
1378
3588
5752
14239
1512
757
16313
20962
1063
210
1701
5695
20135
21082
1892
19420
5620
5985
2374
16906
6999
3246
9157
20759
8343
2466
2886
4109
1200
6647
6133
9523
1939
19537
21629
20061
21273
14895
4057
8082
618
10713
19698
23888
2919
4391
20439
6970
6256
6197
24364
975
17038
2420
9236
878
22929
10015
19232
24473
7039
24364
13684
13683
23503
3460
5828
21568
6918
4443
1631
3273
3761
2803
6657
24443
6086
20832
18391
14218
11165
4156
24876
5964
10819
3894
18290
13081
9737
1341
14505
6551
7199
16224
25050
8527
6825
18076
137
2969
22900
4474
3252
14159
16447
2205
11176
5649
24483
6539
15014
11913
22361
10514
4759
22219
11815
1677
620
13150
6627
8427
25424
16971
13782
19434
382
22181
11222
22117
4505
1213
18909
15373
1440
6469
2834
7282
18168
22240
3714
16121
20560
19951
6986
1443
21280
2131
1641
20779
5895
9601
2215
21575
6950
134
4413
22226
18178
894
21254
1660
2491
15097
1188
3021
1216
6020
8860
14650
7086
14167
4173
4140
3291
9019
18003
13090
17075
23696
14807
18963
12900
1851
1551
14545
3132
22773
9294
3649
20331
5434
5024
2983
1271
5051
3262
631
9675
4046
5948
15467
17540
3540
4205
10619
17087
6457
4450
6934
16585
2709
14618
13849
20464
5671
616
10426
12561
22141
20540
2823
1451
14779
12748
1199
2655
24542
23992
3185
6504
22690
18347
24360
17868
3081
6008
4528
12028
1066
928
1049
2545
9920
17344
14209
18237
20581
15429
15669
2873
20995
17520
24307
12730
24268
12583
24338
6521
23019
2223
269
5906
13172
6295
7154
4105
12945
6161
7768
23744
12871
265
600
10313
19431
4495
12161
12417
4054
23687
20596
5328
455
3248
5267
23366
12819
21916
218
11094
2989
6100
1323
16781
15883
19712
11244
6603
2292
6869
345
13362
1631
11563
5305
4314
25492
10612
16474
25304
6482
23161
6234
24103
23372
4288
8464
19026
8604
8800
7819
8945
23194
7181
6860
9577
21995
11555
2403
21192
3974
11917
11305
23722
23685
2087
2260
1846
13129
6360
19265
4837
10961
2532
6510
2954
5265
1977
22191
1624
23176
23495
22314
16349
2253
4323
988
7839
6436
20668
2512
9149
23581
5190
20664
15937
6068
24815
2171
10961
16604
18836
3819
17114
5956
6866
17100
15319
8918
4691
18062
22353
19306
1403
6143
549
9996
23849
16813
207
467
11100
21101
24546
6587
1647
24741
139
1453
3137
6486
23518
20957
11439
6033
24540
10920
3091
20931
5004
15448
8136
17126
17599
8547
25323
10978
10663
12328
20925
5745
2843
22639
3445
3647
14056
2277
17873
3493
2863
24342
15586
4217
14741
2300
420
23605
9565
14395
18063
24586
1521
22170
6251
23833
5780
19010
5271
6532
13744
2574
3586
876
4489
20440
5446
17826
6306
7122
25030
18860
1543
18108
11073
11479
9251
22059
110
8783
11031
24842
400
18263
25327
10142
12998
962
21580
4231
2249
11665
742
1305
3456
19150
3081
1494
19397
1815
13565
19403
17973
18005
22696
11765
24327
6061
15100
5344
12237
2884
18542
8889
20629
8602
15004
9385
3971
3902
17955
3181
6276
3446
15197
23574
3167
2684
5674
733
2150
12353
6119
10033
7827
4543
11047
25285
15271
636
24079
2654
138
5562
5522
15226
1991
18511
23592
1010
7805
21005
4023
16612
1971
11657
4349
6352
1520
12059
24531
14914
7009
5981
7173
10181
22223
2214
397
3834
416
5785
11480
969
12817
3540
1664
10478
15021
21864
22386
15105
10971
5635
9179
7167
1181
2344
4420
8381
13868
4024
1291
2399
9009
24802
1596
8928
6802
3654
11846
11115
16263
4900
1924
18207
24590
10985
23962
10372
15608
8859
6326
7158
16607
4287
24437
4712
10371
5347
20933
6545
6415
20856
6553
14614
10374
7104
1609
11885
21956
25278
2740
6855
2661
12434
3515
4793
701
3630
18510
14429
8863
18837
23222
18288
11294
21536
2617
4595
23160
23120
13633
1430
1603
4784
7226
6249
861
9576
14030
8200
13287
19743
19710
3781
21640
11606
7879
4095
24732
17615
16716
5608
16151
9304
16959
18575
5306
12714
22208
247
24143
23644
6238
13668
9368
16330
1350
21428
802
14195
7341
3531
8413
25219
12875
5304
5848
5902
23303
17495
10985
17751
8405
16138
9874
19527
17032
5271
3473
15213
25130
12647
14337
2058
9572
38
1269
12248
17649
7626
18136
19393
2894
19747
18586
5318
17818
5870
6268
22342
8637
4708
24681
21821
6871
3541
11348
6960
11138
3236
8869
17130
6034
20584
10993
10102
3538
6669
1719
2042
13949
5256
22379
7129
12919
4174
5765
5599
2922
19980
6669
6142
4822
10893
23918
5666
12806
11068
227
10987
3267
6074
22544
23043
