4438
5404
19653
3301
11087
1594
24946
4842
5207
17849
1102
2994
25435
217
1764
8785
1469
2245
2091
13726
22792
2718
1160
17923
3915
1563
4559
15786
17714
15369
19649
15421
18300
4765
5035
12656
2180
14704
17887
9603
17861
6324
23597
13443
23778
14517
6076
13714
21024
7851
24569
5646
1249
8932
19917
25127
5596
8132
20304
7089
6239
10144
8712
5330
19061
1263
21432
9472
9679
2509
4501
22672
1671
25077
9055
4693
7145
16789
6906
3138
24670
2489
12543
19490
20078
18455
20909
4416
14589
15652
23546
7182
20758
11253
3460
6006
20590
23774
8480
9412
2697
20109
7009
16529
1131
5973
18679
8390
557
5153
2219
2007
25379
6839
6665
4365
88
1817
18202
18342
23349
17097
1639
24567
16185
8725
4799
5104
2231
19224
23977
11557
3146
471
5691
12950
22330
6577
6222
24931
1766
5155
13851
22422
19727
25159
5671
2206
9573
18509
9352
14876
8047
3506
23897
22648
311
8950
709
17511
3434
16476
18554
6021
1870
6002
988
17125
497
13464
10863
9393
10340
3912
7048
5492
20736
12666
2963
20393
2104
13488
8429
23982
1160
18756
12147
20965
4507
1748
6674
12533
3473
2538
24608
2931
13515
6179
20527
18143
3648
7630
1003
6022
5814
8730
3649
10674
25046
6326
22804
6185
13231
13485
13052
836
22708
3034
2979
22835
11111
802
25207
15960
16166
17208
25530
6786
21664
1412
13757
21170
7030
22936
4836
9816
5920
17721
1600
22886
12796
1382
21992
3425
3838
3540
4411
19097
21295
14693
16530
15097
18792
7014
17161
4483
2741
3696
20913
9605
4481
19373
19146
15239
20392
18720
12615
6818
1163
12668
22805
10542
13454
13052
17573
24796
20378
21295
13063
15756
5945
4836
23810
1009
9709
15705
25216
3831
20747
1961
1275
1366
272
13142
727
5578
797
3284
8949
3047
12971
24527
25190
23975
7205
18242
17362
4984
5459
796
20071
13449
12766
6380
12175
289
15410
9673
10103
23420
5735
24348
10136
25020
9051
17828
8085
13923
1752
1423
5831
6213
24507
2188
19664
6146
23413
14056
12901
351
20164
1594
23179
125
7095
3197
18212
16193
18072
2396
14607
23606
15433
16007
19840
19540
18114
19211
19576
12872
13019
21512
9759
15091
9836
9365
7898
18385
9552
21115
12003
18384
18078
12325
3625
16728
6788
2688
3864
2725
16467
2133
6618
13623
10840
14965
22657
9656
5566
19578
1144
24030
11583
22809
21695
4734
24937
2344
8072
18238
2243
10914
6210
17253
1907
16093
24558
129
20817
6969
16511
3301
25523
15272
7123
19433
5943
17249
2022
10950
5998
4701
7603
19981
5529
13678
4578
6617
11218
22979
21807
15949
25477
4201
3398
4338
23578
15956
1696
5859
8948
16120
7213
15723
11146
13413
5932
17556
5470
2568
23124
22479
8671
9705
12140
22411
22838
18813
14072
21246
24607
9321
1798
12751
6590
5173
2316
3348
20337
6092
5454
14547
12791
3042
16110
6780
21146
2938
16647
1131
5168
7108
3631
1613
4319
20369
4108
3899
20451
13971
1973
3701
6386
17756
15246
782
2356
1810
21738
21586
11341
4148
2548
23378
24877
4409
19653
7095
21483
17558
21857
12215
20701
21482
8841
24035
7702
6138
22110
18838
8257
23846
5763
5438
12601
4561
14691
24963
9347
5623
9487
17413
6508
15114
23417
13050
21361
268
14393
19999
1647
19801
24196
11103
4113
5358
22089
3258
2272
18464
22903
7091
19694
24033
21046
6930
17308
11607
1915
950
22282
15525
6175
5292
3265
5696
5504
13442
1968
1908
20469
14015
3978
25241
17246
7219
3910
7694
10180
7635
24604
1292
12210
23051
6321
6630
1524
19766
11013
9702
2356
6339
5109
24779
14286
20065
629
2769
15797
5319
19357
239
8883
17919
7167
7378
10891
840
8554
13592
21992
9083
3651
17040
12316
6536
1635
12646
19248
20703
588
22519
3045
585
14517
14058
5204
25321
21456
2139
24435
18569
22307
21082
7035
18700
13418
21651
5905
12342
4491
2765
24505
6743
15890
24119
3447
11986
22670
1403
9748
13955
9145
6224
22285
10391
3291
20437
6892
4730
24730
5194
21905
1179
12472
4438
4221
19577
1408
8920
23287
23828
5758
15098
938
1588
23159
1166
18867
11932
4630
14040
1327
1793
10859
2742
10616
2246
10020
6271
16239
5695
22336
15056
22142
15754
15086
19768
20521
7374
6297
24722
12685
4623
17105
19270
16471
89
3635
15955
20620
2610
4622
9758
16942
6723
3428
15708
11768
2948
5779
19616
17480
4628
17059
7611
22781
10325
6292
7131
8804
18184
6528
9744
9610
13326
1444
4102
21722
10528
17348
21555
23720
334
1552
4244
8387
12825
4663
3090
1930
4635
14503
4609
18472
9024
2430
18684
5108
14684
11340
25005
14655
6062
4530
19539
7640
961
7318
14947
16333
13811
9762
20240
1071
15702
1569
520
13264
24316
1344
12270
10240
19392
21917
23815
10713
24235
25039
9577
6786
9685
6476
24384
9135
7101
4387
2213
16603
4466
12222
15008
16396
18218
8196
5061
7843
14146
5310
3099
1494
3424
4081
8649
1900
21172
900
6955
2055
17715
2014
23556
20024
25117
16828
5512
12436
8134
4760
24075
4517
22150
13588
16819
21503
23035
23584
22103
16934
17227
8113
7867
3404
1718
24993
6737
5941
3881
13559
1898
16828
13110
5332
21921
5967
9014
18652
17753
2701
12473
6110
15166
