4381
5146
6525
1740
4306
1503
7227
22625
24006
21803
3523
5284
21324
1414
16128
15030
5577
3861
3716
4154
6969
356
22970
10295
5061
4971
20482
18188
2461
6329
20945
22168
4011
21967
16483
3999
12694
17719
15869
1145
4105
16331
23561
3913
2171
11912
15230
22918
19335
12126
7235
6980
18628
10263
23713
4348
13506
18994
1308
3303
21282
1444
6671
15954
20206
2560
1696
12532
364
2735
16792
854
10957
7908
2321
14247
6120
22974
920
15173
15201
5978
16604
9700
13287
619
21693
4960
17634
9763
11326
17229
15628
25048
5551
17260
19997
15677
1013
3095
21649
12171
23065
2802
3818
17478
7384
8056
17731
20741
559
1377
24808
5967
4143
12563
4152
22599
3634
6706
12300
22883
491
5216
20205
22242
3976
2171
1401
780
15007
7857
15932
19897
6046
18895
2036
16889
24278
13392
5169
7703
3012
7632
5289
1558
2445
6863
6357
5428
9133
24231
8577
21930
4625
5326
2179
20044
15526
6693
15293
19295
6141
9957
4770
16114
18884
22864
19687
1389
22226
9173
18633
2748
17411
10814
6515
2328
9334
160
336
332
6653
4821
1380
19610
17438
21085
14505
3754
8170
6855
8555
3360
22327
8675
345
7454
49
12026
6850
19467
19643
23514
687
8310
10877
4254
10947
8703
20817
16538
4773
2022
17487
14192
1885
12202
16345
21496
6222
11378
6521
13223
13940
3543
4128
19973
2425
16840
2701
195
3039
15365
18457
2609
12553
10580
6964
4748
6631
4818
2113
5272
3870
3443
21224
14192
4907
12608
2379
2694
11980
9846
18639
9028
22031
2887
6722
10377
5078
18120
5459
17467
16612
19262
4372
7345
11322
12036
16704
16702
12576
23814
11219
1305
16316
3072
13575
19491
21676
17028
3980
17455
24497
18981
3547
4825
7180
4765
3488
3050
22409
1519
6916
12117
10629
19278
11962
16578
7160
6026
12530
5925
16611
16998
2194
1390
15225
4621
6829
2849
14174
5547
14960
3706
20228
16711
2177
2160
235
6743
16843
8371
1255
6360
107
14294
4427
19896
1489
271
948
5999
19997
23992
1311
17631
14919
22210
4864
10291
4088
19032
905
7201
1773
14104
24651
4546
6158
18849
19190
1120
20174
5585
6737
22860
5416
4988
1043
9364
18634
13725
10120
19950
22640
15092
9396
9720
14382
5809
9295
23830
3063
8086
20464
1945
1873
19395
14219
4214
23722
23605
11031
7464
3062
5191
276
24830
5124
14290
19864
24936
5167
8604
2793
10261
20269
5199
12289
1038
14996
9001
14559
3639
6796
24719
7477
18987
25520
6778
14410
6306
13824
1543
8414
7093
4422
22976
3232
2583
8692
23182
5648
22014
21475
22146
3665
3096
3850
4069
1771
19320
14593
6601
1025
4546
20314
8914
15012
5464
15390
12527
1628
25175
17292
19612
2012
1346
13963
7331
6137
2609
12805
3608
21434
5217
20317
16823
24533
11984
17029
4862
385
21332
1898
22611
9384
3126
21144
15440
21598
23299
7254
23703
1392
11373
474
4646
6240
15329
5012
6879
4979
584
5260
13065
1100
2580
3678
4417
6382
11970
6872
17340
17903
16635
18597
6442
9056
3203
14321
17109
21986
19674
2194
11129
22822
1170
15177
1889
22688
24823
7182
6427
4793
3265
22718
5129
418
4289
22682
13058
8358
5569
9716
1941
494
5627
2421
221
22526
3134
2880
3040
1840
23689
21272
1956
527
21641
9369
18170
14865
22115
4888
21882
19705
15199
20087
19123
11498
5616
13836
21582
15012
22688
5516
1145
16262
5178
9579
11631
4630
3263
10042
11632
7110
15364
14551
10732
20063
17810
16750
15005
6116
15865
9572
1575
3800
3057
1438
19660
13709
3972
2707
25416
1909
22106
5104
8214
4035
15748
21553
13683
3321
1882
20723
6555
16066
23733
17745
13494
5016
16891
3535
10194
14667
5574
20062
19686
4008
22513
19907
20439
9958
1984
2311
3509
4471
15297
24808
96
20895
21393
3381
6722
6351
2872
7110
4322
5408
3360
24665
6606
967
3937
21595
5242
20109
10870
498
10028
25396
14731
14048
18832
19765
4162
20024
16585
23838
4899
13632
2767
16769
22556
2206
14707
3297
8374
4970
15931
11817
1531
12692
9912
22469
17131
18902
17956
22432
13004
779
21148
23905
2552
4234
3155
13264
9717
17756
10958
729
9667
13299
419
23150
3300
15891
12495
21888
22094
4854
6963
4524
5516
8345
1417
5959
23355
3641
17049
12205
13441
6883
19806
4525
25391
1802
14483
9868
12153
13907
14743
5353
6733
23817
4567
22705
4104
417
24081
19030
2545
24341
6527
5818
4388
21877
12114
9679
9601
11233
20465
3941
4287
3011
21724
21512
7974
5287
22872
12643
25215
10476
6722
11343
371
3204
24863
14322
19999
4663
24336
8010
4373
2850
5763
6722
25458
14235
1651
10010
19378
6162
4050
6456
1580
11679
855
14385
22406
7825
18447
8133
20569
298
15151
12419
307
2411
3560
13191
7692
10176
4552
18343
4266
1817
1030
22185
24963
2935
15500
7006
14241
5538
3990
1493
8481
20745
16742
4573
563
22622
14849
6716
19221
3616
18919
336
18266
5005
8644
18393
9510
3837
5005
5040
6115
592
23488
3282
15678
25475
24391
20734
4863
17609
21706
5134
22664
12648
25030
4326
89
20777
9629
5907
157
6018
13333
19918
5575
25426
662
12282
456
3679
16933
8728
897
2386
11285
19447
1202
15548
15461
344
18283
1330
24072
6377
3640
746
1605
13403
11182
22862
16377
4995
2615
24056
10118
11885
6770
7192
21923
1213
