2964
10766
14079
9562
16575
3430
23028
5635
2144
3932
3318
796
10269
23483
4162
419
16051
22667
1993
6826
8623
24128
3309
5412
1693
19440
3248
17688
23748
8226
10806
13567
22288
24316
6675
18392
9304
9784
18641
13368
23070
4283
1657
1397
3414
7416
7252
1425
7264
3002
12079
11506
10248
2741
20039
1983
15740
236
7053
1710
12129
6689
18606
10025
8130
18530
7670
5562
14542
15721
19167
3397
6057
8435
1029
370
291
5623
10058
17226
7536
13391
14460
6643
3622
6023
22393
21552
6018
14855
3829
13223
5938
21492
11030
24308
6820
2441
22680
7578
2911
3561
5436
18266
9833
19391
8570
24613
1925
23586
20190
738
22147
10836
17547
20592
16425
19074
8355
14720
1018
7004
7010
16423
23421
2491
5682
4874
907
1228
11867
11825
1193
4696
11212
18836
10924
1915
322
4631
7473
2991
7050
1420
7302
5029
13382
6961
1938
21233
25391
25224
23758
9739
20902
2783
11825
21755
7656
14902
3917
23803
24587
22066
23705
1462
6226
15063
2412
9960
8740
210
14296
7693
293
8874
1003
4050
10261
5196
6214
12249
5998
21917
19078
25178
556
23918
4031
21885
16358
2902
1988
4427
2766
285
13576
25231
17038
395
900
15561
2602
11055
14271
4836
23986
10565
25056
3117
298
16183
7978
15220
4785
22911
20923
9802
15866
2071
23864
5644
18648
6545
12302
3011
6722
1134
6796
64
6171
17562
10446
7074
3512
2187
22960
14587
23828
21523
19141
24776
24538
2817
16799
4309
5381
4560
14140
9457
21933
14302
12992
3119
24919
18092
21119
12021
71
12036
1270
1040
21844
1801
4026
22141
23996
6088
6740
15015
2211
14771
5007
13303
9447
20754
4020
2734
22296
3038
7193
20674
23072
8473
2544
6052
3721
24082
1746
22143
3269
18587
21998
6767
4865
6867
11033
16340
1869
17049
13917
716
10467
12474
20705
2207
3515
21918
4884
17327
2629
20266
3172
23703
7204
17829
10766
887
9194
5802
16980
18637
5374
885
15904
19627
10727
15184
4443
1858
557
23687
10948
15396
18030
20467
22447
8511
9714
10904
8995
5764
19216
23165
3260
15124
11292
1208
17741
1330
24474
4686
14735
10347
15825
2792
18950
10871
12990
3992
13759
10671
16211
2069
13305
20858
10828
2718
15466
137
25361
16125
457
7691
4681
6326
6839
7966
23317
6409
23575
15546
19923
23765
24847
22583
1983
22528
18028
4724
1660
10608
4695
4030
10216
17488
20276
2579
23777
8809
21546
1541
2520
16746
16220
13618
6305
20574
7899
6123
14825
3230
19142
6165
22312
20564
2617
6041
13206
20289
16404
16173
15792
1127
2986
2934
4306
20380
14500
6068
10069
17174
13166
24332
15092
8425
18547
4796
22197
2106
23987
767
6396
21271
11889
25243
9377
9149
21691
4129
16866
8836
1019
11127
12504
1824
3507
23337
10883
10455
2522
9500
4644
872
12000
9070
22223
3076
19003
15433
1381
1812
23588
10283
2386
11998
25517
9895
7892
19909
19016
261
4106
24822
7847
4617
5522
930
6539
9803
537
3756
10867
22011
601
386
23448
14784
6887
3498
12499
8717
7558
21422
24273
7643
23500
16044
1854
11997
2854
1389
17226
12536
18855
22788
23780
2583
2972
13730
14291
25393
4032
7291
2146
14503
11269
21439
3606
263
4821
7210
10660
606
22466
13460
1774
22212
8383
24891
4714
1658
6449
16667
4322
6056
1137
6554
19244
5545
11246
10054
1469
318
17400
15270
2928
14252
11381
2598
23309
9955
13395
9807
8457
5119
11444
12479
17401
1472
10567
13638
19612
5144
3684
14285
21130
9772
9423
3584
14030
12055
1939
16335
3047
15831
2171
16399
12383
6735
3291
7867
6027
17192
17380
4964
17387
23798
21886
3839
3200
7534
1531
6610
1064
3544
14062
24576
4709
21622
2071
2998
11324
19087
7022
9605
11994
16614
12696
19517
2292
4757
16521
1191
22547
15448
25151
13738
6993
19676
19069
22039
13120
20656
1912
11615
199
4864
4278
3330
10468
1364
22988
25111
5230
17867
16365
16243
5046
247
3120
24336
8364
19256
9610
6720
3557
21742
3177
15440
7003
8807
17560
19535
4755
4650
16076
20192
7947
4744
4896
24679
19020
1649
12159
22611
10042
23512
3552
13326
7894
20643
13395
14051
2335
1096
1166
13743
5302
4060
3614
5570
12451
5174
15523
5503
21184
5313
6382
7390
13446
22220
15365
674
2123
4045
2690
8324
1665
1973
24076
1684
4418
17056
12192
21134
8978
4847
4458
9969
16811
12306
7474
3351
16607
10362
1902
8869
5316
19216
20889
4710
486
1788
22427
5394
16921
10065
22011
18949
8886
956
18713
2261
6014
10730
21103
3422
10950
25179
1547
10312
25084
14341
15910
15436
7180
20115
18728
20499
18470
1056
3727
5580
9035
6375
3775
20068
16847
12363
1079
8987
18510
19110
10269
4840
22017
6416
19882
4356
7467
21963
5694
20551
11806
1795
20831
9924
2987
17732
3873
18362
18188
24045
17402
1412
4698
2248
18997
24153
8101
19736
340
15069
1111
6018
4999
23101
1639
25290
4569
3432
14184
15316
2747
4650
15120
19044
5231
7985
10041
9969
13834
4309
14786
24570
17202
14660
5777
12175
12937
24384
20632
24769
19806
24515
9041
316
128
6747
23665
6630
20456
4122
4589
16116
9442
12187
23863
6709
4827
21541
3302
20166
4839
3611
9441
24835
7254
3984
25059
2517
12501
18375
2374
3488
25177
8326
12862
2520
12970
24056
4537
4438
5364
11429
5361
18978
4435
21660
10566
23809
16933
