11036
1098
16346
3480
16583
7082
19217
4471
4267
7038
1963
157
18437
8444
23714
21665
2830
108
7487
22838
3721
2819
12424
16737
8451
17574
21326
21322
5824
5940
7861
23579
5816
15926
7079
12049
22719
19607
18134
5573
17241
23336
897
11999
6079
2614
7278
15844
3395
8015
2143
1835
24026
22809
18897
3528
16253
5493
1790
16601
20933
1968
15134
2811
5198
12281
11387
17524
9602
21278
3734
4953
6414
21797
412
12051
1927
256
1479
12356
14445
13371
19834
20473
4367
5833
4200
5742
4064
16889
8517
6173
14249
22603
4749
4974
2264
3330
11372
6561
15595
6951
7100
3576
8053
11689
14986
1229
7479
13961
4005
977
2553
13917
1663
6232
400
4126
16511
5270
7142
8945
11262
1033
11938
6555
10039
22455
20913
18710
5393
18746
4238
20467
24555
22739
9242
18444
2325
3975
7840
10771
7086
20435
1764
5560
3367
5069
438
6132
383
7802
15556
24497
3261
6488
23527
22116
14947
9455
17879
6164
8252
22621
24993
24033
17811
12342
13611
18552
9713
2961
4423
14212
4854
2171
11591
4404
6020
21042
12720
5803
18582
20776
13550
6321
5406
15221
9570
7943
20038
5709
9836
2538
18306
6651
23202
3201
8770
8197
8157
4688
20426
944
15122
5778
22372
3338
3946
20898
10802
9020
7364
6041
955
6151
5553
15486
3716
10740
12548
21227
9247
9153
4424
6650
17590
15943
4468
3912
10146
4010
3797
18772
5130
2224
8639
20086
17165
13588
14901
19990
13314
5821
7211
19111
3055
14986
19785
9117
15256
325
159
11831
15915
1284
73
15252
4469
13449
1695
4523
18278
10042
5764
20869
23660
2412
2850
20349
7084
20705
16387
23177
3814
6272
447
4112
13115
16562
2288
4662
18853
11230
358
11328
24045
12714
15453
23436
1121
11525
9559
14407
13120
19932
17704
20132
21184
5792
6448
22885
745
7255
643
2806
7067
25423
2814
17111
17401
3674
14045
13979
17025
6868
6408
2296
1298
25006
5260
20771
16770
5953
9834
4734
23881
11284
8500
9225
24712
7873
15516
2050
23182
12033
16233
12998
13323
7256
2501
17191
4015
22161
1088
10685
3126
7342
9779
16414
4612
3261
13658
20511
22531
8891
8243
3111
4890
10448
7107
4680
12282
5796
20567
14010
17481
24628
4284
543
10936
13995
22399
16574
21326
13829
24428
21294
23444
1646
3668
3396
12515
1749
20854
19500
9560
16315
1130
20679
3607
2305
712
10198
10858
16857
6692
364
8689
18548
24341
5164
15587
497
25257
18279
13751
6084
4623
4852
20308
5979
8782
2279
5474
3880
1696
5492
25315
7542
5085
19525
7200
24234
104
23951
5632
16332
19073
17397
5409
16072
6594
6351
1174
3644
1179
8870
11294
17409
13619
6047
21686
5780
7389
6470
20410
23903
23949
19053
2789
11263
5601
10826
4791
9981
3320
5961
1942
3285
6275
6640
7130
23355
3322
18330
23355
11012
3970
24144
2128
16969
19273
5707
13738
17445
1886
3955
4850
8676
18717
4280
22208
6931
11877
22161
23684
11570
3009
9056
6708
4078
6380
24387
791
4672
3017
2461
23175
1140
9206
17981
23520
23179
9733
8598
6200
22618
18359
2754
3046
5222
2747
1725
16456
23093
2151
6494
20115
6449
11760
15091
18024
10426
663
12167
462
9717
14194
16545
23720
5475
19682
647
5429
5197
3935
21020
3449
4877
869
1796
6256
22508
16372
24662
281
6503
7576
2376
6877
21132
314
473
2761
12283
1648
769
7367
17240
3478
21986
6016
17030
25494
2545
3418
14136
8218
3923
7958
7856
8338
16363
7722
5472
18058
18861
4972
18534
17254
10062
13117
289
21327
1647
13499
1306
1581
8291
13908
609
19500
146
3940
16170
7596
15582
5591
19290
23213
7406
20345
4154
17522
12602
5974
21239
15440
23193
12402
5820
3955
17043
18673
3208
12846
16799
2732
3977
2015
14400
3126
424
3388
21643
13273
6953
3496
19268
5485
6178
4364
6946
3102
19222
21873
5811
1574
7656
7067
1673
21099
4300
22491
1727
20058
7389
1970
5995
8385
11915
13550
18949
11055
22891
14660
9569
16780
9831
5119
16549
2353
9665
3372
5352
7917
3868
5348
2158
22215
20752
11498
391
12994
4343
12861
24565
4365
6518
3248
22030
4731
15034
19310
12758
2619
6652
9046
1787
21207
3243
6056
1276
638
15243
942
3620
4495
23457
5148
2416
24654
9425
8924
16119
19256
23649
4253
5649
11796
10868
97
14033
22614
5151
4531
2842
2856
16004
2385
19790
16640
18678
23909
20222
3095
24879
8878
756
11680
3403
19878
5490
18452
4178
7026
3841
21927
1576
13242
16290
11322
14133
6998
16614
3365
1341
14322
12648
5796
7949
4937
2973
9779
16395
12191
16267
6955
24289
4278
23275
6453
20058
2830
8437
3999
19341
8029
4264
19375
6834
17951
24043
24773
1008
11094
22491
10604
17071
22861
16664
3721
21289
21698
5648
23473
9455
10221
17942
398
15398
24269
23012
18753
13303
3636
2915
5504
20127
8526
19544
955
4287
16827
16331
6609
9111
4916
8109
11212
20545
24322
5459
19883
12960
11970
33
6201
2049
15444
11887
20683
16561
6041
960
7249
8545
1085
4199
1562
20663
25248
6610
8763
22559
6229
4450
4162
4784
12133
6285
25064
3441
3807
18936
6410
21814
24308
7634
24564
14434
8718
1115
23335
4318
4910
7102
16350
22046
4829
11209
5289
18877
345
11427
13805
22853
2739
15972
4768
7351
25225
4309
4572
6632
2773
15129
4689
4794
25412
711
8630
17981
20206
4930
12733
7883
5293
9715
15840
21070
22668
6538
20851
3581
23253
5322
