1023
23768
604
2491
3897
17588
1865
734
12311
7124
10827
11810
25430
22209
18112
21591
2048
651
20948
5339
2470
23305
4084
10381
11843
4146
5944
7103
12129
15268
7167
7052
1122
1415
17622
4198
23122
6067
22638
15468
16125
5040
25350
6625
5694
490
13576
22993
5467
3209
1413
4938
6331
16093
13702
5397
3540
4801
2538
636
3141
4243
12806
8492
8124
18899
21712
22156
9367
19194
1235
21847
7206
1453
778
6044
23644
4729
11820
24099
13293
6085
2556
2397
2324
20784
7804
2186
20700
3339
23430
4760
2903
5179
19455
456
3687
2134
4924
17345
6768
3784
3240
5154
4973
146
6962
12517
909
1031
6916
22541
6148
3608
4532
1483
917
19720
25366
21620
12596
6426
21003
13712
1512
12637
5671
8886
416
2879
19416
10790
21472
24882
1187
7230
1544
25192
6318
22934
14241
12404
9352
6803
14004
21016
11269
547
7236
11457
23697
13583
14079
18859
488
16155
9036
19435
6468
3078
5416
5510
13311
14552
21158
7397
2388
24267
23609
3907
14071
21535
10764
5011
13142
18384
17540
16272
2731
25191
24552
11034
9140
13362
18283
10813
23490
21046
4610
12734
7662
9045
24090
25179
20643
24211
868
23748
19591
14379
5013
18514
7242
16172
23423
1792
3231
1923
13892
7291
15680
22772
21500
17240
4284
14636
1796
12601
4235
2412
23858
3549
11555
21519
1542
6217
567
18861
15845
6167
1643
21073
5215
21841
15572
5613
10323
1680
17361
24349
16577
3100
22992
4297
1351
12174
15644
1748
23165
12635
4370
20138
5802
19244
3929
22774
12316
14916
1538
1432
17442
5224
23279
13370
9076
19766
1433
8748
11679
2118
22240
23210
22715
3432
17440
959
1948
1888
229
12009
749
15665
3513
4637
7947
5112
19824
18589
1697
2696
999
2140
9710
334
22505
9437
17833
8702
12881
5967
18468
5813
4719
21575
13000
2561
15778
5525
1101
12339
4525
11509
4092
10212
5095
8412
13001
21300
12388
5740
424
3183
7321
16529
20648
23934
23047
10848
16284
1835
1352
5274
5257
13619
7899
682
17391
396
18083
5390
11199
5723
3895
19442
6110
1035
6994
20254
20179
13264
16540
880
4721
576
1555
5557
3333
885
6509
3112
5679
2903
7585
9059
3003
21126
398
23816
16574
5719
8238
15271
17213
800
4743
12816
3599
9250
5424
16104
12249
8341
18249
15374
5365
2891
3109
23111
3959
3656
3907
20563
3566
3131
8582
14219
4625
14654
3580
6550
7738
3866
19148
11642
6078
18020
11481
17974
2189
6955
1808
2997
21135
17335
19622
14915
24026
5401
3894
15621
1067
22638
4281
15908
11206
20893
1214
5040
1049
4181
521
12114
4285
18210
1860
23754
24823
6836
23237
12097
5941
15332
3218
7885
4170
2226
6551
21793
15053
5094
1343
11392
4394
6453
16670
23629
13386
3727
6301
22090
14188
19850
1682
21734
3338
1258
22107
6219
16515
9670
4348
21536
24195
6417
22184
19494
4202
6585
14085
9019
113
22874
23936
22474
18002
22041
11946
3521
11359
24743
2582
24095
2207
20631
12097
335
18539
1886
5431
2887
9930
5072
5061
23291
6283
1334
3731
13881
337
25032
2582
6093
2754
15560
3574
11637
4342
7053
13666
1012
22672
20379
21726
18987
16285
18477
5667
1883
14061
23656
2980
12109
24715
2762
4250
11051
5301
5008
18602
23522
2710
2912
17986
4328
11933
299
23262
23618
7491
21123
3676
23347
15878
12720
24180
5444
3613
16111
12947
2282
3554
6184
5965
1154
5927
17663
971
1915
14380
5675
4728
6122
1367
440
2414
320
14716
21576
403
21197
22668
1875
12809
6669
8533
14793
23440
2384
4282
7124
566
4496
16841
11239
7188
1165
16897
4745
17949
438
24574
8318
18268
5201
20962
2975
16410
25557
25495
19900
3409
16406
2925
9074
22895
12845
1760
23238
23812
23085
20312
5272
20983
6269
1856
3986
4994
15946
17159
15490
3306
5535
21685
1226
11517
290
583
16057
13054
18294
16818
21465
4283
4727
19937
5788
6505
7063
13251
18188
13165
2545
15236
18672
18992
7012
21315
2349
25149
14565
19102
4871
23515
3506
15137
22038
22554
2029
8639
6879
1770
10011
10461
10690
5986
5528
8547
7983
21989
11213
11474
3605
3009
5061
5598
10128
21365
4356
23199
15352
18636
972
536
13449
8326
4260
5196
838
14644
996
16865
2829
12265
22869
11614
20980
16815
25316
22206
22534
23712
16054
13995
3489
25012
16763
6045
6015
5898
1328
4524
2633
18424
6098
24741
6994
5977
1299
12250
19004
266
22409
17270
244
3011
4382
9298
3935
10631
6770
6806
7066
18920
6871
21996
3337
7042
18170
18425
20021
6567
6649
11685
5946
8280
22911
18541
624
22850
4587
18338
21138
8392
5724
25273
1015
18137
20518
8808
204
21235
14790
22923
1282
5725
3696
20333
8948
2376
9876
6493
2050
12088
1434
8990
17746
21268
5963
1580
254
16078
7623
104
4840
18547
20025
7446
8744
1523
618
6317
5153
7956
17554
16515
2890
6001
24539
10259
16973
914
16087
19395
24137
5474
5099
9897
14180
8399
2746
20811
6420
24759
20372
1634
24019
1497
4703
11980
7078
15651
25121
18095
8480
11866
3386
15332
4136
3342
20235
9329
7610
23295
11963
6243
3358
22634
2774
11591
20494
2567
22497
19436
17726
6142
3512
6764
17979
13394
17809
5321
10668
18995
1565
22198
20068
24992
16996
5485
2846
12242
1638
18789
10140
22755
21750
1710
11734
24922
13692
2025
12884
20358
3363
772
5521
6591
7154
1252
7858
6522
9883
3016
3085
22848
17767
16525
7762
23006
21253
136
5793
12636
3130
23440
