11221
4701
16637
19210
15056
7079
139
1191
974
22441
87
3589
10870
3987
1393
2415
3045
18166
12196
4341
13776
4219
9094
18896
13556
10173
22125
3021
1739
9853
2457
11013
11503
2805
726
3158
6998
13038
1264
20136
7451
23923
5138
20367
5077
5108
12300
13141
15659
6651
23854
14952
17545
13967
8817
18381
964
4927
21784
5629
4640
18268
1296
7236
22149
6096
14225
9402
4759
17903
20437
4403
14663
15677
10341
20880
19297
17137
23887
2097
7040
4291
17696
24706
24940
4141
6916
4987
5659
18120
22262
7664
15241
25314
14580
