13360
22549
20705
12633
3141
4097
10232
7421
22039
13545
5927
4252
15382
6901
18773
23000
18494
243
6054
23408
16100
794
8395
20907
46
1969
14898
4129
13937
4552
22995
5910
12613
3529
22902
8604
4734
1202
16448
11085
5962
7421
22365
20334
5638
4866
3310
11899
6519
6215
23251
7974
8902
11392
2159
4031
5665
5652
30
6331
19950
6793
21971
15501
4842
624
5919
23351
7576
5177
1954
20843
2576
23778
24772
19538
7373
2555
23993
18785
2676
1227
16411
18645
2949
11277
22618
11871
1423
19979
23487
21404
3553
17409
1354
18684
25266
15710
16106
18214
23870
11422
8471
20624
15535
223
2647
939
5093
4034
25483
7029
22885
11801
5642
8493
20409
5795
5105
20025
1100
21768
15565
7541
6499
2951
17920
3267
5186
12404
3375
3585
2099
9685
2925
10569
14082
22056
5606
20029
3292
7673
5323
21808
1374
618
1775
12504
1586
2105
6609
20527
16738
15230
24995
12072
25111
22938
24554
6327
1677
7270
7039
6350
16386
13540
5316
7320
1975
1390
16043
17660
946
6534
17470
1012
19721
19689
6743
16596
1490
5494
6026
21681
186
2674
440
219
17451
3961
1514
15800
834
7560
2463
4138
4230
20004
4341
10962
10345
1689
14256
16435
17008
20947
1127
858
12023
24432
9638
22981
391
19406
9584
15585
7116
6587
8808
19429
1503
23641
21831
3158
15919
4283
17851
23716
21585
9927
12571
5361
6524
15172
8046
22810
3162
259
10311
6435
1698
23239
1348
17447
5988
9145
10698
10593
347
11018
13235
2221
22805
23166
22022
21863
14709
4863
6839
10049
16921
13164
11666
23493
14309
21520
3394
1109
3992
12128
17052
22978
6645
15087
3790
2326
24132
3733
879
5899
6338
20134
4166
3176
22918
3761
24156
10697
21595
178
4912
22740
20570
10453
3219
16402
1030
24004
764
1542
3884
16813
9706
13792
10115
15707
11475
3503
482
19363
24631
20945
13474
3545
6726
5957
3670
1191
8573
23056
11541
4942
5781
6582
13887
6133
12416
16994
23384
9516
6079
3011
21917
23662
399
24118
794
24179
17143
1351
10122
1269
22514
3974
909
16419
11300
24986
1261
16690
4541
4914
8865
20996
23140
21229
1699
24692
15513
9144
8542
13953
1565
4597
16918
304
21295
17350
5799
23297
8090
3558
5969
13016
20714
21624
4341
10184
6537
7564
17541
16872
25090
20842
21447
12086
6841
11597
8938
19587
4975
252
2225
24394
11519
3518
7960
7042
682
5942
24783
12250
2574
5150
4917
10739
3615
385
13826
21646
8432
813
19605
2981
1323
5717
7988
1866
3400
4449
22412
4196
22430
17827
8252
11149
7110
17072
4997
4234
17958
18754
22756
6600
6012
24666
3614
7061
4655
14152
14044
13256
23830
13969
1876
3502
11737
16771
9144
8697
6424
10245
15991
19533
2136
18443
13919
1259
23491
24307
1607
15762
12390
2671
25015
5503
18486
6122
600
1925
8092
22147
9730
3610
10401
17716
15177
8818
20152
14505
16449
12637
11469
23027
20067
2470
4008
11346
23011
8906
6519
24174
7557
1869
5231
19440
14686
24426
1660
11881
7109
22294
14734
7281
3667
6093
7729
3015
3085
3614
6811
12366
4891
13704
19353
20493
15979
8406
20577
4017
23004
9998
24001
6742
16545
15718
1260
15862
24370
4381
10399
406
7267
17226
8829
5219
18759
6637
6384
17203
1901
155
1078
14640
6099
2868
129
3842
1316
18151
9686
23946
17545
602
14575
11055
5636
6628
21625
20976
4502
4658
2654
15890
23175
24664
23900
13523
6974
289
13081
25556
13353
5105
15958
9219
6035
20300
16656
1888
22825
3283
22198
2142
1450
242
2302
1563
1108
9465
5647
14323
20323
13367
334
2268
9670
862
11419
16780
5690
24103
18374
9813
4503
12306
15278
394
18110
24209
2389
8621
12610
20991
1364
24436
22105
12244
2290
2836
12985
17287
7211
24859
22396
6080
5381
21903
14486
16655
4963
23421
10546
21997
3590
1035
2635
6633
12111
8810
10077
21915
13028
16197
17505
24781
5318
14401
23255
23565
13145
4891
1938
6690
5620
6738
10366
14730
21355
504
10634
2625
21554
25476
707
5577
2972
13593
368
22147
2925
6058
6269
4425
7499
11469
2355
20788
10137
14244
1339
4568
17201
3025
10692
3513
333
7166
324
22135
24624
15016
20411
7921
3603
5809
4536
13572
12255
12959
10350
10819
807
12730
14494
11871
5009
4761
13882
6139
8360
24102
9270
7746
13074
23616
55
17097
17873
5744
24683
1897
18866
2065
16836
10417
11997
206
1242
13672
14798
13627
7018
6659
2381
412
726
2426
19255
23043
17061
1614
8883
2284
18154
3588
15803
3862
12636
7821
6634
13185
1178
13298
5896
13139
22062
8269
3671
5973
19137
1042
17365
13766
17542
1786
20556
22513
16588
16298
86
11085
332
15388
4187
25445
15311
11696
24057
2911
9224
17733
4247
1827
2365
11814
7691
17652
9176
23023
21273
7900
4652
5286
10462
2382
1831
8372
19212
17747
9875
11589
19533
2982
5058
17101
3244
950
4552
2684
20055
16171
7051
7147
6316
633
22502
5778
7767
1431
407
1831
7099
14398
18995
21518
917
21331
5250
277
11367
6870
13965
3013
20233
20233
1563
3890
5720
20031
5965
3280
2526
720
10604
18228
3142
22032
17470
1549
9791
6861
1602
10105
22152
17454
8487
10152
11938
8652
2224
4267
867
1333
20220
25231
4975
13029
12977
360
6070
972
23431
2417
19292
6758
18793
11246
15886
3887
3379
146
8390
5128
2086
9460
23252
25420
1551
24565
17640
20790
20051
5070
11649
101
3920
9124
3770
17377
20475
25267
4012
9442
11502
19559
3352
13187
17929
2848
5680
2416
23618
717
14440
5844
7842
14182
20271
4780
10164
10719
8482
6708
11195
3981
3937
3708
21975
3950
8470
1776
21741
19430
1212
3702
6749
7150
2641
19090
17971
4303
4568
2740
17824
683
22549
20362
8195
4248
13969
7752
4364
3624
24100
4617
10275
18528
1603
3798
16771
16969
5423
20477
5343
12642
4770
2310
3824
10157
15773
14412
12365
25080
