8776
17285
15816
13355
6546
14995
5881
23669
3891
1322
3014
5758
17945
4505
12143
8810
1550
15395
10642
4174
21192
3506
20436
23845
16041
24158
1361
10267
126
550
9708
11631
6043
11823
25014
19916
24535
5324
2083
1533
5078
14431
17534
22106
16803
22696
18550
6898
11632
9939
1089
20868
9685
1100
9300
21079
18087
12746
10499
5106
11459
3266
13738
13348
6521
3856
5680
7054
1555
2035
24911
22992
10075
25063
20166
6667
24874
10889
18463
24212
10697
11184
4378
18636
23997
14141
14150
20436
551
15173
3408
1189
5820
24904
5870
7187
10516
7571
78
4529
1522
11963
23428
987
8023
3331
5373
10408
3873
19096
4357
2429
23904
25053
25426
19019
21491
4764
15935
24867
17142
578
24586
15819
12999
5312
3155
24753
2170
20912
15756
25496
6455
3459
3224
3050
11637
8582
20340
9722
4412
22654
21365
5010
1416
8592
23606
1507
8927
20702
12079
21080
6891
20093
3732
6207
24599
13560
9710
15884
14687
25284
345
1254
14779
5254
19067
18690
17305
18306
8517
4719
6267
13293
10829
17209
12150
609
14704
5771
9085
6016
16229
12029
23483
10159
18163
761
19441
22357
24377
12247
6678
18750
5075
10716
8528
7784
10948
6121
4924
649
6126
15403
20194
6467
7066
18837
21016
23569
5392
4150
3238
22807
372
17067
5837
21976
4916
355
58
24276
279
3635
22220
15431
21204
17883
18838
3116
844
13178
3710
9607
11397
23693
22250
4869
6045
9699
12869
18035
22488
7042
25195
651
21965
6492
7781
24690
19514
4134
18017
2954
12656
7143
1685
13263
5390
3193
2168
7192
1569
23565
821
2518
16805
5916
15757
5709
5596
13328
3700
6412
21594
23202
5089
19904
1914
6999
1032
3961
13398
5760
10307
23815
22071
5414
3855
996
7107
3697
750
4889
13259
8493
3624
509
2148
5808
2405
597
1747
4084
4073
2123
11406
4927
24214
24606
12150
6937
6478
1791
23924
22628
3043
4831
5349
11767
12729
20350
1195
10732
18402
1209
5069
2852
13804
4586
3829
7078
3802
8739
3231
5301
22495
5789
23981
907
23561
11508
17388
345
3217
14758
13548
22903
9803
11553
21281
1522
3244
8961
11604
10170
13405
24715
2596
3305
20548
17754
8985
2485
3276
10835
20612
24290
294
12577
9621
7170
647
939
5833
15621
23134
1031
1342
23957
5625
1992
14111
6368
3211
23075
13313
8054
614
22092
456
4590
3810
15525
21002
1152
4261
7792
4425
18856
4343
4808
558
21448
5744
4273
18601
21222
1561
4539
763
1171
18553
19836
9804
8820
2156
11351
4715
1284
11154
21963
13363
7032
25394
721
1687
21402
1056
24172
5309
3393
1367
21418
12583
14167
18126
20126
261
12794
3093
1827
23612
15659
1895
4913
18012
7798
9579
4553
4390
3005
1502
3774
14040
9083
7104
53
5441
21330
4365
2498
2840
12394
11130
19317
12333
15934
4344
8741
17335
9849
6827
22105
14178
24688
23728
15392
6562
18527
428
16870
25454
10101
13944
3401
24568
10954
21722
23591
19456
19207
8498
32
3978
9188
14704
4564
15583
15415
20192
16083
7170
15362
936
23720
9691
5530
4540
2014
3346
7279
2573
13453
2647
3135
19407
11276
17619
292
5518
6941
3438
24201
24073
24951
2878
10089
13655
6876
21865
17590
6662
13447
25368
15906
15416
17730
5502
24673
12518
4878
1614
22054
5472
8508
25529
11699
9001
12278
15228
21005
13101
3933
13883
3631
12698
3461
17476
22053
101
10624
14137
11195
19535
21150
20151
14508
20206
6102
13233
1241
850
18426
55
3489
18633
73
3416
16238
4844
11362
22870
2397
24462
4669
10511
10297
17778
9193
16374
3171
15529
1729
24561
1324
7073
10511
21610
5056
12602
7260
2796
1591
4913
6108
3023
10565
9793
2276
293
13628
16332
4300
4379
21143
3133
23066
5995
476
903
1189
17504
498
19392
22714
3514
9299
3329
1950
10899
1615
13528
23121
4090
10405
10774
20765
19999
5830
3047
13061
2107
17148
14409
3458
8916
6623
1958
9196
3745
19936
5489
20266
22342
15753
20374
19597
15873
7520
3849
6760
18002
12445
1996
6581
12477
3100
20854
18531
723
8239
9756
13902
21761
23622
23057
4552
14787
2670
2651
5960
23778
17585
379
25390
15891
12267
10618
23907
11944
17407
24339
23585
23965
645
9961
25143
21392
7975
21425
8549
23935
5717
3059
2732
1362
13555
24250
19858
20197
4251
18023
18104
4056
2579
7206
24784
7013
6351
6184
25414
23908
11182
5845
12692
653
18383
5454
6077
18918
15060
14822
23472
6490
6294
8913
1115
8651
16582
16474
12403
14428
22447
679
12074
4525
11503
9282
10138
24427
4962
10150
4647
2056
10407
4153
19970
5640
3041
13065
2433
16795
1688
20033
14051
16326
8890
11382
17788
7573
13164
14398
1737
3010
19405
7143
7202
6842
9703
10048
22321
386
6229
20325
2252
11285
20001
346
16774
25210
6836
987
7074
10315
1461
6755
13000
13933
3292
10893
23438
14750
185
16459
1934
7935
6242
854
13681
19985
15462
3866
20367
22069
2697
21607
24448
1962
3182
2919
23377
434
7241
1020
14699
11201
6361
1163
3946
8963
6704
24293
8534
5098
23668
4680
25163
1910
10537
9235
25262
7490
5228
1318
12387
14322
17768
22671
9810
6252
8803
18339
11194
1372
1918
17709
25497
14821
2748
16647
19497
1994
1600
19254
20238
2620
14918
10250
16321
6981
10811
21307
19333
21918
4432
4019
22822
20525
7620
15738
22702
7110
14493
18677
550
20113
15573
21060
1311
72
7994
2875
10517
13614
1418
12604
23640
14948
19966
15148
13082
3108
1815
17009
22476
1343
22274
825
1631
9468
21215
9461
20113
4069
18039
3190
2718
10173
2122
8233
629
2277
4789
6127
9663
706
14194
4841
159
491
2859
17847
11286
23331
1997
25513
12053
5660
18719
7944
17000
6210
153
3403
8082
12843
8219
2175
16417
10927
8347
237
3604
11445
3268
12479
505
9355
6056
12684
13330
6904
9657
273
23219
3927
17191
1255
14720
16635
2975
3192
594
23223
596
17147
9083
192
22729
418
1892
19644
9834
1615
17604
11891
4293
6219
15756
21852
25142
