9951
5867
4192
17298
10355
724
2171
16562
24842
4866
12464
22306
13700
4178
17277
12004
15046
12342
11853
16223
11010
18038
2410
6462
2996
10023
2144
24614
665
14211
13321
3995
23518
12212
18845
18478
16079
3149
14561
3902
5139
12318
21488
24805
6894
13542
8265
16761
11839
2543
4264
8008
15106
6004
17498
10811
269
15307
8408
12709
23497
16787
25375
19474
25225
11742
3103
12869
756
5848
20550
18391
4110
17558
22050
21917
11948
601
9120
3617
13576
8338
15129
6896
1497
9622
1524
116
17309
12391
17387
