12876
8797
1040
13125
7901
10513
16293
501
3892
13119
590
1470
14493
25509
12235
4533
8323
10245
597
5477
22278
8949
21370
2595
9155
274
10920
17215
8240
16951
22269
8054
17201
3215
16920
10451
23892
18047
1608
6594
1008
18821
4697
1916
2215
20031
15664
21540
14125
3753
18641
14802
11669
543
22292
3774
1653
20990
19259
8775
4788
1037
8039
24526
21882
16755
9901
7035
7114
24636
16700
8994
19802
6225
7223
1497
21680
6273
14106
1703
12864
3450
874
10112
18034
1874
15316
2333
24619
17624
21984
7614
22652
1868
14719
5070
7832
8644
867
