776
11148
4174
11872
25501
6979
2492
7086
15259
20063
11976
21581
10907
10777
4335
15852
17962
13490
8731
14174
23199
3998
3466
23403
23707
5070
16789
18890
2803
7227
10683
15497
16325
4312
5984
19946
3735
999
23398
2606
980
6974
4082
1872
5349
155
4588
21938
12667
3573
10910
1710
4894
7685
1291
25145
4879
2656
10703
19348
19037
19937
21721
15032
18387
3196
17043
4290
8280
2222
22319
3051
658
6591
19545
24725
6439
3409
10874
10580
7289
21889
3619
20981
4907
429
4317
22900
17743
8829
24554
7363
23495
12653
