7240
194
4960
5475
5048
428
1249
12965
15648
511
2182
6735
22834
18532
12649
19471
3121
25395
3165
19495
3329
1561
5132
4968
24530
3078
2589
2994
713
16792
22491
20525
2264
18516
18368
2396
9579
12933
21970
299
2773
14402
18222
20378
418
12988
19849
12759
6396
9257
6768
6151
3483
11763
25296
5185
1657
5827
21204
11435
16573
4502
3433
17977
10653
8935
3602
18793
19973
15436
6008
24076
472
3211
22557
3226
8070
2929
7232
15864
149
3428
14066
22716
11208
15464
4914
4825
8325
3306
6824
24649
195
5436
9625
9853
8038
18460
