3899
8425
5732
20416
7219
5023
6995
10151
3610
16143
3965
11333
18777
9786
2275
4132
20301
5088
5713
12078
16825
13672
10276
20670
12576
3993
14195
6037
3863
2545
227
9635
1692
9922
3255
1936
23672
2524
22078
10810
10619
907
17334
9875
2524
4902
18643
2125
11021
13830
16199
2345
23391
7743
1552
10384
1142
25354
11005
14368
10908
5907
1783
25156
17919
22751
11043
2311
5429
22112
20108
11165
18204
19641
3237
6011
11780
24046
6263
18838
15009
2931
4603
329
11349
20712
6517
7232
2249
6708
5175
6111
