3791
21074
7528
18240
5399
8856
4497
19192
10728
10771
2012
8011
22922
16978
14638
16842
6050
2037
12870
10749
6158
286
17205
22678
22720
8082
8987
5104
15870
14920
16221
21757
2895
24599
16205
654
24520
12799
13347
12339
7060
1926
5991
14119
19534
17639
20178
18648
3747
24746
2308
22878
15690
6290
4956
4622
9665
22467
2587
3336
1986
19274
3241
17405
3589
10536
16152
11708
19104
9290
6217
2909
326
4781
13876
409
8211
17182
2526
14709
1484
609
6633
22792
19730
20604
4497
4422
3774
18168
20867
23506
3417
11641
17290
1161
15158
16407
19719
7425
