10871
1580
2228
1958
6491
11252
7339
6694
10637
5884
2269
24615
11454
1660
12540
23481
19133
25259
2837
16274
10577
8448
22510
12029
23549
24363
377
2546
24596
6474
16860
6577
1765
9257
24866
12275
21072
13707
11867
9490
16456
23364
4175
14932
1351
25198
23804
1788
14675
12213
15502
7579
3619
1592
6536
1129
20119
16119
22190
14706
4295
3300
7588
6556
5449
1825
1005
10721
15730
19273
7601
16400
15397
22905
74
14852
16682
2538
6986
2047
6254
18425
10457
20888
10005
22887
346
20758
5528
5779
20841
802
15163
4298
1316
18240
9800
11057
