3130
8703
19798
20957
11656
25457
15204
1528
9752
5197
23526
5080
4371
10519
6045
6431
3994
5291
24977
2304
10492
4265
4529
20004
7963
16866
3140
17562
15486
24923
2359
8269
6243
12719
7300
18184
13626
9200
13102
13114
5809
11922
2187
8255
20321
20825
22917
1201
1011
19496
18320
4575
19073
899
24291
3318
163
5853
624
8535
6224
9550
24972
2903
16280
17299
17269
18884
3469
8672
20092
6873
6309
24656
9721
10885
4551
5510
4396
2969
14761
907
1818
14249
20220
6564
17425
1367
21809
6288
13655
1775
25166
720
24627
17784
14175
728
8288
