22794
734
18129
18758
4746
16933
4948
3216
505
2255
19620
8233
11733
352
2398
5158
20531
15675
24795
20762
18306
20415
15432
18267
8151
4775
2559
3755
25240
12078
21426
4649
3284
16689
2328
426
20104
13096
23344
23780
24809
13228
22463
14381
5733
3400
5634
6239
1001
24230
6105
5822
3307
3070
3090
4280
20526
15262
4673
18200
12251
6147
1868
2411
4141
7762
2814
10418
12901
9389
4671
411
20977
9295
12160
16635
20951
4584
1171
16591
22317
9352
2074
11045
21612
3497
22297
10861
1373
8247
1074
2066
23317
1128
8298
15453
22058
12781
