5860
21085
15488
23572
2554
8779
16751
143
23283
21718
11237
1660
5838
13762
5587
16945
431
24393
15733
19016
10916
4229
5665
13078
5796
12973
2588
20447
6661
3614
2191
16445
24905
12534
6389
11642
3640
738
18577
14248
5123
3292
4101
5313
16785
2162
4867
23585
3002
5639
242
1404
5240
7967
6579
5426
25283
23510
2591
5982
15419
5912
16861
7880
8291
5236
8935
7688
4153
5714
14027
14841
19768
9240
12341
4206
3862
3566
7032
23714
12517
4752
16821
3884
14579
9657
14596
24840
529
4662
9783
15942
1885
5151
12068
14014
2362
19131
6998
15516
