19678
8498
6628
20480
3752
8671
11145
12809
21328
19209
11266
13966
4120
15884
436
10415
17580
16449
5018
11545
5155
12467
6186
3715
3826
11546
895
15266
11233
1247
10471
4334
3705
12076
5953
10121
21218
7483
3036
7136
12729
1005
4721
8606
8163
7044
15312
6630
17332
14941
4071
5479
4241
856
12689
8725
202
24988
9236
18489
11248
1776
23363
7068
21550
14831
6898
10099
19965
6468
22895
24316
2248
232
6708
23370
15254
4487
5168
18649
1611
4795
24273
1220
24973
19347
1614
1895
4348
14099
2607
21116
763
15440
24587
15357
5171
13463
13601
