11986
19581
24699
9593
25010
23171
12936
23535
5236
21301
4164
5215
10987
10733
5854
23214
11562
5816
1815
13197
2091
4506
7965
13531
193
20765
9452
5901
21525
9077
7845
8035
2399
16695
15615
349
4099
5190
4165
14501
25150
23354
17588
15391
1080
17019
14260
14109
5165
4984
1254
4055
3481
4172
2707
6856
7115
609
18600
631
12284
23241
13772
23425
17115
11990
3499
1861
14701
14461
5157
6823
6228
9064
13548
8287
25309
3133
6227
20980
11953
11150
12727
11034
6
13829
9740
960
11976
988
14917
4177
8847
17025
2816
1949
2223
6288
5066
4406
