14188
1370
10209
11873
21314
2291
2468
1167
6072
23983
9664
11580
8849
15054
10079
15201
3644
14379
6390
11749
7173
21523
13607
23231
3694
10151
14892
24671
12502
19881
3318
25345
4678
5019
2365
5699
2914
12632
1091
19815
18676
23298
6456
138
5606
18849
6907
8256
18040
8130
12802
2525
21439
20879
7861
7766
6229
23313
7370
5570
23095
9482
4713
5029
828
6995
14306
12232
3239
3380
13477
5039
5768
5953
13584
11534
12847
25204
22940
14247
23584
24335
11359
13092
9256
22446
25160
20032
2222
2798
19668
