18235
11550
21485
6880
17853
2268
1213
19703
5140
5640
2459
16441
8621
5879
13265
9034
4777
7671
11822
5057
5907
10649
3993
10923
3132
19634
17992
22463
9146
7491
2198
1405
18556
22645
4685
17893
10182
12772
4940
22352
677
22170
19384
8833
5982
7637
23012
4467
21444
1817
14440
2320
10856
15973
1810
1424
3004
5163
23378
3667
2899
18281
1314
9480
10844
20234
9186
3037
2123
4196
15472
5049
7204
24748
7884
13489
17319
13707
16934
22648
20122
1998
9432
21237
25025
149
6071
3245
24572
11527
3113
23367
8024
2942
16016
3185
20281
4574
22300
