7530
3383
3097
743
9910
11214
410
431
4129
9659
977
753
19782
17933
172
8832
3933
6157
21603
2183
17571
24489
6506
14340
7036
1726
6542
114
21467
23063
25031
15071
1867
18030
4715
14448
4451
1132
21703
24045
7199
3223
6193
4020
1220
15641
19245
8251
14811
4816
1880
6350
3829
15677
14442
6541
2009
14197
6711
387
3316
11669
16141
7652
5708
4634
24621
6374
9111
25508
24583
1968
10996
8840
6181
10785
21412
4696
11156
19549
21569
405
13799
3984
6925
2018
3169
15067
10271
4364
12083
25498
5816
2266
1799
3860
22310
11010
3563
