18341
13184
5607
6240
4135
23813
19095
1501
2909
22765
21798
4456
4085
24418
4933
1255
20268
1144
17672
2340
11917
12515
11359
2111
896
2306
152
6917
12218
17472
21282
11611
23223
4278
24869
12380
24369
15704
15270
11626
21976
6465
2412
144
198
25032
3512
23638
6115
4103
15165
25314
12889
2444
14556
6149
89
13040
21434
16082
5267
3507
222
10921
3298
3792
8365
24685
4256
14661
24543
22057
22682
17794
20131
4448
3644
14608
4569
10518
2611
2754
23169
24782
7864
2998
1364
6241
14235
1913
261
11415
5268
3575
19435
17659
18092
22237
11825
