2412
20954
25444
5314
13464
25103
5496
3612
1816
7315
5637
3138
1152
19940
10940
13858
1289
8294
3525
17739
6188
6809
4019
16379
5450
19405
6409
6843
23943
10979
7439
24741
12265
8754
2377
13252
23240
20147
3085
18138
3021
2026
25103
12720
17399
3672
3116
18745
9547
269
2694
17910
14298
20020
3824
6155
2471
2815
6237
2784
21474
6417
1334
1989
2119
16416
3786
2589
348
13561
653
13489
24974
5099
7392
2278
5542
25005
5645
19992
5021
22957
19779
6910
8250
1891
17281
10848
24604
605
10181
24981
6552
22976
16344
1317
9791
8725
21440
7855
