17819
7814
19368
20819
1673
19599
7026
13417
18821
21924
15482
16262
3055
24994
10976
15004
14228
25225
14661
7312
7030
3316
5207
12781
13369
22691
8951
7975
4858
22852
23201
22756
1602
4051
3521
5504
13887
6047
4743
5753
14919
21802
3235
2032
2307
4456
22877
10881
2547
6538
21506
1142
18374
14180
5209
23975
25288
9140
1292
13080
9187
20790
646
12498
16372
15943
17019
4938
15423
4632
2818
3665
8462
1476
2624
4148
23137
21921
24029
5505
18878
2317
15327
12374
1854
13607
16262
15428
21499
5886
25450
