14530
405
21681
4787
3262
22839
18730
6211
3361
14844
21961
660
22131
3590
15178
20668
4060
2217
25280
21621
14178
4316
24579
5265
23725
13578
877
4305
12305
1063
11491
4010
11610
17940
15839
16951
2435
9714
16096
460
11903
15261
8818
21461
10217
9439
19176
5167
6312
2861
8009
1008
6096
7449
3513
18340
4958
4291
7085
17646
3206
2512
15284
587
12809
3157
15458
18657
23954
9635
3364
21644
391
8545
3388
22116
5105
5118
8501
4944
23532
17691
18044
17920
15648
9923
2169
3936
454
8568
747
22045
1422
5350
6669
5269
17467
4863
1728
6817
25236
