11620
1474
23854
6829
18448
1134
19010
8724
1102
3134
18557
13976
12060
5133
6558
3812
18844
1157
3288
13755
2354
4206
13117
64
2733
11019
3434
9447
12722
20080
4792
11554
15362
13863
16161
24200
445
8243
2220
7006
1193
23366
23192
7471
559
1025
1980
9901
24991
3607
2655
11483
6583
21860
18120
23159
3205
1324
7293
6572
16025
6301
2926
1384
902
1591
12625
24798
9542
7636
16424
1611
24996
5660
2111
8375
3465
19281
12568
2500
22307
10778
8791
18283
179
13131
679
11365
995
21970
3430
17582
4053
20724
3441
14580
6560
24717
5244
