4044
2325
19783
4417
19193
3825
7717
13528
9968
6069
5915
1118
21031
5925
10183
9385
7865
835
21228
1073
7209
10431
90
3020
9280
55
16854
1833
21923
14513
1658
6657
7211
23872
15620
5651
6942
9259
1374
13490
1450
4194
9506
12157
23418
11955
5809
986
1496
2569
21055
17378
137
21898
11688
21424
15326
13224
1221
6583
13246
16262
2130
8092
16199
9821
21682
8054
5735
11623
8064
1269
4065
10787
8503
23495
1635
1520
5514
12386
5009
2044
620
16761
10902
14351
2984
20330
5417
6000
14030
11659
17940
18198
7803
25451
13344
8233
