5136
24942
9106
7159
16584
5060
5493
15944
21368
10880
104
20450
3604
1309
23936
17116
1054
13104
6170
6335
13876
6516
22190
1488
20450
4120
7745
16730
1638
22982
6506
1896
10337
8342
6680
19197
20182
16433
20096
5741
23127
16048
5597
7691
8503
4738
5479
183
19441
2919
20371
14750
25508
1173
2931
16992
3935
4477
19512
25434
307
4436
9673
13983
5150
4215
5497
22492
6498
7802
10211
18234
22115
4273
20023
5834
12597
14505
25477
7462
3808
8749
25153
1253
24878
6983
19000
20381
25449
2985
13783
14308
