6366
13234
1110
2862
7076
16501
4298
4906
6186
3330
13069
135
2850
5440
11852
15297
10672
5550
6840
4239
1056
15216
3990
6843
18739
11488
6782
13420
14400
2982
23103
13194
14242
20527
14775
7598
13703
10910
23076
24940
14726
12457
8516
23213
9731
14992
4898
2416
10704
3425
23001
4789
25071
2560
293
18551
10811
14206
24131
3044
8260
17433
10906
9468
21347
24660
19503
5179
10005
8456
20499
15703
188
11306
5048
1972
5959
5593
7693
5551
4017
3084
10433
10518
3958
1048
23156
14592
7402
17680
12423
6909
4797
1595
