825
460
15358
23536
11431
17320
544
6098
13387
2400
3333
17538
4904
21956
9516
5795
16473
23841
17315
19293
24718
6036
17483
6303
17680
18501
8307
8630
6029
2875
3784
14413
14658
11506
11529
20309
20253
13834
7167
6906
142
9032
2088
25393
25505
20419
3139
1232
7027
3723
2032
8911
9563
4086
14761
2206
22202
19775
1273
14980
2596
20063
23170
14361
6441
1031
3003
2425
23584
20678
8523
21372
905
16871
3278
17583
1646
23926
20987
5776
16097
18906
2814
16720
14356
5801
3341
23076
3768
10486
12540
2700
