19258
18280
15910
596
2428
8418
10337
1972
25267
7184
764
233
17650
8228
8969
20541
23098
17713
4045
23883
13860
4109
7848
3749
3021
25018
2260
3757
12165
4971
22886
16675
18431
17753
21121
1485
12100
23168
19488
6966
1462
10372
1739
13027
3727
21097
23336
9902
5019
22652
24374
20683
9011
21585
1152
4435
17868
940
3869
5657
3307
22302
4614
16390
10288
23458
14938
427
18356
7486
18284
3047
11498
24841
13569
6185
2044
886
5051
22566
23784
5167
5298
1471
16118
8490
16528
16344
2092
9367
25245
23851
832
5278
8717
18156
4426
8589
19099
