2320
4679
915
20156
2496
3797
4316
13493
17447
21455
5952
3903
5300
16175
979
18716
21134
4044
344
14232
11128
23808
13684
6665
21434
3819
2826
2563
20209
14246
13585
23150
7202
1668
4365
863
17065
4191
2377
21453
5827
1886
662
15560
2640
24921
598
21708
17148
21326
24490
4840
15628
1119
11213
8773
9467
23004
10367
2721
4719
5892
7769
674
10009
3032
16476
23235
17485
1366
7138
8451
6274
19688
20020
16767
6697
24096
21574
6255
3844
24995
4391
276
15919
13490
3503
18461
305
24743
20392
13706
14905
578
1956
20843
10374
8701
