4196
7085
1711
3972
10166
18912
5509
17116
21960
8329
7233
18874
19531
14754
17927
3484
1338
8595
13312
2496
817
23576
504
22809
7394
24154
15171
9283
14258
4113
12880
4396
4238
6148
208
4506
18573
15565
19566
5322
3491
514
9991
13725
5331
23813
9563
20088
1979
12480
4533
5189
23951
21545
25104
2559
3221
2793
15227
6455
21035
2126
806
83
17024
14557
12961
8808
103
10021
18393
14378
15057
5362
2402
21659
17540
13008
14702
5001
25378
6754
14536
6603
14670
21939
7050
9190
4437
22250
11151
4242
2862
24631
23673
9795
278
23105
4771
2739
5036
