19977
3247
22255
1244
6990
21133
104
4417
6226
17641
5241
453
18962
19310
17837
15853
11340
394
25515
19039
15485
24307
8167
1817
4500
6061
16662
12760
14683
2560
17923
4712
12492
2893
5666
20387
4756
6916
4908
2223
24934
3621
6763
6446
5762
8823
1216
1269
15606
2821
24297
10436
6870
25203
14610
1587
7413
5959
9085
18433
24547
16050
24278
24112
2864
17614
21456
17849
7290
11445
5915
1358
9057
1294
23446
3584
20665
9163
22315
6317
8142
2579
5635
3810
17759
3366
15536
11788
11351
6841
15882
13241
24409
13187
6339
17240
512
421
24185
