2767
3983
18050
6942
18224
1413
13040
22080
24489
24869
3161
9666
1122
243
267
13558
349
15730
9840
3480
12638
4274
15786
3577
24948
7597
13715
8429
9550
6843
17038
4452
6514
18566
16046
5981
6007
8052
5123
6026
22990
17092
6547
747
3697
99
24078
1023
23325
16214
25327
16076
20668
24754
18618
20639
20074
3585
1676
24632
21740
5610
1027
25267
19230
3359
8929
9794
12481
2508
10870
1968
16808
6165
5339
1534
2534
17972
19510
18992
1482
5363
19085
3254
1609
18639
17428
24710
12740
21960
17228
2016
15040
561
13455
372
12771
9442
