25149
426
8581
17549
22587
20565
5846
13342
15424
23771
6760
1706
4930
22401
20834
10290
4063
10409
2049
1982
15875
23402
25520
23007
23193
21058
18284
13294
24062
11385
22325
11471
13594
23567
19211
19134
11050
1948
3074
8455
719
3428
22630
7452
16406
14526
16441
1015
8594
5411
7060
8254
19014
987
23153
8032
6751
21665
22537
7861
14778
10804
6882
1534
20641
4434
5947
924
3605
17625
19428
13967
13022
9227
22963
6636
5149
15243
3287
532
1667
10489
18035
18991
9322
950
22725
5221
2618
4865
23598
19061
21173
13079
24547
19503
16800
1728
7898
16500
4302
12341
101
