13101
2452
24697
19096
25203
20242
25301
760
15484
22133
6964
318
3199
4422
25333
12167
22578
18130
22606
6287
2736
7558
10571
6229
8951
21656
14210
15066
15674
11503
16399
15787
5549
944
20792
13266
25306
6850
3442
22707
14039
4908
3640
1187
11657
5560
5171
2988
18800
11554
12058
8430
205
20282
12356
4919
6408
5660
5876
966
1158
10972
18152
4356
7418
23912
24787
24200
21796
3042
1434
4620
17298
3376
7281
18743
13454
4844
4572
1427
1650
22994
25148
4032
14546
23632
10861
9963
10282
21397
883
21082
6421
12169
22458
21969
18343
5157
14959
21231
20575
8761
3566
