14229
9060
6838
19333
25047
4020
5464
591
2462
7500
2784
23355
3830
4554
4032
9165
13552
4277
6250
3397
6247
4911
7037
4640
21916
906
15174
25246
23799
5080
14583
10435
5491
14968
24967
18256
1007
19630
6650
3155
19718
1326
4105
16775
11760
21446
17114
12557
20576
24727
1326
8955
9185
8229
22519
13538
625
17165
19513
14157
1862
11277
12301
22255
4979
12211
2339
4687
820
2087
5035
13696
5182
4374
7098
12259
5836
3210
20338
24946
9822
16244
1664
16824
14724
1992
469
3646
11400
19386
4818
17073
9417
2952
15353
17100
5593
5169
7026
13355
1635
3654
20047
