5097
21367
19546
4407
4605
12926
2429
6272
4587
25359
5760
5714
14988
20396
10235
21249
4328
25204
11534
853
16095
1739
2869
7351
1827
23111
23470
18641
2044
3682
1619
9815
729
5718
21130
136
6686
23199
21318
3083
23543
18217
22324
3462
21279
20287
10075
1075
25306
20144
4136
12391
6804
2656
3392
4167
4133
21597
9868
14185
935
2102
1901
11270
13868
551
4907
4413
2709
2448
19872
6914
12043
6423
12811
3091
7059
7035
6554
2435
3635
8516
7240
1426
23797
3210
15125
22810
20388
6326
11899
3138
17664
22270
21917
13370
2080
9439
21652
