4655
1358
6508
24915
9074
13342
15484
16804
23288
95
24493
2052
3448
11633
1633
3097
12272
23592
16760
6539
16976
20981
19766
3517
1030
2686
9999
5879
12274
20106
6279
9170
4781
9612
8143
4322
5838
16364
19322
4988
11546
14799
4517
22289
14857
188
6872
14538
19875
23329
1527
10422
3960
18985
5030
14236
21910
25209
19161
18565
3145
224
839
3673
8416
528
16371
14732
18126
18631
6486
21827
13913
4171
1530
21580
16993
17117
6057
20582
5081
11159
12284
4604
924
8351
4300
8588
20705
1319
3490
12140
20028
21615
24296
4851
1491
4519
12991
5184
