1450
20857
3992
5449
774
11178
14500
12149
4201
14796
4073
4529
5466
11432
4745
15259
18179
15931
2595
23330
24308
4941
11905
18216
9846
24328
24971
1995
7352
9204
8682
9138
24942
11152
6605
1988
11245
5631
3332
9799
13295
13175
11130
12514
2013
576
6226
5970
21644
4690
57
4965
7577
21819
3766
9196
25377
21075
18436
5279
15296
15544
16657
19520
22907
5011
1253
13123
767
6433
625
21587
5885
21274
2375
5249
21949
2690
2874
13307
17426
1060
4872
22497
18452
20693
19424
1755
23767
18652
11421
5259
3961
15611
24006
6323
1347
2776
11035
11747
4174
