6078
2466
23115
993
6969
14926
4286
1656
7114
19524
8169
1196
4782
7958
18710
18495
11847
20343
14460
15866
1715
3815
17925
20964
19459
19011
14591
20233
19652
6982
23020
3701
1048
16536
13464
21376
3877
2676
2414
23099
10445
6055
2734
5113
6983
5009
8369
5673
7129
17627
1749
13845
269
3988
25097
22525
3009
6975
11902
2017
17538
6801
13958
6688
13039
2341
21304
9048
7032
13932
24171
2088
2004
22109
21302
14685
279
23922
8298
8483
23905
21630
10749
9634
682
12846
5733
761
1709
84
8872
11596
17496
12531
20349
6843
1401
9339
1744
4696
23699
24128
7131
