3044
20284
25526
15166
23773
5269
495
12732
5147
975
14664
19244
5742
5864
12790
5795
1759
9631
2671
18326
6993
15098
10576
4695
21107
12184
334
19788
13961
21046
10384
11528
22126
6891
2554
14111
1533
9408
23692
20479
10303
16700
9884
3473
2118
17345
12725
6099
4744
1059
2544
4931
6838
5888
17475
21496
22937
5157
23850
10006
4869
15840
20611
22750
18521
2679
19298
20490
8738
7333
8778
3572
841
8214
21903
4352
21054
12092
1195
20073
1996
11320
20827
922
19279
1932
13116
4466
6781
5242
15328
7614
13924
8644
18699
12801
11000
11900
10671
15731
3970
21433
12495
1657
