6151
3728
22123
20144
11577
12188
14176
13427
19472
19006
7099
22342
6777
19773
5244
23938
17084
20549
3635
13390
15989
1463
19902
15299
11971
4486
8932
25205
8993
5089
13917
12310
20794
17324
7343
16946
15510
19118
4640
13961
19761
13033
6395
2018
22640
1502
1473
22487
5940
13418
3404
11200
3671
2872
1451
6040
436
5243
17882
22916
12029
2480
10915
500
8140
1872
21879
24831
13774
24049
12122
3414
20596
6309
5151
9504
14138
7901
17565
9745
4786
7158
3640
3424
20991
3693
195
689
1006
7455
894
4289
7637
2127
20391
8714
13099
20252
18608
6331
7384
