18223
4001
6989
15601
23660
13221
22656
2831
24152
9354
1767
23227
17020
2923
20250
24796
15846
7528
14450
12590
15224
1165
23389
2311
288
5973
2199
18437
1307
5372
19616
6823
4211
11741
1488
21107
578
721
18250
3254
17335
11072
16590
24020
23823
1378
4257
22182
11712
14480
24555
607
21248
866
12577
15730
12481
3592
16528
4907
18460
6419
16524
952
15250
8749
6662
20112
1506
25493
5675
6457
24201
23102
3893
3146
20223
5517
5400
19261
5663
14921
24866
3253
3693
13315
19990
22565
2965
5535
7298
6321
1975
11141
12108
11521
20664
15730
19346
