18598
704
2666
19271
4328
23276
7039
12101
20267
12016
23384
6053
6387
2463
21698
21270
14489
9073
2025
21903
8322
2107
22702
6308
11160
2165
1190
22511
21937
12596
176
20947
5376
7547
23666
21666
21692
16275
59
6544
19257
1237
24935
8856
18431
6898
4943
4707
23052
22555
23398
19876
6676
5947
5029
9322
5599
632
14954
17967
5633
12766
13726
11628
23192
18044
17360
4433
13296
16623
7418
8825
7900
2397
17639
5513
11799
5947
3000
12823
9179
1088
16584
15422
15498
9206
4781
22288
9674
4215
8685
15993
10937
1861
16800
2461
2928
18468
1461
14261
