1972
6191
5106
3237
3224
3676
889
15337
3376
25426
236
6790
4899
16305
2037
4957
9196
1976
1688
5664
25103
15740
2938
4195
754
3441
516
14414
9723
8162
16630
3720
13967
1125
6284
24345
9635
21767
20118
8899
14562
4369
6859
2779
9190
4344
1067
6279
10873
12933
22581
9171
13292
15612
23155
14328
20401
23751
3549
1776
10252
1259
17591
10072
430
12123
15163
22753
659
14581
8985
16012
3943
4328
8100
1187
412
22767
12524
5181
18861
4184
3811
3769
623
1465
4580
24230
22541
25356
24549
1397
2846
3182
13250
7260
13779
21764
23941
3572
8381
