10614
5650
6790
2751
15987
6895
6390
4237
10319
16528
6377
2874
6872
17627
1075
7360
21811
24142
5210
24443
13212
19594
17716
23409
3688
13755
14961
8405
7300
13594
4428
11340
12515
5800
10307
6633
3255
18007
2147
23528
24877
2444
3414
19634
126
15757
15441
14258
8812
3780
16019
15848
1373
6170
6108
15833
4616
23589
552
2543
19942
14120
596
19790
6350
3425
5647
8629
3175
11023
10838
21894
3184
17686
2587
24553
5216
18137
6790
1829
6320
20377
14076
14020
6422
24410
23287
845
17566
13680
6229
25069
23990
23958
4795
3063
19628
2330
21572
5604
