22033
3027
7180
13273
6835
1891
1244
12169
18953
14292
13133
3589
902
216
19933
265
1094
6784
10241
24302
23215
24672
6731
4150
4328
24239
3234
19349
8906
814
12137
21604
6142
5837
521
2384
15560
12924
23995
745
7199
10005
23371
3854
6325
24654
12379
8848
10802
7965
1035
17255
354
15217
7458
19078
5981
12710
2061
11887
16225
24485
13444
6260
5421
3910
2245
10547
25500
1343
20905
3030
24937
1944
10090
3235
23695
12583
19229
2846
22736
18576
24227
25374
13376
504
8516
12382
6674
3305
5712
6047
8955
20685
12263
23665
9981
16201
21697
9672
