9523
7396
9065
7684
5752
2662
1843
450
18226
19789
19512
21591
3668
17758
24688
7106
3329
1988
1881
6625
1815
6861
5268
6610
3092
190
21440
2955
1165
18191
1786
8999
15185
3162
15690
18072
11858
21398
12616
3250
1605
23532
3420
6452
21940
17868
14520
2548
3129
11841
6058
12914
5953
20586
7316
23537
13089
3762
23214
20954
2539
780
906
510
22288
1065
12564
5158
25391
5616
24013
19824
6082
13018
3926
5500
16462
3327
12309
7887
5803
3339
6017
15628
15482
668
10446
24088
13447
4270
18632
20652
11735
15645
23803
14448
16791
23342
4963
