10960
5535
16198
4140
3098
361
24187
23287
1507
25365
22296
1734
15152
18576
6159
3769
3105
1496
18420
12529
22171
4647
22963
2539
20351
6941
4101
4981
1085
20500
3267
4338
5777
18421
9789
24522
14749
11516
22526
10271
16077
3776
1258
6931
4204
6730
11394
1064
7586
15888
3288
570
13844
12776
6669
5840
21633
24735
4244
5269
23416
16619
19415
3352
16372
4408
10640
1193
9601
7543
23908
12467
1405
5446
13426
2973
7446
9099
18783
608
4267
8873
9913
1071
7732
2164
23305
3865
4496
1906
6384
4815
18666
19462
7319
23990
2468
3238
10909
16700
3563
10047
18531
17496
