10265
13852
18934
159
5555
14254
13541
2112
4896
2194
3656
3012
14838
1731
17075
9280
6651
16738
15601
4487
23017
7245
18445
7548
22795
10150
8283
21831
8616
9013
13575
12202
20396
6450
6559
10244
6946
20830
10137
24454
765
18844
20528
2668
21159
6331
7478
3631
8079
21753
25280
20014
8414
22104
8564
10671
3107
3148
5843
10669
16290
709
7092
23828
6908
6162
2006
1168
2224
17774
3133
16388
14385
17298
22825
6568
1888
13065
19280
1740
7016
4528
73
17157
10963
24811
14497
12851
4834
5757
1227
3450
4198
5416
23908
16554
9836
6531
15861
5116
10186
4883
3639
