3427
11627
4668
1243
16711
21057
16608
21187
13145
25298
2112
3453
16578
1977
16774
12679
15432
881
8858
12832
19178
8922
13041
2686
3777
10170
3274
7058
6952
2858
20167
14481
3535
18476
15673
18867
21914
3129
5220
17950
7436
2902
2245
13834
21547
1156
5787
58
2480
659
21390
833
14634
5693
7625
13741
4269
1407
16448
7929
11868
14991
3911
18814
14429
21349
24549
3517
5417
7163
4312
25499
18542
21056
25380
7229
10066
7328
21522
8428
1858
4798
18499
3618
17490
8478
10734
17107
20147
3908
3451
20091
1132
9768
9391
24486
15062
12769
24294
946
5062
6322
14997
