16909
19545
2655
12009
21777
6296
24807
10020
20569
1424
1025
7214
3551
9519
10330
21276
1314
6206
7996
4349
6074
19309
656
9294
534
1233
12206
18508
6016
686
2971
3785
4488
638
20498
5291
617
16923
12333
1117
750
18839
4722
7458
19721
12267
5884
5376
19074
10332
8753
3589
3480
13605
9791
15463
16633
9252
3828
15130
7423
15543
23862
4570
10445
7264
25308
1901
11149
17783
19744
5268
20285
23575
24085
2121
3174
5061
21947
19747
8287
19518
3056
20555
22512
24542
14798
6598
22299
8557
3861
1132
14137
1979
20142
17340
11542
3480
17134
6477
