25034
1802
7391
1097
7326
7435
744
23033
15558
4386
7983
2222
646
4983
495
22423
16379
3656
23341
14127
7471
4268
25345
914
22185
4513
5583
4101
21500
14695
24960
751
17939
4821
23333
13336
3960
17294
16810
641
24253
7348
11674
5442
5052
9540
4142
4251
11157
6513
13924
6435
1498
17901
9833
16315
8796
22840
4551
79
14495
11653
4930
122
21518
1993
3599
2528
16180
13369
8518
6645
7055
5821
1222
15927
11384
13341
12465
648
20271
5824
6741
962
9673
14052
11946
19187
3061
12348
2507
16423
4991
10173
21389
4790
22661
24711
14487
5946
20615
526
13914
