2692
11385
11955
3630
2940
10365
1494
810
23242
1951
9156
6051
9191
2241
19691
8087
10206
7253
2587
19465
18288
14850
18856
16074
15245
1588
12726
1363
7102
1939
8435
3399
1578
420
24772
3073
5008
6610
1673
24937
16878
3999
1231
21342
11579
20850
2432
19972
15785
5455
25045
3756
8957
15867
13901
21191
3628
3457
16963
24848
3145
23573
25110
3062
15687
10784
10224
3104
7225
10518
16126
25208
5792
8156
6039
1328
9961
21258
7000
15476
11766
15165
15087
12842
2666
1407
3952
11413
14198
7457
11412
6775
13278
2812
8521
8659
308
20467
3379
