938
20403
10317
2295
12158
1947
9362
21104
21768
10749
4634
17892
20109
20355
9946
6454
16319
872
10274
1279
10807
8123
13550
19646
20489
11901
16043
5124
17458
5951
12923
393
11616
6159
21472
484
13819
17969
17779
15292
11928
877
16918
9373
24357
16767
1755
14763
2157
19015
2405
482
5617
21285
12990
2504
7024
2836
4242
21700
22526
10652
22280
18129
5335
19710
24900
1176
5541
2002
1292
11581
15213
7910
22702
3507
21645
4705
236
18741
735
11664
18966
23798
5995
3355
3539
10395
18885
3710
7958
17716
437
6607
4001
2330
2720
25132
2371
16163
8744
833
22564
2546
6316
8356
8931
