2933
2319
13518
13760
19244
9526
25187
4238
8560
6717
4714
5569
4874
5501
9537
16960
1883
20461
6727
1350
17128
4101
5439
2607
15772
12564
15723
2766
3095
1315
9082
2104
5641
11768
3661
2999
20742
20651
20389
16081
14945
20315
3389
6605
3569
19810
22701
9513
1298
731
19099
5233
24152
4900
2124
19180
6002
15904
5478
22640
22323
2662
21799
5350
1804
18682
8010
25041
7029
7392
12247
17062
3943
21213
7195
2749
2920
272
5394
15133
9420
12391
22327
4120
4214
23732
19888
8491
13021
2919
25148
24098
9366
4247
99
3950
12283
1163
17799
9254
