10891
24520
19018
6994
16431
14201
4404
5955
24688
24109
13709
3926
7447
6546
19006
7518
9772
8694
6357
17008
11164
8022
2876
8439
2753
22261
3788
94
757
2227
17171
1170
16888
6479
11726
4575
1585
16946
15184
25532
3355
6483
14153
20731
1329
5406
18505
16944
16655
540
15031
22418
2343
22441
5462
15627
8210
158
13917
12606
1070
7324
18296
14755
21026
7444
11247
2423
811
74
18471
5742
8692
13072
20182
23937
23295
18778
23089
23103
4341
12167
13836
10825
15960
13897
22523
310
1838
9196
2743
7757
5869
4323
17984
7972
1026
4757
14717
18517
3191
