6781
5887
16202
1631
16408
21610
1318
14777
5454
15084
1566
9273
20464
3307
90
21878
4709
1227
19932
19887
24795
22924
3457
987
25011
13972
2815
6633
20466
11936
11310
17060
7387
1639
10668
22427
16650
1398
23777
7908
15738
5319
948
16159
20091
2963
24383
861
19340
11341
19046
8553
14777
21352
17912
23177
3391
21392
24878
6041
6818
1026
9721
22847
14402
6769
21470
13351
4091
2528
18304
5107
8335
15452
5567
12832
2990
17728
21737
15251
1441
2017
5437
9619
4411
15324
3007
13027
13208
483
1904
10867
4102
18393
2232
15465
20632
12434
2700
5788
