2465
5197
12237
21873
20863
4882
5949
11402
7010
9818
10377
15274
5130
14539
3884
2473
6827
14810
1540
2288
5967
4081
10232
12536
17606
20381
11983
3052
366
6983
1579
12531
20303
18679
5713
12200
4968
8450
10391
2123
650
22164
754
1558
6211
6310
15346
1999
6861
1362
10031
11311
18467
51
2552
24237
18307
8339
22882
21772
10488
22998
1838
2704
6735
15663
4833
7549
25297
7179
13464
18259
1545
3740
16891
2862
11982
4870
10876
7147
12711
230
15148
24203
18561
2578
2588
8063
1323
6844
10391
1143
23853
4178
2537
5082
2852
5862
