2459
491
181
1889
25041
4716
21245
5435
4846
18218
11908
23979
24062
6778
12634
1553
101
14788
16400
7792
13276
1881
7782
5849
24910
1079
14756
18663
246
16314
8681
23277
11345
8455
13084
10575
24713
10212
2874
6261
2717
2445
1602
2240
7415
20560
4804
5640
5946
18993
19
20387
24441
9758
9715
15295
7343
16667
4274
21011
24584
9166
6078
17203
17639
12343
5725
25169
5445
7187
20797
22933
15238
3030
389
4219
173
24044
7189
16597
20357
6679
7941
15639
20869
6940
10833
259
1571
16701
11633
18872
12270
2942
2993
2109
19393
6742
6694
18598
