21486
677
6918
21764
1290
16648
2851
15335
19726
8069
17900
4774
2665
23477
1334
12152
22596
16895
24584
10614
18970
23785
4252
23909
4449
20863
9119
9204
2731
2439
11133
13952
20934
25302
16918
17790
4647
14635
7154
15568
6134
900
5218
14860
192
8859
1104
12862
3733
23751
15460
18114
14874
3270
8202
19049
431
6913
3466
5361
16195
6560
15370
22801
18657
4182
4722
22116
9884
1514
4243
722
8678
393
1158
3743
23051
18906
18185
2411
9941
14386
13317
10635
10539
22381
17983
2679
3414
9676
25344
14246
6137
8422
17916
15542
14927
1256
15494
