6870
11160
22995
20681
4752
10656
13084
6377
2254
13097
4702
115
5004
7269
15610
18958
24251
1607
244
20347
1948
3752
15044
215
22891
15243
4307
21490
6077
2911
15824
9215
7072
5494
7474
221
6532
24155
18235
2948
7961
22232
25045
5920
7081
4572
14357
266
8974
16422
23872
5584
14665
13792
16702
15248
424
131
12915
10481
6196
16199
21301
20957
11512
5857
6156
6945
15678
23916
3660
6688
589
24319
15111
17436
6018
1444
12916
3487
15236
25507
18993
5720
18160
21920
3961
6884
23944
24272
19255
7241
13737
7877
4471
5629
10584
2990
5978
4997
20541
15065
8759
10629
