6202
21721
6100
2994
15109
13536
17398
4790
22707
7757
12459
14280
562
4691
13440
14412
2293
5834
16165
17793
1960
23442
6398
5122
12251
16797
1413
19796
12594
17726
21537
6821
22736
22164
21532
1491
19271
5283
10811
18568
735
5502
5464
2630
23511
7329
5641
4695
4141
17426
8692
467
8650
4607
18116
22043
14145
523
16013
787
892
6059
3909
18719
3760
14585
3171
8040
3559
8448
18647
19766
2940
3070
1697
13963
3987
6469
24197
2885
7069
18445
355
22833
5565
11009
8767
14142
2039
21452
6435
10678
23846
22721
18805
7737
3807
8064
5449
12443
13274
13676
16745
5493
7055
5576
18676
