91
816
17344
15226
21763
4935
24011
3721
5459
1670
3287
5760
23077
1796
6724
7888
7560
6869
20886
8590
11386
4647
18971
4984
3644
19950
2419
2910
18425
3331
11783
24339
5653
1641
25382
14648
7551
12802
1885
2409
5040
17045
527
5180
16978
20223
18522
10217
7165
11111
4918
10671
8429
4162
17403
6891
17792
17496
6111
5467
10224
9055
24038
8648
15364
7072
2356
1513
6140
962
14930
2580
73
5771
8970
6165
9198
3363
2867
24737
5601
5146
5376
19744
15968
15022
12494
8418
9853
14340
12881
18968
11475
14939
1927
245
12676
7027
8429
1700
17974
7430
5675
