12778
6256
12805
19635
11137
12016
3150
15145
3034
16695
19996
25119
18734
635
14840
25256
860
1088
10180
24717
2219
21316
5302
8339
24842
2008
14645
21962
13469
20370
1255
7962
10200
20910
9171
13411
5248
5837
23419
17549
17847
16150
24509
853
369
1277
806
398
17151
17077
2001
3771
9036
21888
5023
3416
3955
4948
6453
5931
1169
3006
4119
9499
9266
20485
12286
651
17135
5270
5707
15169
20234
19058
14290
2776
15953
4785
348
6754
18238
6986
3633
2848
18951
3867
13819
1448
1890
24839
9107
8820
23409
3268
13618
19753
21329
20988
3881
6842
