4813
2797
2182
23114
19672
8527
6948
4828
6038
1101
384
17086
2736
4149
11314
24349
1164
18546
5824
10413
3271
3949
24744
1040
1433
16412
4099
3187
3082
14071
2365
12450
2805
15533
16156
12902
23516
6973
6718
2199
4244
4626
6041
12044
4445
15716
92
23460
6967
23615
23152
15179
19190
5925
4005
9212
6642
2902
12008
12790
18739
24791
4180
22837
15259
14215
23099
25464
9935
11024
8434
24806
23539
8005
15893
1679
22226
5817
16963
6876
22945
5933
11154
9959
5191
21242
10900
17018
4894
2180
21458
5823
17586
3321
17736
6259
15069
2862
14285
23950
860
20997
1161
10157
18183
18528
6050
10373
