9491
24623
1024
173
6931
1287
17069
15821
11297
21911
4047
7127
4169
5001
25356
9351
17827
22547
3014
5061
18879
16864
19261
17068
9115
20920
19313
1667
25305
5622
2917
2028
9697
22718
10102
1045
1493
10746
9789
704
3038
24754
4570
23174
6682
4878
16832
11404
9102
1535
21454
10684
890
1195
22097
6757
5554
12428
8500
1167
17258
7186
24356
11632
2208
24291
18478
4987
14254
4176
2593
16705
2059
15130
25242
10031
7931
18060
1111
16610
2954
22575
1021
1626
15411
3932
7201
196
20350
17893
2070
3553
1090
7859
3329
17640
19984
16702
13033
6900
