14734
10266
23304
14699
20876
13768
7890
6027
20180
10824
12202
1416
5472
5502
10124
4871
2832
1174
9759
2776
1312
14287
985
4792
20615
14392
4771
11440
3176
21244
8692
3087
5013
366
8162
4652
10486
13542
2929
1233
8758
11635
23095
5355
4927
16876
18632
4469
15360
5913
1188
12906
1154
18359
2136
6943
19236
6051
5569
24000
20448
2682
371
1713
25029
1228
3178
25373
7035
9883
306
6221
3522
12088
24363
18664
23706
7231
15439
7050
18734
20820
2119
9012
11625
9189
12867
10492
1366
3850
1268
915
15133
11415
3942
9233
3794
18642
21190
1536
13970
11895
6871
108
