7367
11797
4556
332
6695
24052
4047
16288
460
6873
13503
18973
4399
19260
4801
18437
2442
4444
982
20455
6019
3904
18116
9217
16969
17612
14116
5444
5769
12694
15653
11746
23203
1315
21940
3887
9746
16054
25486
24922
1120
15324
2194
951
2499
14678
3929
19434
21851
16583
6286
6310
1361
2531
24787
6560
6751
18640
17029
9847
19363
2736
19897
4675
18717
22280
10090
14013
3198
1816
4624
6403
2773
11308
15126
14882
21903
14522
8589
6958
7844
14033
13852
2221
7701
14167
5276
3811
715
862
988
13092
7295
23603
7096
18162
14858
11123
13371
4291
17002
8655
2300
25247
341
18192
1770
