2157
20216
15613
18692
21278
432
968
5158
22658
9105
16665
1985
24852
14192
16028
22964
16774
24591
11471
16665
6481
10687
23817
7073
5507
23562
10991
5572
3662
6033
5476
7964
7402
8997
2361
4553
2813
1365
22770
1950
18205
9609
1132
23988
10025
17153
871
20581
22991
1246
1878
2247
1737
14111
2896
2519
8714
13948
1014
4157
2114
4079
12838
2398
9003
19835
5809
14444
871
4096
13293
2905
18324
4510
17405
1307
2063
12043
4997
7284
4137
15054
6543
5112
3385
19055
15831
7620
17574
1611
17307
8469
5093
18292
21526
8465
9129
433
15059
21566
18424
13216
16673
24145
4740
12003
22862
21570
5093
