5938
19090
73
10944
13914
575
13835
5594
882
4074
14122
3634
2928
14870
24118
10129
1020
10050
8709
4715
6630
3896
10743
6968
22394
2126
20604
6467
17597
2753
5947
12815
8552
11317
2531
6831
25329
4640
4847
18752
16553
6775
15819
1847
12044
4555
1769
4636
19294
19127
3812
10671
14114
5827
14983
4165
25537
12485
14113
5862
19861
1590
24511
2482
10172
4170
4623
4076
5195
6861
577
1249
8558
6163
3414
3529
24620
14877
5591
17957
13778
9873
6732
5686
17291
25113
22073
16707
5702
22131
7063
14434
25281
7142
14245
5743
12288
21166
14837
25024
3995
1478
18635
840
7047
21639
25308
