15786
18372
14611
6281
25067
2432
18325
8142
2706
21860
16306
5905
20798
5669
3087
16000
16624
85
11183
6405
1676
24023
5779
912
21290
3261
10800
6174
2397
11485
2790
13154
3516
6157
21320
7372
18006
164
18435
23841
15220
15074
22795
14148
23503
10885
6337
2786
2983
21546
14676
15362
11383
6695
21914
4044
6580
7958
2097
22879
7911
3847
1477
10219
18085
2969
4957
17794
12315
18480
4088
10446
12310
17781
11729
3151
9093
13194
23500
9234
3035
7011
17170
12459
13296
767
7798
1977
11406
1519
5832
5280
17054
1227
2562
13107
19977
302
22060
173
1866
11134
6959
9821
10556
1107
19011
