12440
9845
17907
7809
19863
12486
730
1596
15878
15853
9620
6263
6899
3243
9510
480
5044
25159
17545
1673
1926
4591
5260
9145
17711
14562
5853
21500
1375
9560
4696
426
2377
3725
1888
7301
22752
20152
18805
5778
16575
5506
17393
19690
3555
1168
366
3468
20341
9197
20924
17634
25233
20298
19644
18340
5294
25272
19238
2057
8074
5091
14720
6511
10463
3407
3904
24238
4412
10383
318
20885
3416
1233
391
8661
17751
4853
14438
22978
20146
6974
17999
20599
7668
6942
7162
19090
20758
6906
4102
19486
496
6246
5588
6855
25359
8038
13115
2566
3394
