11710
7078
24521
791
22940
4803
8021
5734
6593
6624
3445
5449
16207
22355
3867
5581
12348
1818
6762
6009
5002
2943
2751
2498
1593
19413
2363
298
10041
9065
5526
6998
7897
4767
12517
6007
6338
7574
7617
6416
7275
19785
1886
607
23009
6464
8236
2827
3031
22321
14214
2186
2571
1141
18420
21870
2087
1967
23891
2102
2606
19586
883
22639
1125
102
6783
13458
11543
3785
13206
1673
25049
19725
17875
10723
750
18320
23513
4461
11188
12564
7050
7382
24379
657
21261
7378
11605
15132
20907
2747
13077
2789
3699
2243
8093
612
21497
1699
