24427
9669
14034
23905
9885
14033
4292
6543
21257
24654
5226
10997
4736
18940
15428
19849
9237
20635
6377
4315
2538
22739
16007
16704
16509
20413
25052
437
20485
23937
9696
5311
22095
17803
6455
22083
1703
5582
187
358
1222
22734
9658
24530
13895
9352
318
6415
3111
7897
23360
9974
9763
23929
18576
925
6432
19342
10787
6923
21758
23033
6035
12075
1120
25110
20272
13725
13971
13905
6826
3725
4140
122
1091
17412
18283
9569
3226
4196
6223
512
12376
6740
15571
8472
237
23778
13225
19131
5778
16751
13516
6570
5800
19719
22322
23633
1814
10148
700
9861
9736
10610
