3593
5928
18856
20249
21979
543
19896
4876
11843
4291
5432
25220
7581
12970
16737
4055
2404
21166
13522
18483
20841
20073
21936
3761
17785
3825
6660
11383
4935
2681
7381
6524
3355
19640
2854
16363
5153
22320
2169
13357
9229
6251
3103
1248
14093
4183
6152
13905
9543
9715
415
3369
23412
4287
2672
16845
5908
7128
6004
14325
3668
3179
3288
735
6608
10256
18536
25045
15026
5851
2060
16700
6303
15701
6809
1905
22612
2954
16766
4738
5657
10222
9662
593
123
4708
10256
2133
20018
15415
13658
4049
11041
6275
1129
24880
247
1897
23150
7155
17205
