15954
15034
14797
15534
6209
22335
25481
7239
1270
25341
22713
4186
6510
6525
23008
19124
23556
12314
18404
3073
12367
18130
13675
21129
4048
21075
10085
14184
14142
24264
1913
6126
19746
23058
17765
18135
7140
10290
10168
4926
5843
1449
20219
19453
569
2959
333
6834
11925
25212
7251
318
227
6278
13283
5413
3290
6307
21311
2205
21222
20985
24820
10472
18643
7241
12813
10739
5243
16744
16097
1756
4216
23747
9369
566
22498
13888
22292
3844
4206
4366
448
9719
21699
22518
6636
6912
20400
15846
7950
17244
5957
22378
3647
4449
9765
3864
262
13498
