23577
24659
11085
23151
10406
2986
19426
6372
3284
18216
12759
3100
21004
24931
20704
3291
518
10527
4561
13610
20230
8142
4732
21099
21413
23415
15951
10002
19987
5761
24840
8786
13143
3982
4390
7486
18218
2014
8614
59
764
4095
24439
2814
10828
19266
6862
19592
4376
6984
14265
15382
4280
6580
5730
4501
11575
1542
4505
8745
2134
8365
11373
2378
22390
5372
3022
929
13991
16729
22857
4963
3351
4354
11075
11555
9258
9129
14785
8096
1841
5158
2517
8226
20634
552
8068
1575
5233
3491
5652
10093
3317
19780
16642
459
15234
247
9517
5269
440
4702
1553
1909
5500
2875
9257
21666
