21100
13873
17857
2165
17856
1980
12460
25475
9743
3559
23556
10180
3424
16924
9072
18424
7342
5269
14875
2754
374
12700
11179
10127
3858
4807
3703
5002
2623
6189
282
49
8015
5224
11829
2150
3720
10643
10618
3364
1022
10032
17813
17520
8718
14640
17205
4633
7573
2563
1798
1076
13879
2148
6721
6811
13179
20327
23661
1829
11637
979
451
14341
1911
7168
5621
23520
6334
424
23101
12494
1667
10926
6776
4300
19635
3504
23805
8983
5269
6713
6063
56
4089
6894
12627
9817
11975
94
12916
3543
19550
12611
10397
24277
14156
10083
13787
18971
16008
772
21388
11585
2540
9100
17343
11966
