18471
3974
18187
19570
22288
22994
17230
1677
15982
14303
17563
13944
12972
6993
3286
20360
12402
15869
2729
5606
18419
13092
20071
3848
22806
13482
6586
24472
15910
1955
10047
7272
1006
10192
3108
2300
1055
7130
24263
18298
2703
3474
1786
23431
13097
7098
21458
18516
21306
13716
10725
3905
6853
15871
2366
4816
16638
14688
6965
4196
5242
13208
2167
21827
5441
2090
19775
2860
481
2652
2390
19424
20931
18924
6457
16397
8373
3585
14306
12330
2943
1796
4870
455
5710
7187
20266
10644
23441
2683
5543
2247
21153
5096
20449
15750
20258
2893
9240
25263
7030
18046
7188
16156
22205
3260
23070
