7001
9148
1375
5810
7117
15843
13530
3549
13517
7210
9945
13115
2309
6771
17217
22432
6779
5214
20713
19703
7025
14640
3660
17445
6416
10768
21020
4703
7387
4635
1006
6458
17986
2463
3584
24328
15938
6756
10407
18101
12407
4558
11312
2292
4115
503
11460
12493
3646
4112
18787
308
16213
18320
10457
17681
3163
18376
10041
8662
10887
1423
13126
14551
2550
15650
23565
16197
4244
4856
3677
6953
22758
18836
652
19534
16637
20530
22933
1650
2116
22836
1809
5918
19532
15002
16593
20494
5476
7236
18620
20123
13180
10980
11629
14244
7234
9997
670
20388
6338
1289
4310
6095
1499
16353
20689
14192
