6682
2883
13645
1154
15761
1724
1200
4701
708
3248
6923
11025
25281
10268
21694
10367
24689
3916
18901
6721
12452
5403
1784
20245
16007
16192
19869
967
13286
10094
11742
23296
20337
3090
5881
2043
1559
4935
17373
10096
10904
15201
11007
18913
3099
6394
15806
11194
24719
6715
21464
8105
13517
9501
18952
10393
10750
11316
20419
16903
10336
7670
100
23167
6400
23358
746
6298
1794
4871
870
10232
18413
10358
9459
23734
6347
2601
19670
21153
2604
23451
4014
160
3013
8227
16764
10020
7109
13123
24397
13968
5638
14773
