13832
3001
1684
18770
1724
2101
19932
5819
131
18546
15031
3825
20402
4870
20626
22663
13084
5404
17124
8422
2694
7756
13135
22115
17220
22213
7698
4557
14538
12779
5452
12041
3858
4782
7180
6073
234
3945
12761
15219
3402
1029
95
15057
5724
21309
11027
16227
6596
22686
19840
1626
5144
2328
7647
6518
6082
17760
22792
14417
4370
23229
24768
3915
15684
13668
2415
3537
20281
16740
5840
3117
10257
6147
1692
416
2150
13398
24532
24333
6797
124
23556
2494
4190
23140
2207
1737
4019
4195
17296
18425
8408
14442
14972
17871
2142
6433
14964
11171
2410
25141
11107
24742
11262
1039
16185
4961
