2065
8700
25218
15316
3835
1067
4468
19152
13461
24385
22915
20668
4583
1664
14802
9371
4367
9432
24680
12203
20234
64
13143
17466
11412
24638
23645
8874
4130
5851
8886
11890
22346
21471
4560
21651
5270
3610
9148
8289
13997
18004
18195
252
13288
16384
23681
16329
829
13169
3727
9340
3217
22911
11761
19409
7283
6246
23644
11336
9884
21356
131
19490
14291
5338
17353
9798
5610
12063
522
16563
4700
14346
2775
3412
3106
2775
25519
21152
8099
5287
23044
2105
2657
21006
2652
948
14838
6675
2444
10015
4118
2300
12432
24190
21036
7075
16894
5007
