5191
18499
19422
17626
6706
19844
5553
2215
332
800
14641
12130
16437
10626
3062
1902
24476
21087
13807
1134
10261
5299
9229
20015
7709
4231
10401
6061
7829
4371
19861
489
18768
17824
22072
21190
6266
17255
3062
10131
11490
371
4834
160
17613
8366
5830
21076
919
21210
3369
25212
15645
4630
10039
14715
6634
1392
3643
2514
13844
5730
3125
4357
6290
13862
13842
16742
12090
21514
736
4265
6627
566
11318
923
8816
19298
16087
16158
933
14347
16844
358
13441
1175
13350
1547
3380
1605
4962
2495
380
16595
11330
3377
2651
11416
7205
3927
16027
10914
880
16033
177
11181
575
995
1554
