6386
21147
12648
207
12986
13343
3483
13350
18928
590
7668
13161
8698
4072
1681
3262
106
3806
9277
16323
14645
1815
1705
2624
5069
6147
2342
22627
10467
16306
4108
3700
6433
6463
4164
18796
19335
1113
4164
6031
4658
10064
11230
2852
22156
975
811
17536
7914
8453
11597
3951
2782
3601
1583
12477
11272
20493
4270
25435
25309
17575
1943
1662
2019
2948
8072
5942
17661
15521
23372
12202
8018
19418
15459
17639
12594
8292
5122
1477
4749
22818
4905
1650
4000
17142
2651
294
190
6529
18958
24489
20795
20506
10144
1701
10711
12783
12197
5925
