15275
6367
5895
2225
15233
21126
20439
12134
6823
13637
4440
14079
87
19053
12710
9121
3055
20611
7087
8328
4459
17919
2008
6258
8302
15645
10440
22067
991
25221
20838
6589
3238
12904
22366
6508
6924
24105
9986
22866
19192
24854
5223
6965
5183
18182
20128
24157
15430
8622
11762
15070
18467
11553
5480
10078
15697
9824
956
13368
23235
20560
21924
19510
21638
10617
6728
17137
24086
20814
17182
4507
25447
7791
22804
17561
3888
25171
6852
6376
22146
24820
7931
19035
23847
4507
21401
4140
21649
699
3499
19222
13039
2546
19710
25201
3133
2145
11190
20946
