6927
3157
16563
4783
18637
8262
2499
22346
4152
20713
7714
14346
24355
4998
119
465
6041
16649
692
499
12645
21083
7074
13836
3177
12749
17187
4843
3438
883
9818
5580
16840
18567
22273
23575
23994
5110
20756
5295
12435
4081
2365
1558
4678
775
17694
17393
10537
10044
9831
5093
10082
4321
25345
888
504
3750
12051
11704
6807
21670
22044
5230
18600
18899
1393
13876
21781
5299
17579
22498
3552
11148
8040
1884
1492
12783
7031
17908
1885
1538
13535
1812
6310
7141
12656
11237
23586
23289
3329
22000
4404
15512
4523
16371
14445
2876
8429
92
4152
20806
4341
