601
23287
20203
14658
19954
13361
4652
10279
15893
7128
18752
7003
17333
1859
6054
24092
14443
24820
4849
6723
18473
1637
21115
1492
2619
4817
8421
15943
19249
12266
20422
17590
1683
12765
14809
7953
3949
11167
1515
9843
1867
2011
2304
5169
22900
2538
1309
12882
4134
22204
23952
152
8625
21993
10023
10379
6477
2554
15558
4422
17076
17951
8693
5791
9432
427
4876
24529
10744
20638
18353
1491
6001
13595
25418
11933
1980
1208
6236
11567
16428
6944
5094
3330
6975
4254
3924
8222
8736
12300
4011
1496
21768
3628
17876
6840
2564
20567
5015
16849
8876
5644
15750
9540
19365
11895
16626
13976
855
