742

307

945

3581

1623

17147

10429

430

11547

1887

1517

5964

4430

4547

19281

12464

4629

13411

5863

8905

3194

6098

233

971

22390

4021

2532

15696

16554

13092

5619

11457

1314

4336

7763

12737

4411

6933

10108

12022

19338

11254

17998

5404

13380

20860

4632

13328

7751

9380

2268

10242

12093

4398

25124

6034

1764

3369

21376

141

11314

16278

17222

18687

5523

6422

2189

20135

1091

23250

3522

22588

20660

3580

24857

4964

9206

1995

10302

18714

2241

13111

4950

19030

5297

4159

4901

4610

22241

16944

7018

959

21316

24595

15522

2809

2908

21800

21332

7240

19324

4588

7266

20628

4540

22763

11047

14790

11764

17301

5093

20303

5918

6221

10068

8464

24033

5021

2548

6148

21016

7741

13294

9249

25473

22706

19494

23893

6914

16724

5372

4644

22995

7967

3379

18440

9410

5449

22094

10558

24551

6633

10673

702

5810

23159

15140

1137

2231

1060

2983

7352

21094

2372

11861

3242

19196

11440

6103

5326

7080

6381

13163

1269

3330

19292

4688

11800

24479

6507

21653

2372

2059

6504

10370

2704

19657

1741

5190

3021

21275

6374

18069

3154

3330

14879

23719

17683

14091

8281

5189

21656

16775

22567

3135

5843

11660

11735

18856

12941

22461

9762

22353

2269

13275

514

7625

1618

5320

1960

21646

3818

14909

633

14471

8656

5271

20820

20608

5509

5583

14123

8287

7418

18334

14922

19540

21754

2785

14956

11410

17760

25344

19248

20609

20413

12503

7054

3995

3736

16989

19929

23961

9690

6358

16193

15049

376

18761

16070

23450

1422

5337

13565

1499

11550

14105

15239

2694

6780

20813

9512

4410

5656

6012

4151

3682

6855

3369

16930

21101

9926

12515

6400

20810

10265

5895

14398

988

8017

4748

19904

4056

23770

8647

7492

5539

1337

4717

5983

11307

17613

9139

1252

9016

6780

13831

1630

6944

23982

15704

14548

6697

13554

3276

22528

14049

11141

12590

17095

6364

15464

3892

10805

10315

2888

20168

18074

2491

19958

19209

22967

4307

541

20043

24345

10612

10571

18224

2788

14874

24043

53

19719

24337

24790

9890

12048

11069

363

6832

10471

13723

2491

18715

20735

22455

5453

23276

4385

6453

2148

24485

10255

20430

14332

20676

23341

1796

12922

6960

22435

3383

11322

4171

17337

12077

6725

24136

296

5266

2836

24797

7524

16634

9122

2061

4377

16810

3968

2384

543

7083

16833

5933

25044

23396

14291

22038

634

6665

2642

4433

1650

20921

4567

3982

21912

13482

515

2622

24238

20954

20524

25505

2421

12610

16098

6529

22169

4482

1688

16354

13023

17929

13277

17445

5136

3683

8690

18620

7487

14612

17842

22248

7010

19295

9808

6258

6035

4777

1937

23861

6383

416

17059

20745

5442

15782

20426

24657

4964

16587

40

20040

6138

21585

889

5674

6752

4732

4120

21424

13473

13302

14719

1025

5053

3278

2115

16014

2523

15115

1374

18941

16457

658

8880

13338

10773

23698

2976

14342

5809

13184

2331

21226

4586

20749

16494

2660

15002

6211

1429

24999

4379

17589

5843

6992

15114

1165

12876

127

9481

2421

9007

837

9620

4120

3312

22448

3283

17671

792

822

13986

7173

6260

18580

5475

8929

123

2291

2388

11376

7154

7510

15194

648

23858

2612

18251

24957

9917

14551

23217

10327

628

6220

22947

13260

24177

17970

20723

2579

5715

3989

5991

2300

4294

1655

7921

3285

14174

18485

4915

25454

3994

3558

6313

17320

4811

10544

15564

4697

13834

593

1831

7791

4795

749

11547

24906

13250

19120

4353

3347

3729

5387

14800

18771

8691

12899

16475

8354

24301

23280

13376

8004

16741

2283

23761

7961

6979

7704

6354

17847

3244

14231

25409

12938

11766

13772

12479

23355

1564

3110

17379

6738

1192

6674

24219

2013

22852

23459

4576

23141

16140

5024

12892

7877

9807

20088

9591

2000

24555

2052

9901

1727

5998

4136

1075

1929

6396

7321

13628

16395

7407

75

1095

19381

2503

313

1669

15974

699

24844

5988

1035

6474

1356

8605

24796

7974

2257

24275

16318

6546

21754

7265

12138

781

4440

19851

3982

789

3520

19353

2855

10870

1759

18765

6244

6531

2479

3788

20718

11226

6604

16128

17553

6575

641

3981

9239

1212

20036

21032

3847

23706

23707

6919

800

15505

10995

3282

9731

1658

15343

17522

1566

11993

19995

4198

14108

10472

16684

8969

3641

8422

11027

17559

713

327

7718

22361

898

6988

7672

1947

6843

6810

17770

11708

5255

3227

7027

24306

4587

2907

6594

12392

314

1717

24852

9853

7752

9533

8093

22701

12167

2829

9533

16688

387

6213

11028

16207

1390

8062

18175

18529

3785

4820

4577

19069

21114

2900

6698

15447

1203

22108

23078

24651

10618

20190

2718

13352

1265

910

1885

5334

22765

25063

739

3512

21192

15442

15290

23362

10316

18122

4077

7456

531

2941

1273

13781

1953

14930

11373

24024

6769

2293

3146

274

13045

190

21792

8750

25023

9029

18003

6035

6486

1940

10594

17026

3756

13721

9005

7345

25509

12683

3755

20060

4767

10300

8588

4195

20003

1586

17013

15457

15652

4712

3519

3770

8201

25499

2926

6442

2056

20115

5294

25133

1713

11385

1353

14468

10802

10559

4163

13201

6659

23661

17091

390

22229

4755

10788

15136

10620

18173

6675

4171

13307

19691

9793

2957

20341

10642

14441

482

6376

7518

5256

13603

12196

23784

24494

2234

8575

6198

219

4441

2617

1131

6015

10768

24253

17186

8553

22119

2220

15914

20146

21174

1415

24710

2167

22067

24565

21224

9889

1324

8367

1142

21527

4414

7077

625

2155

2929

16113

20946

23716

674

12984

9778

25130

9709

9239

3654

19026

17246

17699

6317

14973

15361

5410

21058

21094

21788

12362

15403

24873

3028

5653

14621

19139

14093

15616

21645

7716

22940

10596

4198

23029

9027

21067

6864

25308

8574

6795

2354

10120

8822

8981

2712

5364

17741

5124

861

3005

15493

24315

626

12909

15982

23219

12147

16187

10141

25309

4460

7025

19524

18240

23583

3021

5493

1142

2540

10116

9584

915

2183

6234

21650

13427

16485

25516

10045

7750

8940

2760

7423

19250

587

9534

1472

14871

7343

21532

9121

7094

21600

15072

6143

16239

6568

17655

22645

12859

1416

6983

5842

2802

8379

18989

5881

1182

24544

5741

23206

7696

19273

628

18282

4980

22723

1204

2727

20256

4552

2200

11182

13872

16137

5069

16630

5419

2661

6069

3754

12303

2588

1285

10606

11085

9978

21761

4434

2478

5569

2008

6134

23210

225

427

19602

5763

25096

23274

13802

4153

2694

10834

144

16694

16966

2986

13443

6661

15800

22336

14107

8185

7081

5886

6068

15113

12208

7981

296

12784

5590

6686

22541

23069

13237

617

6580

3962

15181

3995

12374

13351

6229

3491

9033

2941

10903

3832

12172

2545

11630

5663

22426

267

14156

6202

5308

20717

4027

1980

10827

455

3293

10217

21491

59

15736

5149

1648

2042

16704

22531

25214

12749

21409

25455

21535

9191

1170

808

19079

2926

8754

10011

17603

