4656
2052
12235
2597
2483
23502
3985
19928
11152
131
13639
17663
4893
9726
2021
11748
24366
21037
17566
13050
21869
5930
5749
21870
2945
4876
6306
1455
23787
8982
8866
2473
4117
17395
18145
1395
11156
9246
25463
12536
6450
243
3308
13266
19506
2816
270
7833
17205
8953
25263
6013
418
3974
10360
9954
188
3222
14742
20666
5304
24680
15240
24044
8883
15712
4023
22084
4386
21174
156
10693
12801
4002
8178
2571
1219
4786
21266
4189
445
19697
4555
1340
11872
21254
21228
22580
25103
23960
10706
14771
8412
6477
5227
21865
19838
5320
5430
16075
25552
24818
20943
6450
