1395
8484
22635
16907
5489
12542
4593
21834
2468
4340
133
2359
21128
12765
1177
1029
12977
20829
6984
10674
14312
9140
6175
15474
14160
22206
11486
10232
6107
7129
22358
7228
18975
6363
19068
11629
4158
24711
8256
19444
18381
17154
11997
14392
4094
6275
10995
19347
1033
51
5236
19335
9078
6121
10939
1522
2231
166
14861
7923
2021
552
24939
3837
21204
21636
12457
20259
1520
5487
20332
14247
710
25288
2534
3405
5215
16148
203
15797
7014
10211
2427
20283
5284
23112
11939
6111
5318
18630
21580
7142
1195
16824
2740
6136
3070
17262
958
11822
8011
592
21535
14059
22499
7763
426
16179
