23296
10112
2032
9295
14884
9330
18135
10324
2209
23402
7379
13051
2214
4722
3227
7110
2797
11782
3604
6333
8547
5578
19773
8025
10786
4929
523
5075
24607
1947
4531
5891
14702
10775
13821
2101
4399
4443
25139
9296
21959
2205
19154
19183
5210
2123
7394
3436
5343
24025
22415
13767
10380
4063
3257
17641
10082
15817
10624
730
59
21988
5944
17042
9583
13904
21994
20707
6748
17596
2602
6131
8844
3010
1895
3086
19049
9185
8416
8107
1756
19821
8246
4297
492
14885
23873
11825
5865
1458
1284
4979
593
24757
436
9293
15766
1379
12752
10038
3278
13226
19677
12025
8397
1758
5318
