15259
15389
8549
4411
20488
23469
10950
6967
14120
2345
1297
18304
10536
5476
24021
2598
11295
21035
13229
315
4100
15382
11001
18775
12252
2314
22441
13649
19864
9576
3939
4489
9536
4719
1250
22341
6903
20951
5502
20470
11573
16930
10472
10577
4516
1399
20845
5406
5677
12357
6097
11863
7190
3987
21163
5363
19570
10525
2544
6240
220
21744
1205
9146
18879
7160
6689
14744
10514
9312
4406
9678
1524
3080
13802
4147
15027
13619
13308
3799
804
173
7026
10310
20386
5849
10767
13676
12103
4365
11817
10431
4201
4833
8920
16833
3267
18063
379
9642
5710
