16949
15664
2753
5763
10819
6561
16954
24302
20806
19217
20881
23732
20837
25272
13365
5866
12454
2375
4225
17833
6471
5385
24216
16710
17507
20157
1501
7650
4527
19252
3874
5904
21275
7755
1510
6834
17495
5346
2350
1235
13872
14805
3561
6475
628
2825
20652
4642
2487
24594
4605
23627
1763
6915
16214
1285
23848
24759
7472
15311
16512
10703
16706
11528
25041
19482
464
18283
1183
24359
1646
5041
7161
9126
6325
1122
15886
14956
9115
4349
4954
2328
21552
4068
7285
20470
24227
2031
342
3004
3046
23524
10412
23764
17022
24260
786
18766
766
24683
781
4819
24009
