5311
3675
1315
18937
9760
23634
9984
6160
1459
23700
5767
14424
16713
323
5545
3436
24759
24613
3046
3373
7792
17652
2406
5178
6270
3598
12839
2031
23000
4404
8482
2261
23880
22644
5986
801
1840
22284
19925
13155
5054
5863
4482
9274
64
15886
4729
1527
15723
3286
24544
2906
1389
21525
5841
5008
21380
17227
15951
829
2682
16040
22179
20012
16054
7249
5453
12659
19071
1393
21302
6966
5321
1088
10767
17963
1438
13831
16929
526
11268
8121
20201
11492
5159
12015
15865
23888
19369
24871
4819
15110
6166
13240
4637
2499
23453
17945
3414
24945
11103
11036
24019
