15237
7443
19227
20568
3369
11250
13958
2841
7110
19865
20444
5249
24341
10596
8015
18428
5329
18033
3222
23696
3399
6942
11871
4139
4142
25222
13983
17050
1946
3154
5750
417
14259
25533
15103
1110
728
20950
4250
5639
3930
74
4848
3839
23756
24399
19354
4619
15260
17593
16884
25341
9933
17406
23428
4983
3304
8103
10665
7708
5936
7203
10920
3579
21480
13789
5373
20639
5415
3377
1374
19063
24446
24634
7079
5953
6822
18130
6172
21845
20562
7064
11692
24813
9021
3027
2846
25260
2204
2033
661
5825
4168
2487
25363
11708
7202
423
3066
25426
2138
