9738

6550

3534

17008

13676

21167

7139

9266

7695

11124

14815

4361

4247

5689

5311

6887

5488

20087

5714

11023

1639

12396

3220

4333

7147

17432

3871

1758

11146

4663

1463

4404

5194

64

2949

18479

16456

1503

18151

5665

102

22993

7721

6742

2534

5796

3214

11173

5475

14805

6418

13785

22781

6245

10649

4188

5567

19674

19177

11319

21907

7108

21733

19061

22426

12729

4999

6289

4742

22963

15423

22032

3946

10750

4928

20388

19394

3146

16861

22186

548

19022

23339

3952

5855

961

4543

18004

13166

10668

7482

4768

1053

21778

20520

9666

5802

4679

23614

20337

1870

2781

18907

11438

8737

12509

7056

2758

6798

14583

9438

5391

3420

17529

3908

2152

2424

14895

4006

16252

199

20423

19532

14954

1476

17368

3619

6423

14436

18270

5332

3776

18480

5766

6821

8823

20265

17128

5684

4047

13023

11565

4106

19087

21239

11583

10240

12692

302

2556

11873

199

782

4009

5897

302

1498

22662

4327

978

25497

13573

15010

21958

1474

14569

6558

135

2434

4506

12598

7177

22869

21847

18782

17532

15690

18743

22651

23441

11093

7763

14412

24036

17925

2369

2918

4651

6733

24476

21365

16105

6946

116

13761

10942

19625

2967

3478

20380

4820

7243

999

15101

8115

24202

117

8080

4851

7483

4889

5998

15226

10574

14408

5306

9305

18085

8473

942

21010

631

18778

7132

12486

3680

15526

24984

12633

4745

3190

22622

5914

19711

4472

25197

4433

13677

13208

21660

23272

2690

2752

13716

13382

11062

5512

12680

21609

8150

7758

14770

13383

14463

20619

22280

24705

845

25031

11137

5644

18934

5584

9035

4299

23559

18244

22305

2032

1769

15776

7192

23538

16527

12819

18186

4308

142

1478

7446

19770

18899

9750

4441

13192

62

9274

2348

13402

17459

5256

5407

14701

10246

5274

5657

22139

24081

6577

14669

18224

16226

14721

2923

7319

22813

15395

7277

6847

18030

10371

48

17731

14640

6983

13955

7810

13487

16072

2830

4985

4647

4683

5842

6677

3275

24119

24

6945

10247

23041

1693

24968

3006

425

1573

61

15527

6956

18071

1450

22831

2252

17328

13228

8950

8241

16100

1040

14324

23348

4554

9346

6389

818

8490

4990

13580

12983

10908

24754

20110

24561

2624

17912

22747

12535

23043

14405

12294

625

5663

21550

22045

7272

4124

20215

6091

6063

3805

12986

14910

4262

8441

19939

6700

23909

7567

20208

7593

8321

22245

4837

9812

20965

5817

8920

21341

8801

9085

24733

14356

210

7127

361

6491

17091

20044

3545

5182

9413

923

14754

18500

17543

9863

14005

23983

4152

24787

24731

799

4726

12609

2194

17483

12994

23360

860

1159

3234

23355

25512

6452

4187

10400

22266

16429

10910

9988

9983

3231

10817

18623

908

11987

18128

24273

17835

16760

22805

6983

10885

25182

13035

17102

864

6521

17724

3492

16748

17382

4597

14879

2089

22651

9146

19669

2247

10024

24214

806

4515

2842

19072

4241

18965

5949

13845

25233

8602

3416

24605

15821

2087

5245

2409

21459

11994

522

3082

12891

8422

21297

19765

14586

21738

14984

9865

22975

6429

1867

10623

2923

1023

4791

1207

1725

12618

5408

3243

2697

12537

759

7019

5498

8959

16658

1967

2456

1444

21044

18903

10775

13269

17137

20949

4218

4267

17460

2932

24513

801

1182

5560

10294

4454

11616

9940

2089

11183

13682

1437

3033

6820

12721

24020

15869

3796

5765

6271

22448

24227

22549

411

5508

1363

7273

7641

14655

16945

14826

12337

12204

4212

15352

2804

712

7017

13182

1244

5534

1972

6733

7088

1669

17788

4955

14915

15644

11797

8154

8071

7259

20570

19387

4649

21833

3051

14050

3182

2115

12304

8428

23689

23130

4434

17133

15983

900

2634

22960

20532

21444

21582

24199

2482

4995

22577

3316

841

974

16242

2939

1858

890

12666

16917

10630

2690

13756

21600

14403

8645

24886

15718

9978

12447

13111

6583

20522

21343

9076

5414

16509

6205

24609

9277

18922

17373

14763

2619

19357

2583

16888

192

9620

5622

6398

3991

24346

5592

1828

1430

6229

4871

7234

5301

492

17115

10632

7452

11925

23236

12983

6657

23612

12888

14820

23503

6047

5167

4164

3205

679

16476

4201

15579

14974

7362

23943

18783

6558

6083

6489

14020

3791

14530

1160

1867

8369

25123

4983

1573

9296

17140

21050

23945

1586

5202

12356

20933

2502

23931

17126

7155

555

4200

21641

4501

21440

8323

5612

17375

7128

3452

7076

5299

4746

19301

2938

17776

4575

7952

5836

23729

15412

4317

5508

5181

24822

3458

21088

4892

1532

14334

5339

22079

7341

20106

8784

18933

23725

1564

6334

5058

1160

17165

13531

3218

8767

17416

3311

1332

13227

19058

21058

4733

16601

6135

23990

13045

20374

4133

2839

2303

23593

6477

6060

17338

7778

11128

23556

14277

7223

395

6459

3636

16848

2600

5189

19146

20770

23421

13204

22901

19806

4491

23896

1052

15638

5674

4933

2773

4366

1965

5110

1835

10891

17562

18255

18680

15608

6126

16436

6196

10231

12453

6411

18397

11003

4649

21265

15414

7611

2553

1462

23671

4565

3114

15007

5600

6182

6120

6142

15188

13060

4411

4351

23217

2101

1181

2623

2785

2918

17573

19980

4706

7250

7131

1015

5418

889

4386

4612

3519

25267

2202

19032

4876

7951

19181

18594

9310

1936

1546

25241

20049

11577

20845

4332

18633

23326

89

12908

2714

23677

8844

17438

14490

3767

14084

5218

2829

5309

2956

19965

11208

15089

20532

2164

2254

6387

22442

9765

1260

11064

2323

25162

7240

17991

414

3456

535

3920

513

6092

6078

17196

25181

8460

1871

10720

24552

24878

6863

8571

25050

2777

17202

227

6498

1622

17126

229

9878

12821

5269

3585

2578

3660

23027

8342

17956

1706

4833

2664

12464

3103

2181

4547

4340

9146

701

4474

17164

16620

955

570

13548

6996

16609

20393

23773

19151

15977

24228

2186

2861

6936

9518

12707

18364

6334

7989

8151

23006

18540

18234

15015

4777

4137

23416

2609

19140

10121

21480

1368

19117

3190

1920

467

11697

20855

504

21355

7451

112

2222

3615

4098

18915

20709

1199

23204

14250

324

20330

1865

12091

14607

7246

13748

1320

3840

5087

21760

1944

23453

6855

21711

22515

2442

5208

12548

25050

12859

4690

828

5344

12717

2033

24392

8562

16243

22307

24980

271

21513

21950

2178

5206

16017

11762

5283

6726

1729

17041

16656

11800

21464

24760

4743

4103

11965

8699

21530

7802

15247

6526

17537

135

19636

1867

22514

6953

6154

787

21324

3357

4074

4010

2303

1015

4743

2191

14835

2507

5403

1675

19987

11533

9935

1007

1416

11565

5654

12224

1406

4294

14499

24968

1030

16580

3060

23642

6341

6882

20581

16339

677

20641

5953

10515

15006

19243

12094

1248

3167

23532

1469

4358

5827

260

7138

3366

6603

1103

11575

7637

4197

4111

1008

23557

13045

15893

25224

6233

120

6559

18422

19270

4467

108

14260

14256

419

4883

20476

15321

12928

4585

