7074
4364
15365
2929
4923
4461
3470
23523
3086
14830
4091
6235
17536
1814
16979
10004
7983
2483
1676
9669
3077
5584
19173
13950
14741
604
25336
17180
1883
10860
4474
18106
6453
6651
17011
25321
17598
24943
4035
9622
5022
12635
19852
6644
4176
10500
3140
24945
6957
21153
925
9163
5718
21280
22888
5630
3173
17625
23913
12071
11947
18210
1405
3613
16287
15163
6333
3656
3340
12652
6238
3914
18703
1697
19523
889
22009
12828
10100
2832
3083
17298
9748
25225
23106
3868
1351
20098
1592
3161
7082
16618
4300
25230
21997
12707
3941
10074
2908
5914
21356
19274
19539
