16604
22164
16652
4602
16781
14442
24623
2581
9384
16350
16306
15078
11856
20250
20187
4916
12791
17969
13496
21156
12159
7341
17772
864
8528
11151
10509
5116
5634
9936
12205
4888
20508
17931
22370
14523
16113
7852
531
506
3354
11685
23166
10509
24028
4049
1619
4300
14897
2412
24033
11273
4615
4220
6537
15526
6149
12891
19955
6099
9013
3617
1847
14538
23280
6658
2093
241
5703
2982
10831
10996
1105
21118
2629
1887
23836
24568
11214
16459
1454
720
8862
5117
1477
278
2133
23504
6586
21156
8489
6159
2013
6665
12819
18518
1097
16887
1488
15346
627
18078
9031
681
16702
8998
12713
376
5796
