20545
23947
12651
18482
5242
11035
22943
18968
881
6198
11372
23206
1158
5881
3610
12386
20883
13305
4337
11517
25121
3981
2113
4219
9330
20372
776
24859
11571
1732
8816
7014
2297
23591
873
1672
12234
21128
15113
14463
21005
23747
12018
15118
7869
1829
21913
21276
25268
5439
2614
5261
11661
2932
15571
2468
17302
11450
5655
9801
16049
18375
5774
24118
24696
5563
3200
23376
4923
15038
4794
615
7181
5156
22748
2536
6058
6559
7375
23957
7077
6120
21845
9207
1333
4028
2681
695
1713
13225
24426
859
11876
17306
19556
6838
17442
23490
1803
2811
4955
8847
7548
15721
10742
5367
16103
4402
7789
4628
13437
1795
8237
