3866
4127
3132
13545
2256
6973
11498
1287
18483
4220
225
13820
2352
25465
18774
25151
16115
4133
17441
20912
22186
6272
7676
836
469
13923
15799
903
15912
2284
5238
9176
24685
10304
1257
17895
12397
648
9662
18712
20283
17266
7296
22500
22083
10139
4020
5135
11732
17583
874
9154
21585
1724
2780
23011
5885
19097
1476
5199
14380
11220
16314
13941
2006
3213
3914
1041
1555
14389
14133
24458
20130
18671
22305
8196
6752
7301
11849
8972
6176
13891
5415
4059
13576
5279
5078
14985
20889
3907
11246
15123
20162
6486
23823
15329
13164
4263
16942
226
5780
16702
4262
2076
