20886
17603
14205
14599
3371
5148
15466
15195
9551
22398
25063
1105
1804
5920
14291
1872
11500
2379
2147
3773
5267
5997
18297
4435
10257
20286
3819
17458
5144
11420
24417
16978
4087
5426
6506
6468
5477
4020
417
13740
1938
957
2845
2084
19088
24348
11782
13904
19298
6587
4517
4103
4908
11180
20978
4986
8630
131
5731
9494
24508
19584
14542
4116
19250
6364
11606
4439
15492
23812
6054
21243
3559
23491
1412
22340
9611
3987
3275
21992
6238
19117
15587
1384
1434
7931
7324
22417
3333
20906
24154
9500
2348
15850
8718
18775
22276
10550
6214
11411
3558
