19276
25007
18606
5338
1856
11688
430
1972
4359
5262
2218
9414
12482
11535
7251
5918
1573
5367
12081
10701
15811
14272
21186
7491
7911
4911
20363
6972
1771
20132
3074
20271
22223
17685
5172
22441
1358
5953
20665
12074
21277
2155
24796
3293
22202
3058
5603
8133
1034
836
7780
16170
2625
11099
21101
5376
14628
14714
20074
8550
13220
10593
15231
17160
20434
15023
18943
3528
10790
7805
23029
20313
421
21548
21831
17473
7199
14337
14603
7099
1097
16244
20131
6541
15937
1029
5713
1683
22345
21197
24477
6469
6200
5267
4847
10014
22342
12557
11258
21087
10022
18917
25086
6835
6166
5893
635
1921
10625
