923
5455
3833
4901
4463
3723
22519
21711
7516
8028
1292
4081
4556
1432
5954
7383
8003
13001
17406
19118
935
14974
21647
1075
21947
11259
14986
25372
11375
24007
2200
12968
22310
10965
19316
18349
19408
6988
6449
3551
22566
811
12330
12870
25343
2767
22115
209
6758
11398
19253
6568
5266
8055
1826
5156
23982
12973
6588
4659
5530
6337
15723
10084
20386
9280
8733
23240
3956
3623
21379
2670
6090
1117
151
12373
11023
20673
9362
17116
14835
14697
19015
19367
710
5377
2273
6431
8709
6697
6112
13725
4276
14202
11052
1922
5291
20367
23132
14001
8110
22294
5185
11222
7858
24769
22739
18277
7658
3441
3321
13509
