1715
1513
15021
14569
7166
17607
14983
1494
22135
863
24692
374
20499
7235
9537
5653
13560
23140
6715
5636
1808
4158
1891
6555
10247
18578
6215
4759
6355
16048
19804
2676
18275
24799
1794
23910
8144
17640
18864
22476
11242
2729
6875
9823
1275
12360
9319
21764
24841
21821
162
11254
21849
2596
19318
7245
21347
970
19940
7151
15715
14939
25147
3143
16794
3102
3311
1310
16925
4719
12900
3500
11280
5306
593
14361
16075
8787
6924
8022
17549
255
18241
21458
14447
13816
223
10897
24317
17751
206
6416
19843
10538
16004
54
24911
157
24314
1293
9905
