5105
6584
15910
24765
12858
9553
5194
7024
22913
17709
1285
19927
12473
1132
1877
22677
5543
1515
5740
21557
7521
5774
18758
6169
2152
244
2687
7945
12691
21789
4029
24521
21458
3214
18351
7781
22783
6072
15920
6386
3816
24728
16440
14098
25270
21569
12305
2197
4911
14421
5293
3782
12278
12453
20220
3204
7470
4338
9850
12002
296
13369
20334
12103
6653
11845
18688
20249
6281
4736
17439
22623
14877
1086
21507
1936
1187
20244
20278
6156
12285
15274
25271
7080
13708
2095
20863
18995
10010
3533
985
7400
14962
2899
6680
24938
416
14816
23241
6590
21831
4892
5962
