11714
2201
17499
5502
23856
12800
9804
4622
263
18054
1858
24487
19437
13689
620
19575
3521
4738
24165
10163
73
16775
20389
5339
17758
3687
12684
263
5027
18244
6592
175
5452
12846
3491
13097
4268
5972
23238
7172
6240
5841
18188
19357
5357
971
15019
2415
17902
6590
17532
20154
7548
11029
8696
13337
8682
10160
5345
1142
6810
3458
1475
3123
2550
20799
11067
6533
11574
19020
2895
7270
22075
2398
4286
2093
15290
13133
21034
14226
9763
14257
1333
7781
8296
6605
2428
3734
4357
1596
19266
22498
23249
3059
11573
2378
21839
664
15701
21720
16212
5270
6785
