4260
10327
2452
16135
16588
24831
23769
11615
18470
17304
14892
3049
25
5616
5307
2697
5843
11288
8437
965
424
9975
4340
20596
8602
10460
4506
5794
2233
442
4393
3076
24805
14092
7224
5867
1032
7184
23143
25090
13355
15131
11796
1804
8543
16306
936
1180
8116
12309
17041
14725
3004
7554
2640
7631
24806
22475
1061
7898
6940
3263
3718
10584
7715
1772
2693
22531
4892
7708
19449
2015
5550
18374
25000
4571
24818
19331
22494
12452
20267
9598
21352
2744
19324
3017
13204
24274
19276
16442
6694
23906
5270
4425
6588
10099
12973
3065
3936
5771
7135
23780
8344
14060
1826
25206
23402
3480
3587
