406
1856
6473
2722
12792
22959
18693
11674
1880
14836
4442
14590
5908
21996
18547
8616
12138
9278
4812
20028
11793
24223
9793
1051
19797
18088
1225
1620
19347
6948
893
24903
6187
15971
22130
1681
19733
2796
1313
1886
22782
22968
11768
53
22429
14025
4480
10017
7248
18291
2954
5882
1792
24558
3549
8435
24783
18358
1672
1367
4224
12328
4140
6130
18597
23124
21451
925
3653
1816
6942
12474
18336
3344
4403
20012
5074
6879
13257
9383
21850
7392
22927
25473
2049
17641
4167
3527
7145
16732
764
2538
11024
5623
11115
2606
10159
16787
12921
3125
25147
