2767
10151
6932
12235
15740
5931
14240
9522
14106
22893
14584
12377
4978
11639
13076
13720
4412
1755
20021
22467
10297
2330
8322
11559
5887
1591
14120
9516
1209
22531
20404
7526
21209
12851
17033
10205
7855
20032
6965
7245
21825
6869
25181
12372
9535
15250
6029
1136
3581
13449
23275
7227
5281
18722
17675
12513
20869
2164
3989
5356
4330
3125
15934
12017
9666
255
9619
19580
1793
14173
1149
24390
22097
3020
20032
12196
2148
18875
8982
6026
12524
483
23837
1545
2311
16090
5623
13935
6909
11711
1105
5264
3669
16300
20908
21292
16412
9668
1225
12471
