12517
131
2888
4059
12195
6002
12539
23371
3865
2809
9609
14520
19555
1396
22813
13417
21257
9972
20803
15042
22177
6908
23000
17551
1617
1973
576
21095
17757
1018
19379
5102
12739
22514
1414
17295
22551
21095
23471
11719
6914
5344
5210
2313
18156
15077
6310
20501
22782
4916
1351
5071
3998
10440
5061
7071
807
19525
6070
1959
5760
2812
11676
17305
24966
3206
5771
2221
4015
4559
10851
15955
7402
2261
9038
20178
1358
2296
2841
4461
2981
7075
19223
25528
12257
6018
5331
3939
21210
15454
17441
6598
3287
2613
6792
5850
13069
15769
229
19150
3161
1410
5011
16820
6987
24724
24951
2073
16796
