16858
5154
16677
6364
7962
6316
1097
1755
3695
6534
7253
22761
2521
7293
6714
14521
20462
4257
2581
8174
6532
20833
16714
5743
18168
5108
9025
5242
1036
19027
16691
12133
18230
3142
7122
4929
18057
19837
1662
876
735
16983
343
13070
7244
4679
24762
6059
11846
4023
5465
4850
1170
18440
5825
9672
18916
3730
3012
2275
3597
24587
5495
19570
14291
19109
15025
21077
2048
9262
8517
16128
5564
3034
15540
17551
5506
3749
1182
4410
16988
5692
4508
24262
1846
20875
16671
23368
10681
896
13066
2752
17818
8595
16155
896
22717
504
17448
11843
10994
19260
6666
21478
15294
1028
9417
23405
