22308
350
23564
18478
13674
19103
5509
23601
1916
22086
10066
5876
4528
5737
12339
16765
24999
8915
2332
10945
4881
8218
1351
1025
3665
5065
176
2780
7889
14919
4353
14805
4302
14712
25350
20677
6985
18635
15822
22180
5202
14012
9551
4508
11857
3129
11874
23131
3183
22058
3899
281
20641
17625
21312
550
623
18230
1434
15485
6495
6637
10193
5016
10257
12949
11658
24058
24993
8352
17928
75
5886
1301
6924
8283
3817
13752
5829
12329
25370
5041
4238
7009
10445
4375
454
5868
19307
610
4656
19021
5430
4822
7569
3424
1440
19227
5158
22254
11502
