24481
2392
14578
21656
1807
25208
5118
17030
12220
25094
7595
6045
15008
16559
990
23840
2557
6172
13372
6280
5200
4845
5321
21682
20865
918
2625
872
8426
4560
766
21873
2407
1651
24046
3162
6446
15291
17882
9230
1863
8100
1875
4496
590
1030
16089
20009
8700
3682
6812
821
5931
4722
1780
23040
24918
3718
13234
1557
20104
22069
4225
4807
4705
24570
2564
8969
13399
13638
3890
11114
1405
4437
4733
1455
25049
8576
6756
2443
8656
5174
8578
3901
15216
21848
5720
23083
5318
6258
6784
2060
1111
1192
14510
20272
836
4174
4534
12521
3680
