13598
4168
4948
9590
20118
17467
8879
3775
24059
2284
20323
4304
4723
21094
17877
24695
12732
17961
1594
21551
24770
11192
20339
6383
583
21804
21397
5081
17554
3043
7708
1189
23932
18826
10520
18615
23762
8772
8681
5530
22465
23930
24695
7179
6427
16448
2820
1572
8315
1607
2314
2088
19976
2753
5878
1865
16631
9028
2391
5953
250
10346
12966
206
11910
12123
1826
4796
2811
4109
17920
9062
6160
3174
2595
9635
98
10466
18348
6377
1892
9448
18540
6817
13999
6044
6219
6477
11679
14662
14602
25016
8134
21020
2072
9793
4936
3771
14139
23514
16315
23813
8527
8474
18539
8372
8821
2878
2338
24710
15916
5702
5316
