15469
17961
4879
15648
12997
22794
5068
23230
24711
10159
20817
11261
20273
2884
666
18167
21846
22433
17640
17896
4365
20701
1497
14051
885
6196
17100
15785
23550
4280
17637
575
773
7679
12485
9248
6826
22951
2153
1771
23020
16613
13617
6407
21150
15363
23784
3872
11153
11145
888
6055
25238
16747
13233
23007
23088
2763
6930
6143
5717
10720
5084
3840
10856
16106
1166
23448
22105
333
15050
11003
21633
2613
510
246
22371
19804
1602
22228
13926
17068
12571
16713
19323
16197
5515
24952
500
7234
11530
1426
4477
25102
5586
6284
2705
19822
8541
5261
195
