552
2540
2231
6582
18274
16684
16344
20086
16390
18234
8465
23779
25307
4486
1629
20439
52
6404
7498
16542
961
4337
4527
3634
20422
263
17951
8537
20731
20173
5721
8143
11179
10764
25171
4107
12077
22694
12461
2148
21825
4598
2728
9586
12575
3650
3513
6401
20381
20267
6430
3680
1713
8020
12518
6547
13322
10957
6690
2582
2642
24408
3815
3777
8555
22391
15112
1225
8918
13814
17233
21299
11330
3395
15328
5747
20141
3600
4372
20505
20258
19864
24005
3669
5423
18003
13323
5944
23051
3355
21443
18212
4717
8690
21084
10313
25293
5307
12965
2162
22883
13982
2023
6624
13626
3787
24810
19628
25445
