861
20822
14917
6327
14422
12084
2472
3457
23797
18481
1283
5796
5492
1720
9226
16921
8452
4858
23858
2626
5163
22936
1382
2822
13352
2656
13637
11710
11276
63
5796
22948
14927
329
7261
3805
14530
5731
15682
1246
10595
4032
6637
9171
4079
14901
2695
5021
6024
10280
12858
5437
15928
14858
20422
24941
23337
21563
12816
17987
6943
14563
23337
1022
22624
11595
17505
11546
5321
20184
3402
21456
5152
6417
11932
19266
21231
7114
2050
17351
3842
24332
418
1940
589
5614
24119
23258
19151
22129
15179
13440
1339
10734
10232
3277
5774
6059
4843
23298
9195
1969
16495
16730
8662
11297
3176
20408
15105
