5341
11307
8663
4486
18283
10119
12270
8712
11360
3239
12362
2669
4708
9995
4607
24097
6543
2929
24620
5355
20771
6809
5307
3919
19850
23307
14295
18787
6002
23460
688
12434
8388
24577
20728
6897
1718
16293
2326
2989
587
3412
2004
2240
2829
18801
23368
16535
10184
1316
11065
19771
3118
22581
21413
7752
15741
22271
11481
3586
3823
22608
1760
7035
5922
12424
20814
3092
165
3791
4538
4983
24186
6770
24462
21623
19718
15435
14694
23255
17501
3549
20911
2813
6541
1130
14374
2686
12297
8874
1135
3701
23377
4436
20946
9144
3211
9218
920
17010
1613
