4315
14578
12336
16040
7227
1146
2751
9127
1428
13351
20021
23963
16603
4520
11467
16459
5260
19386
3970
11642
4950
22322
15069
772
12388
8847
5053
3515
10010
15314
1757
22313
21837
6881
19041
2086
7313
3262
6059
5588
4006
5281
15864
4420
20580
7431
15511
2857
7325
10882
10145
17378
3098
23573
15827
20804
6746
25459
11811
4876
13897
637
3266
18211
10939
21486
5526
1989
475
17621
3977
20253
15995
16139
24694
21638
7834
479
17212
25115
10472
11079
7541
1242
1438
3916
2160
16440
24402
4504
5551
4425
6997
23681
14062
8028
2981
3439
6944
7651
5893
15741
23435
23889
15341
3464
10498
3420
2620
