4767
24452
12056
20301
2471
8706
9229
24766
3743
15611
11333
2955
22201
2565
838
23893
4706
3184
5379
8416
23596
2395
21610
6835
5068
20429
2604
19849
8371
8600
2960
5867
14828
16101
19856
17840
6162
8575
2147
2251
3638
23032
3853
235
10696
14691
21454
4331
4086
10629
257
23663
6368
14382
20703
1604
3594
20375
5233
577
2371
8214
23908
5767
4542
14766
3759
3307
23427
21897
4506
5180
14067
20453
14448
21122
8694
20565
17503
2324
9526
9439
3372
5445
24940
19009
22490
4406
19822
9809
20464
6060
8861
3356
19727
17475
6371
19663
18557
