14033
9077
6990
3709
13637
25287
1543
1857
3279
6282
6900
14553
13545
15813
23528
257
1500
4541
6735
14180
6008
21874
2803
5802
9411
2884
12915
7192
15964
1055
19479
12622
3089
25373
2111
6340
2747
9626
20921
19759
4618
5876
24571
15724
6983
17950
23295
3564
6998
22564
23544
9877
2727
21036
3669
2953
937
15197
4112
8494
7651
18306
51
4002
5415
19466
12713
19161
1317
274
6593
14388
3442
19170
18185
9663
2510
22779
8223
13445
1844
16796
15312
18848
12646
4278
3588
19477
6846
12973
7871
4640
2245
22270
2823
6985
3778
18639
13721
20473
14641
8903
10725
6793
5849
2041
11376
5487
17742
