12192
22259
12147
13114
4442
702
12076
19660
25428
9478
4730
23641
4212
13186
3865
16596
23206
8495
24171
24712
889
1243
21259
6814
5788
7695
544
16103
21754
19552
7599
24290
2928
714
6533
5992
13148
4717
15210
13509
17223
6183
11536
23277
5569
2928
24384
6024
10330
10580
24598
5864
24497
21554
14273
1504
6827
20720
4957
6293
3801
1728
7509
12641
11586
3329
1941
14295
24228
1504
17372
4813
14773
6365
2984
2232
4857
8167
1509
10375
4343
4000
8277
2614
3564
23048
1892
2307
10690
10592
17168
22159
2968
1221
336
5074
21131
2275
790
14167
14287
5716
21964
8623
24520
20041
15821
25446
23623
