17533
1543
18075
4724
17942
13998
6725
3005
17412
10335
4705
10076
11304
1030
23030
7887
6828
4886
10296
19936
14501
3260
2046
13804
5074
12487
19480
11977
16408
3953
13546
18515
204
945
10655
23313
15419
23875
19429
19299
1133
14539
4384
5569
5915
2696
10130
25480
10238
22378
3063
5085
20269
7761
20365
5054
6149
3699
3200
14792
16664
16967
3137
2735
7165
21961
7428
19449
15563
3875
5818
17343
21769
14916
4429
3974
17298
12062
18740
21261
20628
3730
13730
2538
7030
10571
19995
5917
14542
6861
7028
1379
7091
4664
20669
1056
1316
19550
15209
23963
20065
15439
11695
