21162
9591
2859
973
13124
4293
24908
7512
8264
879
18660
18821
7330
12184
6551
9977
21414
11806
543
5437
10729
14721
5447
4079
6976
2914
9045
361
7795
23672
17499
2852
25149
15654
4130
10527
904
1039
2471
23531
7277
2069
14086
7539
23015
24297
1918
1739
23521
23217
16554
9581
18640
10853
16687
261
3343
10028
16644
20696
20031
18248
853
24719
2904
23158
869
10091
2946
5165
1750
3096
20666
6953
11142
23252
772
3890
15486
1888
9857
23654
721
4279
22352
4951
24615
5444
21452
3514
3007
1745
5800
2580
7111
1035
20276
19491
16330
23954
20163
2978
10408
16554
2632
4264
9025
11383
