2821
10639
1457
19602
22705
24309
2634
13201
20135
6581
7156
1362
17762
13816
19350
1576
5193
4543
7000
1618
480
2237
20350
10341
25146
9015
2217
930
22930
3845
364
15745
16189
833
5975
6402
12530
9971
1105
25076
18352
18315
18611
20260
6641
849
17668
23212
2012
5985
531
4926
4427
20231
11236
17859
180
19739
14923
8171
4774
19905
19328
18756
4255
16875
11306
22301
18604
3257
4558
17627
5740
25256
1058
14939
15425
967
4885
137
15489
2366
4642
10200
1293
25204
11661
23817
3302
765
5341
2844
5793
9029
21550
963
4945
23614
23701
7078
24791
