13558
6537
3737
3107
24341
2956
19012
5053
15801
5894
11349
15606
1899
19275
21909
6969
11281
8223
21391
24649
25169
22535
11129
13290
11484
12391
4929
11087
14983
12499
23278
4294
19181
19111
1562
22483
24636
9512
5502
17081
8270
6934
253
14506
764
1444
24615
19106
1423
2766
17420
1482
14269
18180
16747
19083
16877
2920
10658
6854
17496
19367
4111
13581
15368
14956
22235
13472
13315
5851
5016
6656
10311
11211
2194
8652
5354
5923
20573
18511
14944
6997
13398
172
3136
18615
7269
6653
21703
7447
21768
21486
1422
391
23723
2208
14540
19206
6767
12404
25435
1572
6339
1765
13857
23239
6936
21126
12025
17935
11036
1711
23372
