21782
6074
9577
3685
14711
1586
5358
4583
13078
982
6925
13795
21695
21243
9361
3642
3172
5133
24494
21909
7875
12486
8111
160
22146
8398
17756
6920
24832
10391
4744
11217
23529
3009
7051
3638
4691
7657
2478
6663
1988
17998
20725
20048
1619
7057
13223
19319
2213
11134
16011
16828
7309
4515
3921
974
7287
4985
15774
14573
3756
5222
4197
2117
9141
1097
66
3939
4335
2712
16121
24010
24736
24914
6181
16065
7873
20948
19485
5291
2515
6941
16861
4208
3936
23937
16761
24106
5878
24546
5444
19419
20962
19690
12730
18400
25501
19274
13915
957
903
6584
1161
13754
5593
5566
1031
14379
7561
