2842

351

22424

6967

18503

3984

17178

15616

3830

6255

5514

2830

10707

2433

21365

22410

10318

23885

17115

7231

2761

22066

5137

14689

5122

9257

15556

22000

18365

7183

7011

3137

3148

19186

2377

3466

2808

7149

1984

19171

5278

19476

5585

1933

21130

24746

8560

3337

3356

2705

19044

3369

18940

21057

6280

10686

3649

4550

14810

6654

16897

22706

2859

763

2428

21085

20922

3282

2622

6467

9675

6722

2034

21119

2702

22823

5373

6345

14507

19899

23109

20414

5954

13488

13150

5788

553

2346

14982

24828

5551

11377

17913

11516

21197

937

2774

2500

15901

25331

24400

4405

22294

6657

23018

1819

5216

8988

345

5951

11782

3598

12272

3291

5736

4282

8965

21720

9350

13661

8695

1372

2296

22617

6420

13319

19185

7041

4291

16339

6972

24431

7031

9179

9278

2102

15151

4911

12275

4113

8267

18416

22013

7988

2926

7133

4306

6272

20928

10477

22770

4735

14653

16841

7145

10329

20111

106

10286

17137

5358

879

4533

8360

15122

23353

3549

3099

7308

2806

6654

13813

3948

381

17898

22794

14466

2031

7690

4561

14451

6601

18527

25123

20730

13499

16420

924

228

4182

24446

16425

6245

9036

6586

8561

5906

7729

117

7300

11954

20654

20338

5143

697

1440

20986

25113

2438

25347

16458

11380

4027

6318

5050

2101

5671

15608

13756

8166

10043

23180

9587

13698

1570

11861

5346

7299

18383

4984

24696

3121

25180

9002

3266

5622

17074

7262

3820

15580

11643

21726

18274

796

20552

429

10893

17882

1203

5534

6636

7352

16305

20153

2935

1598

13487

3922

13210

3250

9844

8680

2981

2562

1238

279

20199

4263

4353

1981

21010

11315

23064

3153

24747

7042

13085

7058

753

25426

542

18554

18709

1301

5697

18154

3362

21756

18448

7236

668

11402

19341

3268

18967

5027

12735

10516

21076

17474

6707

7698

12199

13023

5161

8910

5412

422

12471

6151

3304

4918

17174

18693

24639

20112

21497

5708

8053

1106

16637

9287

20145

4968

3995

385

16594

4397

2830

6710

5182

16107

735

12070

6393

5070

15440

7295

15338

7968

485

4785

19719

3956

22594

23049

15365

22799

24925

24287

12216

14149

24636

2858

9320

9925

3090

10100

21573

14529

4167

4824

20751

2087

16148

4566

19853

20848

3929

19288

6052

25527

8007

4749

16607

2791

4714

6722

5470

21202

944

11270

5791

20528

9890

11742

20714

14014

6392

7627

10613

7525

18216

4579

1406

4553

11473

1884

5068

11893

6482

24158

14376

3466

16899

2310

20671

12529

560

1118

4249

18107

20119

22605

2227

3770

21793

3285

24720

24907

20307

2919

9501

4510

1001

22066

2789

17989

5214

15274

3813

11791

20481

17501

2639

14197

25202

21058

16699

6100

5320

25204

19022

7162

16325

6777

5915

7298

2168

1403

8284

8557

2075

416

2132

10279

5182

24214

2266

2435

10620

10612

1286

4789

5119

11240

15047

15518

14719

6196

5996

12980

1515

1210

22537

2005

9183

1485

8529

7196

11402

6071

7428

12779

23499

6459

25207

13257

4897

1497

4394

10735

2623

10067

6552

24344

12518

979

13990

14129

16379

25094

6073

13299

6057

6193

14854

10929

9093

6154

3542

10633

5879

8445

8985

3474

9009

18176

11752

18299

1744

4689

1058

20923

8946

19418

4748

22056

23738

5958

10848

606

11924

4787

18219

3752

1481

20664

19791

3835

10105

18461

8176

19199

2239

1307

16286

2891

4961

1813

12926

13762

17260

17004

7879

2241

15437

2621

5004

5815

7160

7178

657

14472

6721

23515

1741

4516

8473

12536

11848

10846

22677

1415

8539

25365

11618

4857

16147

20672

12291

9173

5481

4457

5779

19962

23937

9244

24377

9278

17950

3795

20241

16752

2298

13538

803

22883

1553

23202

12973

5979

14830

23718

8029

10905

10866

5224

6839

1005

11894

2628

905

17379

15160

11561

6996

22324

6562

25517

21546

17795

8909

5649

5872

11845

21661

4492

25118

4614

24316

3527

3045

8999

3305

21624

9389

2663

12294

16946

13663

6244

23133

16721

4451

19937

18596

7108

22473

23750

5921

22074

9231

1320

6833

21246

21555

4510

999

10735

10433

5026

5731

11435

1110

12896

1092

7225

20763

18119

780

3798

15802

2588

20343

1366

3755

1359

8800

12353

8262

7617

4797

628

6040

253

2536

18455

10247

1382

4603

6270

13029

391

7108

16093

2359

221

15382

7012

19936

1967

17253

23838

13554

10141

23247

13512

14268

6111

2504

6457

9620

6285

16916

15915

14194

20332

17702

14458

3834

3269

275

14302

14809

1573

18713

6865

3778

6080

4583

1839

854

21089

5986

20502

23402

14519

2227

2722

24160

11319

3653

21721

22674

3077

17741

18803

19600

120

6551

9844

21763

5955

8567

8947

13894

24772

18138

3995

7881

1918

8667

7218

6737

13018

460

18980

12762

2995

9815

432

16041

25139

10663

19071

1581

4902

6486

12847

24479

3667

16381

21795

12280

6719

8080

13424

24707

15306

6516

15082

11661

15705

18688

4081

6143

959

3282

2660

5607

23182

16456

21632

3517

17436

9349

12549

18989

6119

5941

25486

14679

20443

19723

18239

9306

1216

1244

1789

12728

7721

1514

9419

2976

11513

9197

11580

20436

6060

4376

7892

12941

18661

9034

6654

20292

14485

9128

6833

10805

2668

756

2068

25179

23406

5490

16184

4756

16008

10399

4629

25270

20040

4274

9016

18904

6385

4008

14252

7255

4267

17079

6980

7704

18800

23580

14415

3441

677

3003

23240

5940

14288

6463

2745

9119

2072

11734

16393

7054

6490

19749

6877

2068

21324

6964

1465

14665

8198

10386

23866

13469

5809

5931

3492

15555

10867

14211

6979

12242

13336

331

913

2402

4154

4029

5682

1488

2256

1928

3218

8178

17524

676

20876

1540

4143

21808

1519

1717

8483

19393

10443

22154

12086

17043

6277

20306

6050

16905

3161

9205

18671

1454

1116

3423

24894

1685

5373

20910

24451

25106

10064

16548

11879

13703

13427

10819

13969

22565

22267

11667

15003

5564

467

3748

633

14827

22401

22098

2604

18601

23367

9800

2866

1247

6883

14341

6900

5967

12815

4112

5147

917

21358

24197

1537

4919

7736

4367

25115

3274

9218

5206

19302

25436

7617

17765

5483

12860

20729

4862

608

22629

9897

20357

8698

25496

2895

12924

2706

10496

22502

2426

3104

3983

4901

6666

14865

1995

10684

13080

6604

14215

951

2899

3747

20853

7258

9133

4275

8158

1066

1439

24003

15694

1331

5384

4134

7037

4937

4455

1018

3576

12734

18133

13127

12161

10604

21519

5504

16496

12672

18793

20303

23917

1262

19984

3559

15462

2107

4679

5560

14236

15948

2979

7272

1187

23823

14899

10083

8252

1380

17727

10684

701

10762

4296

17355

23607

6380

11592

12812

10702

20630

19574

24146

17107

1384

751

15643

16747

22419

14843

23403

2778

14274

20602

7003

6007

6713

2380

9100

2065

11600

6997

5772

12100

2023

3252

21695

1729

9425

1682

5066

3295

25008

4464

3520

2429

19738

7603

24275

15665

1545

867

4298

5421

4835

1627

16091

