9568
2103
3865
12121
16
6010
2262
4599
7842
15345
24234
13487
19195
13682
743
19008
2811
5230
19686
22708
8686
5634
6809
23119
11236
25174
8030
9442
3380
24983
4321
23866
21185
20110
14632
23285
185
24049
932
5894
13723
11843
2990
25511
1264
17246
24215
14734
2185
3609
5360
16479
6560
14869
15396
3286
17387
5331
23947
5552
16713
11790
11159
13816
12371
4105
1247
3929
21681
16198
4500
20609
15007
18097
5566
1673
589
12693
6671
9693
3594
5316
731
18885
8239
23522
6132
11264
23004
12371
24451
13854
7475
6513
4941
22648
24009
13730
23763
2690
21576
14694
7117
4178
15757
5971
7735
22919
2653
2629
18228
6405
6992
