1083
18417
5854
1598
21415
17214
16090
22938
1582
505
1919
24909
22954
17176
8861
831
1097
20934
18327
6568
17033
6632
1394
6170
24060
2821
17489
139
10782
6919
4743
22928
23581
24128
5589
4240
1038
1884
10754
9959
10423
13329
8689
3944
15638
12356
11418
7997
3367
9142
847
22977
1673
13551
4407
16943
1293
12839
4271
5138
2101
1947
8442
1194
3029
209
13791
23152
3864
4230
3210
7264
15796
3493
2251
3065
15530
16334
6781
8902
9189
2919
5327
20938
7245
16165
22680
24491
18671
1393
6601
5315
24727
8290
19425
24205
4907
7485
11500
1043
4759
3671
7952
11191
18833
4006
5094
