15380
4123
16217
6244
7478
19541
2534
4208
7841
9977
14539
9368
5941
17108
25051
16394
2531
10345
10875
24288
22856
4423
4555
9386
9973
1073
1278
5416
650
3918
6430
6734
7445
13556
3600
14793
22168
5248
18826
5716
17157
3233
8059
5241
2601
13770
4283
11587
19858
18384
22079
131
22477
4613
3579
24177
178
19733
13566
10905
15530
604
20500
10454
24367
16110
17825
16670
3206
19101
1082
18553
23156
11595
11467
5628
8794
10975
6533
18830
664
17428
23031
16467
4000
964
2956
14835
13922
6455
14007
12204
19635
4973
5081
22469
21382
19765
22585
23776
1187
5854
22969
16847
657
22424
11760
5481
