4793
9239
12921
2999
16293
8522
11940
6598
21631
4594
23976
2529
19717
10126
2648
259
19844
15390
3800
19583
433
11034
5868
14581
10544
23472
5359
16795
21841
5482
22017
17563
22368
23716
14842
1341
23665
10283
6947
23874
15505
3527
22172
7730
5151
19137
8777
9027
25311
20583
4453
4666
1372
7647
19338
19807
10189
18670
3412
5516
4086
14500
12424
22993
2891
3602
3372
15140
6913
15787
21327
15572
20388
22901
15947
9576
17856
2555
20065
4492
18061
14285
19874
13420
5639
455
1436
18963
281
14404
9491
14333
3308
12965
21783
24430
80
7376
7018
7719
386
7872
16879
207
99
2523
5991
9149
9604
