3594
3942
710
2309
17472
11954
11344
23881
12996
6372
2026
4045
6428
3110
7125
3665
2819
5593
14027
19847
23281
18914
21877
1338
12880
21517
17818
24546
23654
397
5531
1875
16085
9316
6265
6200
791
6559
13465
3837
3399
2979
21920
14461
4978
1060
7272
2840
301
3634
5111
1934
21329
6493
12914
3565
16423
21051
2966
423
21909
14714
12739
3172
234
20223
18189
1721
3618
2550
8866
6901
7542
3155
20793
3176
4203
6395
6324
7917
20901
13661
19078
19556
8729
3182
17832
3088
12917
18390
9909
4652
2161
17276
10891
23448
2117
10718
16300
23430
10743
1969
18192
19159
21650
491
1706
9821
22900
11513
18880
20922
7825
