2743
17153
4403
275
14511
12390
8668
17050
4014
1154
157
1362
168
7308
9709
16767
23360
13442
23680
4969
5489
1432
6984
6920
539
5730
6036
1386
4542
20790
2922
22391
19860
12617
3213
15164
23420
11576
9564
11437
15269
13756
6230
5921
4644
6973
12097
21352
20903
21135
6142
13602
3924
21438
1109
1099
7185
12960
998
1609
14444
20499
1058
19319
24
20717
20805
5576
2995
8494
4624
5510
11656
1119
3255
5255
534
1927
4594
4407
3391
25143
4513
11789
7106
14882
22925
15164
12865
18712
2130
1406
13131
3703
4431
12889
18842
14088
7377
2678
24554
15986
5836
13823
2328
17747
6691
1022
22211
784
20488
5356
8531
6532
