11962
4121
16201
19093
6967
4375
11366
18306
5774
8577
8634
14419
8933
1542
7534
23870
24407
2830
22827
4884
23356
12413
12891
14132
930
21949
411
10281
22176
18273
25144
6520
8824
15390
1410
22243
13587
13233
19883
5037
6321
25375
7177
279
5222
3886
12261
6637
18466
22667
18114
6136
7248
4901
19673
970
8739
290
16809
6381
24857
6007
25357
6236
6316
6379
426
3378
2891
4381
6714
25177
3823
12483
2221
5535
7621
172
4282
4500
18241
7528
21608
16089
4264
22110
15457
16318
14525
23086
12997
24997
1865
20941
5194
21331
3213
1993
16279
1621
20486
22140
21939
21130
3542
12270
14519
14242
13983
23529
7855
21225
3113
21300
