2651
3762
4314
23868
9451
1618
898
15447
12380
5545
8440
18685
13453
7495
25194
6708
17253
21532
8389
3716
1031
20866
9186
17983
19271
8499
5863
6934
8877
15205
1829
20423
16123
1923
21440
22748
1575
20489
3403
20568
22206
9610
17786
7815
2323
13066
19967
1562
6411
262
1242
4470
1264
10477
555
6522
15450
5249
13837
1700
13290
1303
913
10440
13192
12422
5595
22320
12032
6996
19174
7279
385
1949
19725
20559
13338
11931
24311
9507
14099
657
2866
8764
1918
25194
14036
3965
18295
15908
19438
20844
17993
10576
7383
13261
4983
24339
25245
9718
22610
13759
7173
599
19488
458
20292
7111
24223
1607
327
498
6894
10878
