1808
4126
8364
5326
5131
11248
24244
21609
3455
463
4579
12134
5438
20966
9943
2906
5105
7286
16931
6778
2267
9437
3708
292
848
530
10367
20436
17273
7313
19390
2123
5062
8022
3871
23122
11857
22154
4213
2559
817
6921
4012
3140
3400
1429
5830
23282
5080
14338
1012
7023
24601
25280
813
14342
24438
24838
1237
430
14098
7313
3097
6941
18384
6514
951
6067
8557
18262
16646
10734
672
2515
11503
5059
7751
19870
9261
9954
6202
24924
556
5582
3340
24238
24934
17533
24981
17809
4696
5975
7228
24743
19647
8992
5226
13406
4922
16256
14967
24186
13950
9530
6109
607
2791
17539
1541
5632
23019
24293
234
