21356
22396
17674
5146
19264
1536
5994
3083
13043
8864
11763
6449
25212
455
5726
22473
22373
3759
16697
20736
16087
16085
12761
3899
11859
9780
12986
6424
3463
12336
22313
103
12242
1542
11486
15876
7742
6108
7642
12280
3965
3817
238
14226
4938
17677
23670
2477
1814
5544
22281
8214
4626
10120
22708
4500
5779
4392
24012
4157
3789
56
4861
4834
16741
12391
5889
9132
2925
4233
1395
20322
15916
5964
5788
17630
21886
19039
25015
5374
6513
3697
16190
16798
13805
195
16594
5720
22259
9777
4054
2304
4886
5984
17799
3696
1187
468
14203
16105
4805
12971
15835
