21481
24621
889
17981
23347
16903
24111
5178
5189
21255
1390
1837
25218
16791
18667
19136
14214
25387
1353
10387
9547
23612
23
15335
18458
6293
14567
21760
14627
17681
12805
6839
19229
9529
5568
19820
5173
25039
23912
187
6937
12105
18525
9419
12379
6054
345
3879
2639
717
3924
21907
22008
2400
19986
7632
8472
16813
16303
3456
12511
21821
21734
24312
19550
4672
4557
20132
3614
17576
14037
7249
321
13489
13716
15661
3045
3003
22252
15455
24071
16466
4062
12663
15210
23394
2014
3862
15721
13937
19945
5179
2470
4686
15879
24861
810
13325
5711
25380
17585
20412
15792
15080
16089
8241
14283
6411
4923
12921
19530
4075
4838
23867
23174
13484
23772
2174
