1478
24618
4773
11780
3989
20589
6484
476
15873
7202
2544
2304
12351
1138
975
10617
1538
6433
19652
5269
22474
1341
13718
5154
4607
1009
2306
17550
23804
3489
1745
16850
4210
4081
9930
16673
2412
20438
3903
7672
3247
657
7172
21870
24380
3828
9827
3307
2291
1827
23809
24882
9210
22299
20790
19578
24723
11596
19112
18229
13742
5998
9692
203
17782
15502
9325
24224
2234
19379
11362
2108
1621
9238
5071
25044
5938
5612
12985
5476
3150
1779
3660
24400
17377
4897
15494
4587
8398
7932
24996
10441
398
19090
3970
7168
5627
18275
1913
17583
6625
7550
5507
4641
