6635
24811
12885
4616
15189
8161
11521
2537
22266
11660
10988
22957
2737
14192
14430
7164
1735
13431
4242
21751
21550
5707
2481
17546
16172
331
2666
745
25309
23894
21737
20218
25439
24653
20096
2899
19420
3343
7721
2081
14171
3807
20861
21313
10901
2859
20194
24667
7713
1842
4860
11311
13798
6581
4253
14009
11672
8863
16474
1165
2971
16409
20859
2495
24203
653
7030
6065
21023
9560
4376
10223
15470
5434
662
7439
1480
2004
4096
24208
5545
3358
18853
5599
3025
5798
357
3700
10965
19069
12512
2784
