14784

681

20498

16933

6503

23317

1229

17171

4000

8015

6207

19285

20398

5983

1055

12774

1586

684

3296

2417

8509

2056

15782

1364

7065

4439

12130

4056

5602

10705

18390

3841

573

14249

17653

23181

11234

11847

1604

24945

13397

6389

5287

6899

2217

11301

23053

7141

12706

9034

5947

22813

10312

20117

20895

3405

5053

20201

6546

16570

3439

1389

15555

7135

15752

12222

2124

13332

3543

13694

1581

19321

2841

9965

892

2929

4437

1254

14990

6009

499

4680

7562

10031

20194

6337

21237

1760

314

6386

20858

8325

6435

21525

18993

23545

3610

19747

16797

5574

3954

1929

22951

17508

22598

5212

19157

19674

19811

4957

3592

2366

5663

11759

13654

6816

6665

2140

4833

16299

5767

3246

25504

1623

6332

15542

21723

4971

3857

20140

719

5396

5570

6060

19990

20068

15600

5968

15090

23919

2781

13148

6506

12883

5079

5439

24352

10596

23913

10558

12554

3024

25214

20000

7381

6163

462

9706

497

25443

3581

13121

11309

12808

3362

10009

7129

11419

6478

24166

128

6117

538

3924

24893

23164

3167

9899

5080

13046

22318

21952

14173

7324

6043

20371

2508

527

20613

13916

13761

4142

24378

14724

5890

15102

4946

25094

22472

24985

3768

4443

2086

5867

22249

11784

10864

6155

6042

308

6961

557

4938

17611

6751

10803

17767

24507

5037

19728

5664

21754

5488

15184

2146

24582

1809

23216

16271

17063

22112

12338

6598

16997

6941

13718

5953

22064

5611

24073

17905

921

9951

19718

5931

2369

14784

15006

270

3459

3715

2430

20283

10393

1364

3160

2289

585

14660

6196

12321

8205

11460

6952

1655

24655

20717

3622

8032

3753

4985

24292

8482

19606

14230

13051

13957

1271

24489

12450

12206

10076

18128

5443

21719

6005

10841

5720

786

18897

25428

18793

20699

4187

12120

389

2711

6686

11165

6225

10280

7714

6453

3519

7597

15084

10730

8835

11976

892

9298

12107

4447

15416

656

11109

16179

18656

1493

22139

4708

19030

9488

11696

1861

1913

3957

4385

10851

24049

6099

6450

10868

2869

5902

7416

3055

2485

6822

732

3234

8108

6353

6388

10079

6898

3660

18104

943

9096

918

13577

1015

633

6164

21464

1729

18022

19628

24977

18129

23313

2469

16650

24238

7387

4464

7115

6557

17045

718

2435

14558

20470

7333

4273

12908

21004

8554

8639

588

19920

2061

1166

11379

23608

9186

9880

2531

5549

20661

22872

62

7261

2598

3552

15799

22941

1515

1128

16814

22877

10769

22114

23569

19220

5654

5543

13030

12459

24063

14143

5063

11998

3539

699

4450

11082

6696

20592

10100

6765

21605

15156

14300

6134

10705

23270

149

2117

23802

18734

1726

4161

16987

22528

24325

2042

18654

4470

1563

17662

13446

16911

2410

2426

1900

22423

12803

4651

7071

15454

6679

155

2123

2517

3655

15520

3534

16964

8071

12241

23361

22004

18454

1637

19429

22716

1781

15657

6820

968

22471

24114

3539

15603

8192

3016

2954

5502

5224

3910

9421

5336

5416

17008

2190

2030

141

3597

18142

8028

21471

5837

1437

314

2015

6750

9156

59

942

24965

20138

3764

15819

2806

8655

25260

3191

23732

3439

14971

3310

25009

3771

17618

24963

14070

1723

14504

23101

2496

16805

3163

5623

17406

8413

6553

9517

1847

683

17297

6800

11217

12114

5500

7242

6646

4639

11730

21048

7063

1716

11777

19524

2057

332

5028

16552

4398

15009

24135

20878

13171

10953

205

7811

6787

12707

15673

1592

22229

3303

801

6111

4789

21643

7789

13330

6627

20259

22880

24456

21187

16377

9966

17198

16621

3584

5752

24292

21187

3721

6208

1721

23894

2956

16959

747

19465

6391

4040

24370

6387

24344

2386

23845

19763

13161

17599

1575

22949

9691

24619

3268

1399

23995

14209

8797

2946

5557

19872

17699

925

443

21444

1466

13926

15214

120

9856

4303

1665

4905

16626

15195

3841

3029

13961

20932

115

3892

21324

1098

8976

6361

7670

1332

17649

12980

23240

9747

21666

1832

15381

2430

10542

1451

17560

11647

6306

14777

22446

6734

5192

20182

6256

12698

7335

10924

19745

22346

12341

24662

7122

4910

4877

10582

16519

3541

6799

11158

7396

4053

18427

2619

19562

20450

4680

6940

1834

3466

24249

18683

12812

12206

10891

6488

8558

15959

303

21514

2433

21585

5211

23284

8377

1831

720

8642

3505

10755

17115

4289

22960

1811

11361

2321

16146

4415

13708

5882

2847

3164

20283

18654

12015

4046

3610

9549

418

7218

1123

21198

5229

7206

19472

25000

25303

15608

16207

24594

2209

16437

25302

8214

16810

2742

6851

11800

7295

211

1039

4442

23451

22843

5905

5200

1785

478

17302

443

11695

21832

22558

12750

22147

20575

24959

6020

8930

6312

21789

7951

8040

4979

24366

387

17847

22929

6010

7450

11677

8270

15771

6957

2862

6961

19969

17848

13057

14236

4062

3235

4715

23913

6400

15267

5416

6502

11412

24276

24994

19649

4353

22969

3752

13754

23723

11100

5785

3820

7899

196

6013

23392

2945

19599

2315

338

4584

14400

2004

19609

5166

3519

2066

4899

20217

5966

25495

6306

25241

23212

24495

1037

7132

19115

2832

8854

16391

3205

9483

5125

9907

2771

19893

2270

797

3010

19195

9423

24169

1620

10538

11074

16380

6998

24345

16402

2008

14985

16433

1285

5250

2616

7631

14440

2596

2297

6257

9410

11826

25380

8699

15637

3892

739

11848

1709

9159

7041

5561

2571

13586

2781

9539

6754

2413

10254

24957

6217

12094

1403

5004

3519

8684

15095

23737

19862

1162

5828

9387

25267

2992

22167

6673

11291

5449

14028

494

11222

22354

6876

2431

772

763

24766

22556

8376

17425

802

17212

7725

14040

9777

12509

19816

21651

9365

7550

4735

15284

2848

2176

17217

6561

23934

1516

24625

13727

2696

6303

18286

22073

5124

1840

16052

8046

25192

5817

1296

18852

19089

5377

12352

24342

10116

22153

15035

17626

19895

8360

16567

4474

1157

1938

2425

1080

19045

21978

6135

11501

19502

15156

5167

13624

2482

12199

11190

19563

10890

1317

20003

17011

1447

10189

2515

17560

21568

4305

3238

1008

6467

803

6202

24805

13873

20482

18148

3168

12358

4014

21069

5190

9916

10997

10420

18664

4979

53

5431

6775

5246

12552

17032

13122

2790

3198

13397

17447

14096

18542

14757

3616

10682

12487

13979

3103

16031

23973

5158

5888

25063

13081

19925

21327

1138

5214

23497

9860

17138

17453

5341

4697

14908

4883

1436

24767

3429

4972

9239

5938

6788

9668

5317

22450

25021

7145

16316

17288

6348

2445

633

11326

3614

17842

2337

15423

4281

44

17472

8748

12287

12673

11937

3098

4999

3839

2307

20420

7147

19887

6905

17651

2549

4634

16362

20082

177

5067

9632

5023

7009

2248

14545

1589

13021

7069

17180

2902

13724

14094

14466

20765

16571

19590

13472

18797

524

3879

10344

17697

5176

2988

14272

16287

20347

13825

18135

19096

5127

2622

14198

18732

2284

24326

22161

22573

14263

607

5881

