11696

18529

1896

1639

9361

1301

3216

2025

960

21746

10922

7333

5527

9256

3531

6010

4092

19257

3026

3021

19817

9705

19819

22163

13945

22477

1522

8231

23414

16848

6453

14149

15873

10227

6153

3849

18962

1806

13504

24164

7216

6689

5240

6476

19876

3782

9086

25211

6258

2354

13969

22236

4748

10760

16280

24183

5787

3218

24137

19007

23962

4784

4439

8665

11282

13338

2383

8223

22854

7103

22266

24918

23844

14918

4152

16563

10525

24727

20405

636

12623

9308

14958

549

10038

4646

20525

15899

25145

373

2636

22165

5526

6156

7122

2132

3261

3113

24571

6586

16199

23913

2182

5977

24665

1289

17375

12746

17433

201

15121

15487

20214

21674

6203

23768

11593

1063

22511

23613

15884

18813

18853

17415

11069

6416

9596

11368

13503

7539

6364

14624

10425

10007

11493

18264

3544

6080

9127

19230

6219

9381

19988

23701

9837

8280

15306

4618

5478

4027

3120

24554

3738

3147

25013

20729

12335

11086

12224

14806

14579

16331

7256

17013

648

4941

4623

5263

10924

5774

52

11166

2425

2240

12693

6507

11381

1683

5947

6979

11229

4936

3259

12181

5440

1980

889

6366

1218

20128

9973

11019

2610

6589

19159

18363

5481

6534

21571

3260

15288

829

1773

12759

4332

17908

20074

5344

5540

21771

5671

23571

6655

18905

3819

3710

24974

3682

19139

1346

568

20882

21391

22245

1189

11835

6754

14329

5524

7026

2189

14053

1373

327

13203

6372

11920

6420

19801

23116

22213

17332

14743

1872

22403

11766

20132

3638

2501

2053

15662

1598

20528

24244

16100

21486

6554

16316

5761

16888

12257

4182

4838

4679

3181

4795

2040

1786

5324

6914

5934

17537

9318

22720

5871

11160

17991

5779

7711

10875

296

22072

12036

1413

188

24760

12615

5477

16664

20724

24599

21575

2494

4774

16650

2457

5639

16103

25464

6870

2788

2003

21577

2610

4134

4955

15752

6050

5732

10635

14600

11843

16777

24734

20818

463

4120

660

13198

23809

2310

9423

4240

7607

13210

24924

12036

25423

9869

23636

11343

2079

2629

5569

2631

8727

5540

16639

17282

23068

21741

4905

14477

16267

4935

24013

5250

3895

737

12032

3697

22129

1439

15871

11374

3288

6696

20333

22053

9730

719

7629

5735

6315

4843

3820

3185

17126

10715

6620

3380

16879

20119

23682

4510

17836

7006

24660

10706

15034

21800

4213

19170

6276

14108

24375

5148

20713

1633

7003

2863

6370

12149

4708

12971

11072

15062

14119

6356

25368

14814

9303

23358

23949

4085

5498

2014

821

15941

15085

374

6208

6509

4606

12618

9414

1755

2924

1257

22538

4124

24601

3602

17029

3572

6048

21015

5968

460

15531

15293

14870

7838

17114

11865

6277

606

7346

18769

2664

8380

148

19615

2583

23213

24128

19167

958

11670

1293

2709

20868

14663

5292

6045

1481

19909

4621

1313

7945

17695

10839

24042

15846

3166

6241

18256

11298

23875

11396

21044

22215

10120

917

6135

20302

10992

24570

24589

6785

16327

20231

6889

11230

20982

6907

22961

5339

2225

17061

7310

24922

8534

19147

10296

9658

5258

1933

10024

15466

17078

16373

6043

12950

5108

22323

16267

745

1659

16881

5605

21711

4695

11277

5772

5548

1802

19960

3192

2780

10014

3576

10556

15569

3956

10508

818

1186

5839

13094

3628

15295

8874

4551

23908

17609

4614

19944

2345

3682

21900

2920

24640

2413

14888

7956

18701

6743

17758

196

21478

21230

2591

13549

6182

20631

22307

3974

6053

15412

23777

6750

6600

5404

19035

7298

20789

4240

17968

5850

2295

17803

1515

4560

7391

5824

2938

1779

1282

5008

14751

3724

15878

13153

24929

7084

9474

6033

10843

2312

20124

6214

7035

2792

13670

591

18063

6909

3014

929

20034

12261

12271

19204

25414

5368

5242

21269

7076

4471

5578

17609

20648

15511

9936

13039

18148

1030

4637

23330

2453

24754

20595

13108

3713

15483

14112

9974

25477

2105

4353

1312

12865

116

11959

7546

16108

9081

5946

3585

16147

22124

23614

16549

14050

15096

18210

6303

8934

13652

6905

20389

20818

8353

1584

1002

1920

13694

17190

4655

11855

7813

20086

4236

22392

16164

4670

6123

14774

10198

2555

522

2750

15400

12741

4698

22901

2095

6173

1885

14906

17989

4267

4961

7741

5153

6249

16677

24192

22672

23156

15704

4157

22822

209

7055

25112

6995

13960

114

20561

19712

22913

17903

21266

1377

23276

4949

346

6920

20972

3322

4486

10631

15376

12383

19867

17877

3149

24928

252

18624

15729

3176

16521

3777

16533

8566

14120

4652

24889

5559

16243

6669

1789

12309

11502

13571

5310

1987

17950

14729

2558

12448

2561

4530

21017

6672

6178

33

13699

6985

18285

1267

2463

12673

24956

428

723

2456

6131

3082

9952

3970

979

252

6951

22467

2470

3530

1814

458

10694

4873

9187

3593

21294

3545

25439

4934

1359

20046

20994

628

809

23277

10876

15305

25369

2246

2941

9540

5034

16076

5209

4006

23079

2284

2506

4966

10381

4692

21168

3176

6378

9801

2599

14963

1848

6213

16510

14985

1923

5910

2596

5329

21363

654

4624

5703

4677

645

2085

12349

9367

15746

1405

5491

16156

16432

12525

5721

13278

1444

4449

381

1970

20018

897

20874

3626

9122

5861

2799

24256

4158

3683

18600

17001

531

4062

5873

6141

25192

4494

13642

4769

23260

16360

24456

3084

19008

15473

25066

9133

1667

18226

9397

25296

9459

24095

15905

11485

7067

25045

19991

10142

22912

1887

3613

10304

15373

5667

3128

2163

1815

11161

6866

768

10664

22568

2220

1253

13697

13688

25145

19683

648

21784

2254

3990

1509

13960

18011

1154

22049

1865

14363

16228

24963

5724

16088

14839

21452

4186

15868

3284

10980

17384

1981

23150

6394

16180

6007

636

2365

284

20815

17454

20993

23530

7171

24209

2887

1307

3527

1187

1574

15274

19228

17006

3925

18397

4671

2117

11171

7072

24215

21888

18644

5906

25251

15663

739

9558

2563

523

6872

21218

18040

24126

6918

15389

3441

6398

4159

695

1556

1786

7754

4059

576

3469

6255

1238

6958

4017

697

23644

6426

10167

7030

15781

21113

4271

14821

6158

22582

9179

10858

18591

6154

12222

24640

5725

19419

22055

12137

10302

2794

13435

20896

21668

10015

15765

7359

4626

15163

17546

882

3160

867

13286

7563

4181

15896

5458

2545

3868

232

7407

17993

20198

23831

3535

262

19453

1495

6226

17278

11907

18094

4420

4823

6771

2607

12116

2692

881

15923

5211

20440

20352

11313

1803

2593

10277

19384

23412

10483

6111

2489

3651

22777

11868

2142

3304

10985

6552

10798

12151

890

3583

16408

25201

5204

12829

22706

7108

11477

22177

16057

22473

1072

9945

7014

2519

23496

23959

25264

23674

10677

18026

3618

4286

3492

3042

23446

502

4635

2799

1032

18632

4502

7191

15879

11367

18728

11429

17993

2710

3664

22559

13178

17251

9794

21287

17108

4335

19768

18860

10597

24812

24424

17526

12336

3001

20116

23418

742

344

18384

