6360
2498
12729
14198
6867
24757
2094
4837
1520
4645
24964
16184
25472
16070
4903
13261
25281
768
7065
4639
22407
887
14250
3038
16177
7630
567
5117
4874
3189
23326
5745
18696
23704
758
2526
1464
72
25194
5517
6624
1694
1437
18986
1497
3759
17558
13706
22484
24535
7511
24398
95
8082
15421
15475
719
22689
14161
10302
10544
4378
4760
10970
1847
16034
19564
2503
10872
12150
16928
24558
6519
2101
3899
3916
22000
3639
17048
10827
15144
4926
7601
14178
21319
4119
7336
5789
1710
25539
12418
2146
20770
12524
10324
4094
17324
21100
19155
19709
