11155
42
2043
2984
2588
15033
5358
5680
5290
1369
17364
2849
17482
1710
2825
4982
1030
3631
4896
4500
12953
23875
9903
24703
1074
6643
1749
5311
18206
19804
8449
7638
2616
6464
23994
22226
20256
5795
10314
5597
4271
2053
4263
7678
87
9904
12809
10862
20290
9551
9989
12875
23091
2310
2104
17955
14247
3206
13235
12898
13091
18835
10904
12174
11842
24641
10735
434
2778
152
23368
1879
1868
25454
19555
14839
2507
9696
3797
7228
23351
12529
7622
6804
21417
4121
23759
23149
4518
14816
20563
5423
5288
18159
2711
15278
17791
6476
13827
