733
16090
24398
6083
316
7968
14833
7848
4781
9579
10561
12080
14933
6366
10873
1479
15049
19045
21400
7917
4616
9879
1220
7986
17144
16337
18964
13669
20323
12648
2591
22036
24856
2304
14268
6509
9252
6020
24946
14776
20234
18955
13713
2516
23857
23009
25246
14751
5274
5061
6162
7021
4436
19571
10959
15081
11133
1659
4448
1035
21319
11004
23133
18146
19028
7601
6214
12352
24420
21971
10313
15361
5411
17317
3153
7181
19798
635
4686
6474
20012
4145
78
15737
16285
24099
3302
8572
951
23502
20246
23879
4884
22744
13158
9809
9815
3008
15643
4243
4037
14712
5155
7294
17650
13626
6447
