13330
21235
20294
17575
8672
4467
8777
10044
1536
6469
2666
1827
23685
9779
10709
10297
9100
20890
1537
1060
1546
7245
2732
20848
2874
10163
4033
25132
8201
7945
15312
2519
6285
20929
23923
19956
2937
6294
7834
18350
13114
16644
15825
13818
7201
21431
5016
16167
181
20780
18576
24849
22483
18753
14684
5055
4654
5425
3515
7007
2044
12949
6704
2013
5624
5512
18110
1291
2038
18519
20716
11322
1937
3695
1332
13102
617
22043
21143
4236
24174
8096
25529
6217
12223
1629
1004
3921
16186
2616
13680
2699
1387
1301
4837
3346
11112
17884
13981
7611
22749
19204
6405
13821
12576
11879
15297
6846
195
12791
22902
11531
6988
6528
25238
15745
1210
