2280
5833
2145
15181
2325
11162
5726
7534
3580
20059
5046
15550
7943
23445
1120
11939
850
6956
15979
5398
2408
12517
7181
4449
17154
23200
6481
1188
15514
23954
15997
18182
3039
9073
7096
11227
213
2120
1446
6267
5866
22589
7057
15773
4911
6373
18497
7298
18105
22846
13806
8176
3585
23161
15479
4306
22222
12965
10638
3646
3141
18213
2974
21312
3144
20009
20064
11406
4264
7238
355
7622
602
8640
21346
14200
3024
6271
15294
7125
19315
24676
21218
13549
6896
3762
23620
6467
8706
10663
214
8901
3138
5885
14062
12945
2447
14769
23756
10277
279
15985
540
1378
