7012
210
13709
7673
16154
18830
17537
10391
9417
17763
1562
18686
3524
4979
7764
10295
24361
13346
22152
15765
106
19094
4386
1071
8569
10888
18230
24407
1896
5503
23467
12683
9524
10217
1887
8577
10990
5052
3423
3777
6898
24568
5069
14479
11313
185
3646
4653
23092
1862
4547
18807
10208
6794
4929
6167
4261
4775
3100
6859
10627
10555
2518
849
3910
4203
9376
17030
23260
22688
3178
2636
2402
19138
13454
22624
13656
12027
19913
19037
20749
1552
21272
9362
12350
19528
3697
1572
1935
1575
4813
20411
3654
6599
1561
14538
16663
12235
1957
5119
7177
2034
15951
