6543
8233
3627
17525
7503
6429
9686
18123
19817
6545
5530
10057
19082
3660
5665
6569
813
21957
5276
24948
3740
1926
13071
2844
21776
1133
5524
11229
22447
3754
14268
5935
7683
15271
6042
25486
20406
23871
23906
3186
3806
17805
23158
15128
3951
3774
3316
11569
24172
13009
4094
1498
19496
20138
3388
2427
5117
6548
3022
23158
2350
2408
13415
5288
3998
10417
3696
24158
10834
7162
5827
21352
25046
22404
19624
23132
12997
1106
14308
3184
17703
5767
18450
5336
22668
4479
14765
23759
23290
6921
18431
22476
13383
4701
3423
4291
16093
437
5756
15154
