944
5681
1087
7871
14777
5410
5077
18965
17012
19823
3305
23470
13141
7979
14371
5191
22489
21108
14021
22043
1732
19955
2368
8432
14843
11578
8177
6396
17252
214
19857
21961
14333
21249
18408
18725
4463
18671
5623
23931
2120
5309
3177
12705
5226
23066
4124
5557
10337
246
3030
6173
4664
23987
5265
7270
1865
3552
8959
14741
15014
3705
2096
12703
18859
23919
23901
8142
9221
6441
941
17313
432
22603
22276
3969
4358
6945
6901
17214
22575
491
7638
5521
21160
4625
4721
8365
9683
1096
1450
1541
7216
16096
2405
8295
11386
4739
6190
5413
3632
1532
4971
19019
4835
22448
1273
