1516
5673
22831
3400
20912
6661
19503
11604
5764
326
362
547
12426
10255
22284
1286
2036
12916
9064
6277
15286
7740
25077
19823
17141
889
4296
8418
1893
1904
16111
5017
22389
6379
18566
18187
24825
13704
17757
708
4455
1343
9653
16681
6930
3451
161
4967
10150
4834
4262
64
12005
10606
24921
15095
2383
23147
11757
24688
2484
9253
2366
145
25224
7026
3906
22506
7979
11899
2423
14769
4972
17217
25432
10321
10242
19416
8379
8075
6712
14194
9405
3495
13960
713
1957
6582
2130
2039
19318
2827
372
7061
1283
24906
2479
7746
6373
3377
1696
