16789
14552
3297
1293
6719
17583
24967
4587
2149
1158
24627
5128
3249
7869
4568
1849
5180
2833
1192
6445
6093
1200
2407
1254
8440
5729
6441
1939
12009
23693
4000
130
3091
18348
17892
17740
1086
19679
4148
15999
10547
5447
3846
3359
1408
4101
2919
9306
16471
7484
14132
20374
12434
3765
5203
10727
24846
5815
8715
1790
802
9910
9447
18537
21233
9239
9708
10117
1737
13505
3283
1876
1305
21195
6710
3887
13128
1859
18004
24127
6823
2423
14288
4646
5929
19525
4090
16585
19747
2183
9736
23735
7441
634
12947
3901
5280
476
20090
7020
9912
