5116
4209
25191
10197
8041
504
3295
22156
6612
8455
149
4914
24662
24886
15677
12122
4587
13586
25105
22464
4799
21176
12139
12687
6781
10916
14267
10431
5978
2929
16713
2343
3323
5396
22685
7890
19369
12310
4089
11853
11507
24199
3829
941
7718
1681
9796
12134
22779
5364
15108
4178
19824
9733
11892
18074
14996
6349
7357
11189
5626
9595
8621
5930
4633
20184
1764
6671
22113
19741
5017
16558
22842
20287
3316
7978
23043
17869
22000
4038
3710
5264
13332
8146
2480
18807
17015
11750
18948
11885
1606
13835
7219
21137
20737
20744
5949
2715
20733
24668
