2884
8590
1362
23208
3995
7919
1886
11252
3236
1167
18113
15360
402
17525
12852
2347
5579
24947
2782
10395
10169
1443
6359
12747
21075
17984
11824
24018
1786
6814
22025
21443
22224
214
14465
9793
2348
21520
10971
376
6602
20685
3400
2119
15508
19352
12172
25102
12271
5598
3251
5177
616
5039
634
25008
24957
239
24508
1289
12697
898
5568
24868
22799
17167
3316
3362
14390
22979
20678
522
21550
16019
13837
1612
12058
2108
23325
18805
21227
13953
11154
8718
2498
18424
12988
2129
18489
6915
7312
6336
18104
22168
1085
24637
18950
10980
18111
15892
7850
2842
12720
7972
16538
16594
9970
16166
13745
