21218
5232
20000
9502
1263
15536
12249
17651
185
6369
10018
4948
1030
1318
15421
14792
4184
15744
22297
5944
10973
3526
2353
379
5066
24253
1580
3567
18611
17933
20049
12899
10781
134
1830
24200
2554
3644
1444
2940
15932
6831
1932
10223
3589
23254
7312
5411
6284
14965
16358
3780
5132
6760
8795
2515
4516
12994
8934
24277
4300
15991
5610
23773
16313
15895
3808
22151
2351
4860
1863
4911
10335
8208
6200
15280
5696
14253
13
15275
3043
14576
11693
6582
13117
23887
2458
11489
2094
13803
25105
21607
20359
22904
1527
6513
169
16660
470
22502
3637
22103
10598
16019
9105
12439
20696
18828
22878
647
13975
5504
17870
14355
7472
14304
4438
