3685
3526
23189
12570
7206
2992
3295
5593
22619
15743
4995
1705
6651
14311
17070
352
16477
6162
933
6523
429
5290
16537
7095
4001
10612
16240
2300
11013
6095
2762
3585
9676
21816
7842
23371
15386
1992
12352
6598
1152
11085
11630
5734
10085
5747
22005
1762
8993
457
6942
5473
6979
16916
2765
5234
2669
15271
11051
5186
119
21498
18001
19568
6239
21264
9411
4404
5464
9805
15116
332
3603
12182
17113
15742
20063
1281
18426
1417
25096
8587
9081
24193
21926
593
963
10813
16165
14285
14731
12223
20377
459
8126
4537
22534
12115
15105
14039
15487
7123
3913
8335
22330
25066
4476
