4252
19399
15333
7615
5551
1697
5130
20991
3536
8602
13154
9606
7256
2353
25454
11410
3684
6068
8703
9931
118
891
3854
12473
12901
24056
4829
24948
6856
21546
3685
23372
2687
6827
3079
19229
1964
290
9986
22247
1827
19393
3112
6983
2857
2779
9525
2082
23214
21475
5819
11823
3419
1791
22817
3028
1636
19746
2035
4049
24655
18955
1735
13922
11407
2248
4893
20545
19613
179
18632
353
4298
24785
5456
583
258
977
7078
3213
1617
10628
1793
3425
875
18926
12934
3067
21045
8449
1718
8152
7960
21640
4132
10853
14394
24258
8092
7533
14884
