20809
23552
3213
24350
5698
18659
22335
5397
6244
18387
25033
6625
4969
17134
1999
3744
6865
2587
15439
4831
20090
13750
1348
1014
12070
14100
7490
24555
5843
6841
2148
18823
24332
5579
5028
22845
10966
6703
12226
31
6084
17209
16583
18756
4772
15326
12129
3204
23071
6535
9752
7719
9535
5369
4018
21702
1712
13848
14083
6175
21893
5809
16442
14454
25372
21570
6501
5824
17497
12202
18362
20016
4481
17496
14042
15140
250
5808
22561
5065
5525
10722
2713
13007
6789
24673
3242
4057
8576
3868
17160
19707
20740
15524
6465
7762
10257
5376
3469
14274
17886
2470
2662
1223
95
9084
10917
5125
10799
