8777
5285
11450
8023
1831
7805
10304
15262
1333
31
8601
19620
18647
6355
10251
2473
10776
24575
18800
9367
16054
4743
15239
2193
6952
735
13849
303
17589
16776
6272
15421
21037
16387
5270
17277
15860
19172
13697
12924
902
3047
23570
8087
17309
22261
5768
9145
16605
10174
6863
12515
22043
20315
24744
5766
17671
20886
6246
14354
3176
3740
6135
3625
2070
4064
8691
11892
17480
660
13170
11546
6593
21804
7494
4729
21084
5195
19698
253
9777
19154
18254
2485
12708
12017
20678
5699
17327
324
18383
11400
13362
6431
11821
14155
1299
8595
25020
7042
