22195
3785
17059
17058
604
13654
8422
2019
22830
3143
9236
10647
6090
18345
9122
15309
2431
997
21677
932
2252
6765
6363
8419
7616
853
15997
6542
20637
6569
12175
18230
13766
16141
4493
24251
4940
4037
21593
12118
19359
18745
13055
6380
21851
2123
8681
7505
8847
4200
11961
9899
5348
23437
20540
2241
14234
13058
9605
6360
4489
691
9612
3469
12747
2914
15981
1732
21933
5436
469
23295
20975
4578
5592
6876
3183
7722
16756
9199
25190
1472
11902
4256
7208
2507
18626
3941
10048
13059
24647
5712
1617
5907
22684
10234
20078
2939
18728
19282
1213
