20241
10001
9978
18443
22373
18886
1378
19910
1467
1392
4759
3099
20466
99
15382
4339
6078
4704
12838
14608
21441
16098
13667
4890
14832
21111
16118
14398
14745
9129
11535
7034
1483
240
15378
6655
6829
16764
12555
10409
3066
9185
13004
21370
4808
23309
21279
12121
4972
19265
18481
21371
6340
5316
22199
8148
4002
9015
1965
12497
8635
5772
25308
1875
24441
9492
1563
23395
24262
22206
12544
9257
24773
18028
11725
19362
17012
12102
15721
5469
8132
10800
20898
13065
8901
6945
4877
2711
1902
20336
2153
11081
19422
19003
2832
4185
4634
17015
12831
956
12635
20640
2582
13033
