16385
20112
4487
21353
14262
18095
3470
12960
21802
18100
20766
18842
934
22030
11921
15433
19978
9753
3097
22235
800
10488
1787
7137
663
6511
1790
17493
9653
3878
9709
11970
23790
22377
12469
16312
20182
1391
2897
12357
287
4075
4723
19894
14625
12954
2463
10563
5134
23835
16404
14255
22172
22674
17242
24762
21977
12922
18308
6678
9774
13591
7279
19137
22432
19920
1239
17623
8484
323
6717
5711
6099
9645
8301
18532
11617
13780
18342
3683
18152
23447
25133
18719
3250
6035
1530
9571
21385
10774
8661
6690
