5532
667
2262
22914
14701
6237
8818
1138
3668
50
16525
10582
406
5311
416
6084
3745
23411
5998
1056
7818
4924
877
3269
24076
8219
19727
24357
2479
2207
4558
161
5708
16909
6240
25497
24131
7019
13386
3765
6740
19878
22049
8264
2875
10861
19843
18455
21438
6432
14952
14456
343
2717
12033
3611
18133
3728
92
5073
298
3033
18624
6115
17309
20548
6419
3963
15444
7147
22958
16045
4949
798
23817
11489
8516
22682
8082
4326
11139
25369
15127
16857
3088
16698
1726
4392
23425
392
1380
10697
4865
450
23054
18942
6600
22652
5034
4313
10253
5463
4134
6276
9833
5927
3579
5604
18491
4626
2268
13481
22180
17396
510
6055
7742
