576
15652
22497
17653
16646
3358
21782
2655
11013
7952
23513
20278
3056
16323
21807
24857
16805
10524
3783
8728
5300
2684
21421
14496
7390
21869
4204
1730
1945
9797
15232
12012
16679
25154
22840
1442
6643
3744
14455
4866
20653
16712
17879
22275
5871
18440
10421
10711
6064
2138
1667
21189
13004
5458
3126
14953
3010
24721
4511
24770
2521
8696
4343
25065
18388
4942
4118
1273
22104
7226
4423
4620
6765
2294
13259
16758
3164
2334
4761
26
22792
17950
13530
8875
474
13143
13333
2061
23950
23459
9485
4724
2524
7403
4609
14184
15888
18718
24521
22500
11084
20745
9909
8850
19198
24292
5697
1318
8049
25451
7745
24893
