25164
4113
12948
23400
9438
17306
18075
25479
24400
142
25245
21925
3256
11451
7060
24862
3066
740
2183
6432
7205
5596
10507
18844
3969
5524
11167
718
6295
8659
6070
13230
24216
21558
858
1829
7077
3791
7197
20116
11352
22658
15795
9201
4221
10049
1091
20726
22830
7385
6497
16765
2253
12583
6205
1375
25375
20118
7395
5091
11143
24041
2749
11498
22050
16378
5554
2982
9666
15175
23414
2743
15486
21979
1664
14184
6675
8803
14334
14366
3338
5628
2761
20370
4279
10243
20345
8798
7530
1998
24957
2900
1086
3382
17132
24240
4254
16753
17047
7604
17273
11856
5439
6625
18248
14923
23488
2392
6502
4069
6953
2243
