4004
19048
22173
17975
25020
1315
7176
23085
22814
16123
10549
2620
5292
2461
16845
6090
24916
8943
6318
4806
6799
7952
6973
18929
1751
1088
21237
7929
9702
22217
634
15319
24667
5204
23084
14334
6290
7906
4049
7996
11408
6286
22719
1351
22678
12246
6193
2427
9935
23050
7839
19013
20131
7038
10865
18475
1156
5533
4822
14899
14517
11665
172
20589
18452
2141
5129
1162
6817
4956
24899
12082
13032
20758
1306
14063
11782
9261
206
5439
13093
6643
8497
18729
21087
5507
21920
14932
21734
23792
5483
3410
6402
9521
1966
921
12943
6954
18456
8274
10179
13289
24839
19406
25504
1671
25224
22794
17465
