7352
2402
5389
17326
13555
5588
1323
2378
2655
17980
24530
13710
6094
3531
2384
18692
16117
16641
16939
10608
15213
5384
8944
5630
13566
16637
14417
8512
893
1855
2551
4409
5113
18026
9608
18475
6539
24634
1043
1643
2970
7765
1090
8764
10630
1775
5027
7473
22506
4773
2074
15315
4805
21543
3263
2173
3785
6712
1650
23101
2588
2021
21067
14002
12942
2048
6206
11152
375
13595
1606
385
3580
15466
810
4822
11900
6388
11279
16832
14455
21526
15965
19063
270
5170
4206
3313
25144
22728
12618
12334
3103
1396
20360
19014
1478
3399
14562
22559
24642
20077
12207
