24847
5769
3913
18750
19642
920
8013
5988
1394
12661
9224
283
8188
12045
3166
19768
23485
12428
19409
23114
7520
25171
19007
2572
16972
1315
7186
22793
5532
5111
17099
10643
1011
15977
17916
15434
7245
24844
17566
23061
1614
21423
24949
11740
18181
15907
13034
19709
5953
14872
438
3744
23834
9575
13744
696
3576
8727
3998
6413
5515
18606
1505
2276
6136
2537
20243
11369
10939
16429
4064
14646
19526
3112
10976
24756
2714
15030
16140
1225
19754
7276
18799
17910
1604
11824
4668
2351
1791
17754
19000
4721
688
1877
22769
19771
13563
23074
22811
18031
10240
22813
18275
