8892
970
11847
21544
24680
3809
13603
24360
9169
3307
925
68
1767
981
6888
3198
6551
4334
2321
23592
3545
662
5634
9224
3270
6339
24392
11723
10064
24751
24931
639
6349
18624
22903
4210
24220
12659
15672
13800
1497
2749
5995
25491
5350
10537
17563
5504
11035
21067
19240
14972
22310
6826
1722
2597
2370
14325
17498
12626
19251
15624
19768
5978
541
12338
17811
1584
1590
14048
10175
12821
21876
2517
274
24500
2233
4145
16355
15594
22926
16810
2382
22632
4938
8517
22513
23465
5396
3531
13034
21272
5692
462
7572
320
1414
16802
8376
