3450
134
8884
6726
15915
17543
1409
18118
1617
7012
7237
18446
7141
2232
24769
6104
20919
7546
21917
5162
3363
11895
1825
2592
13509
14786
3835
4560
4637
6060
725
2289
4822
13239
955
16152
6429
7393
6990
17071
7157
4021
3357
20803
11869
23056
5190
4495
6809
17201
2224
18590
7963
16984
20354
387
5237
68
24759
12078
6480
24107
2690
10537
6103
22604
141
11024
16804
24248
163
9001
19922
2095
16360
12122
24852
19788
7030
19161
7571
3028
15240
11248
5794
15612
5093
20655
19814
23466
19711
15677
1600
5379
8910
1491
5678
369
18911
23820
2573
13458
8706
6959
21423
18422
5636
4340
17480
