21780
15567
18197
16103
685
164
9304
3986
5208
3541
17239
1132
1999
17186
1286
4723
7257
3624
5769
6433
9824
5577
18204
24609
20127
21720
20888
20372
14004
2944
4734
16850
10335
18012
12212
6571
13312
12250
12507
853
16805
1615
1417
5534
3826
23112
6708
25464
8146
703
12638
3087
7567
7596
22209
632
9784
22158
2972
2769
3148
14506
2801
14193
1469
14611
21995
18001
19656
1457
19157
3317
11619
24713
11361
6232
1707
1888
6438
5567
14676
25259
4196
17665
1905
19119
14873
23670
74
2390
19497
23622
12883
3781
9224
21215
4532
17000
6666
3718
3123
2927
2721
17179
13067
3877
1967
7045
7907
2873
17084
16035
