193
11168
1274
18005
23171
4082
5511
11072
2642
2126
24119
19606
12905
6768
13470
2397
5457
8086
21774
3046
14209
3683
3027
6002
12484
19871
1235
9400
11699
20476
25155
41
8618
25361
2135
14438
10257
11304
5555
79
5336
21854
3351
6516
14289
2319
12076
2078
19665
2945
898
5811
7648
2087
4634
23728
21447
6952
19982
7937
5467
21035
11573
11223
10683
2138
3889
3084
4972
10938
10521
15602
4811
4273
18951
13883
1242
11897
6611
8002
14235
16282
12046
13236
6722
970
11725
23301
3734
11439
12251
1953
23570
6153
24217
8477
24936
3707
15562
17389
1203
24084
8204
6200
10231
1938
22963
22078
1759
