18699
11419
21954
24207
10190
342
17227
11667
5155
4529
5194
7095
6363
1174
1931
5052
6850
19558
18050
6158
5231
21809
1670
6044
22020
15059
1141
19081
4623
18909
1777
735
24763
12618
10689
19720
18957
199
23867
4792
6565
11087
4785
3021
538
476
6741
10061
17372
5832
12408
4798
12032
6317
15240
894
7164
5207
14606
11824
16486
5047
23410
24414
1808
12994
22349
14387
13696
3988
24880
6265
17047
8640
23232
11223
23184
2981
12385
17587
5495
20857
965
25491
23623
2800
23034
3707
6938
5622
9818
11238
