6799
6871
7540
6011
1337
16365
25030
2503
16853
22563
1728
3742
3701
21246
744
1403
24163
1497
6830
21829
3219
12799
17916
18099
14609
6419
23055
13782
1947
19
16435
22941
16393
9074
63
21436
20570
6485
294
19597
23408
9853
22478
6602
6996
153
4413
11756
23933
723
14352
7588
14214
20662
2985
24671
3581
1520
15313
10819
3233
11330
73
2563
3376
19208
16562
5522
21229
11767
3752
1141
24510
18342
14820
15580
4151
22490
7430
19869
16849
8048
8255
23042
2207
936
22146
4811
9840
8696
25113
3733
8360
21290
25158
5149
2529
7927
21538
17964
1318
8164
24955
12191
25162
21962
8257
17074
3586
1830
17119
13714
3964
437
14001
3197
18971
