9986
6178
6726
23100
14046
11565
21835
10457
14108
4036
5821
1262
4451
3950
21309
7896
15362
2064
8889
4925
2649
20914
2104
9095
2108
1248
6953
1864
7218
19580
19244
597
16994
5872
23265
2421
7275
11281
4853
21921
3475
8707
3665
812
7189
24776
15862
5256
20466
23294
9243
25462
4394
3617
10782
4279
19299
3360
15323
11189
7188
6256
2738
4207
22224
6200
6064
17263
8668
1434
22236
12528
23126
13925
2795
4792
833
2576
15007
230
9390
1942
1943
18314
7124
23590
1456
14454
23035
744
7081
25212
5194
12953
7482
13654
24
383
3185
2520
21425
6040
1572
13394
25096
8742
14388
