9387
187
3771
23825
4294
4182
7349
7509
12803
17692
15093
13404
1542
15903
16928
2898
6009
7040
20262
734
16333
7635
990
2459
7351
1877
20769
4653
1529
3135
13265
2753
3986
12783
24272
5938
16983
7968
22484
22641
2802
23178
474
2052
25291
5884
6484
11545
4108
17853
8122
6245
11728
16514
13863
1820
15973
11843
1565
3559
12391
74
2944
6690
20757
13520
19696
12202
12409
10020
5415
15635
4158
20193
25039
14051
6832
3172
2234
16249
12669
14601
23795
15930
4293
21443
13719
951
245
226
6941
12942
18965
5471
1250
17372
10261
1285
729
16901
8239
9107
15860
7764
17976
3858
4378
19592
