3666
10151
12822
2538
24555
18263
2985
1656
2908
8427
6842
14052
1908
7453
1251
13656
11065
3582
4728
12713
25384
2708
4583
575
23826
9065
12147
10649
14651
4297
10774
21760
1914
14942
2940
20750
4511
17208
11900
23066
10895
337
4111
3300
22452
5196
2888
6094
3833
11494
6342
6250
9552
5122
23214
7794
1489
9948
8761
20152
22445
11877
4927
14029
9405
8526
2407
16639
19898
23164
10991
5015
5039
22163
7805
3975
5804
15722
25289
263
8467
6914
21776
3144
5539
19085
23311
5200
6837
3592
22477
5449
19560
22807
