4655
3089
20914
5331
54
11731
19402
20649
24558
24274
1041
6475
12214
10823
22869
1179
18501
5447
13794
623
6127
9503
17955
19195
2716
16978
2084
2577
9286
4408
24600
4369
18970
9483
5623
21361
15136
14969
23241
5292
15290
15148
9239
17852
2448
4502
509
4779
22545
7098
20361
858
9677
20248
841
5104
2527
6625
8985
10089
23393
15802
4641
3713
24267
464
21820
23079
16163
20547
13096
13181
14174
18870
23028
117
2339
24114
20435
115
4927
13062
5360
2085
6885
14237
4432
25340
13111
2198
2150
2700
19119
21980
581
23048
389
9446
1224
6105
5378
2651
19795
2242
6127
15693
23118
19358
19268
12259
2107
1070
6585
4713
1804
2699
17385
23010
18753
4174
11220
