16738
20335
20753
12824
15096
2123
23637
3586
11040
10714
19628
6633
12900
21557
3459
6755
8822
12624
18576
24611
9182
22422
25285
20329
3068
23193
10980
24589
25177
3353
13960
1015
5539
3681
2933
1773
25028
24107
20541
25358
449
18983
21771
4131
820
21263
5320
10580
19034
2293
4459
6892
14085
16990
13533
7249
2271
18818
6753
22634
18520
488
24174
18588
6283
1108
18611
15603
3653
5672
2207
5683
25261
5627
9311
12144
6960
25078
5497
5068
3677
6049
5533
14757
2327
22411
7737
6382
5433
22671
4981
14287
7172
10110
1877
4817
7162
6792
21604
2412
3568
3421
16018
6052
23999
9813
25040
16394
8763
