5068
4093
2425
443
1922
3636
16904
4514
2678
20671
13819
14909
25055
18640
884
7174
7202
2540
21669
24850
4781
14643
7094
19820
20657
2395
12080
24266
4818
6546
856
8670
6463
16717
5981
19783
2608
16610
284
1577
5233
21289
14998
1250
5415
11787
6836
11244
6969
520
4631
6730
24172
23614
911
5327
5303
8502
21194
23754
22329
16587
3568
23060
4268
932
23889
17989
13427
7775
6726
17490
3309
20728
11833
23780
17220
4738
2061
1319
281
718
19854
5555
22550
4715
9268
13230
13287
14455
16280
9916
16262
1860
6810
8525
14136
10002
4203
5218
11640
11918
607
18633
15656
2507
13853
4964
11768
6283
15980
16177
1936
