7993
16105
16309
1887
13853
1061
9608
2305
9438
14468
2193
13315
23103
5100
17331
14453
13155
18370
2360
2555
9637
11699
2246
16117
6179
17906
2920
6979
2497
10752
1688
13266
15374
1441
6305
1307
14673
23826
6240
960
21033
454
18095
4951
4301
14449
8505
4946
2262
3589
18995
2935
7204
24065
15151
6244
14505
1854
6626
16417
3229
20795
23127
15750
5465
614
4034
13442
9292
9522
2665
24184
23863
6643
6254
15273
3494
11978
4184
3973
2352
4036
22022
3740
21645
13004
10484
15610
6571
6270
2154
5816
9367
5951
14431
16550
14364
3166
4713
4329
23464
4855
2171
4335
698
5925
21789
22771
