5380
3696
5440
3704
9384
1887
2583
2992
17978
18770
6439
15068
1944
5792
11731
14855
1669
2515
4198
22033
5346
1171
24629
635
3121
8679
5648
22151
17153
1155
20616
22085
9195
7303
21126
2325
22847
17832
12152
5509
17253
20931
10828
13575
4778
1809
16910
9088
11290
9608
2997
575
16336
14532
4667
5779
3362
6545
4003
107
22940
7817
7918
881
5505
6953
18104
182
12714
25183
2910
8297
9568
9401
19486
3554
8962
17795
20453
4352
6709
2587
1122
10599
16486
20372
1569
5659
3354
3035
12608
24434
1614
7094
2621
15922
4115
5594
8307
5036
2370
5598
18514
5330
24391
21195
23831
8827
9959
