17470
9792
6436
14990
19949
12542
6019
13384
6909
14329
671
9306
11598
2764
9554
7501
11134
678
499
6017
2159
10268
651
20094
6898
3955
1673
14495
9370
16703
21652
13710
11814
1237
2521
22875
6233
3402
2232
5969
18660
1873
10941
20165
4041
13267
31
4090
16387
14647
25505
2401
1110
15254
10194
4038
19053
6986
2393
23745
759
6078
12407
19515
3262
24797
7781
2510
14055
2560
3587
8237
6371
24485
17161
5134
15864
11617
18739
3164
1825
25522
9486
16233
2792
19413
3462
5880
22731
11337
3254
25286
18044
23324
2688
19375
4818
16794
15967
22881
8873
20592
7144
10734
4374
25303
1652
3713
19517
4454
4153
2100
4970
4958
