22508
1378
8695
3741
25081
14297
17630
19358
871
24005
4207
11920
5963
9942
564
18807
19125
23558
22552
15137
4037
7811
6416
16851
11193
13087
3067
16315
2379
15853
8167
11726
6295
2646
16908
7215
7902
6211
9954
4955
4496
17234
182
778
14656
9098
10185
664
2025
1458
12611
4943
7199
10929
4908
5245
23362
4927
3624
15221
18009
15231
12026
4356
20585
11125
24194
23579
4203
20668
13468
608
333
23100
19690
6878
22698
5193
6667
11199
12007
5596
1174
11445
6163
20988
3505
21219
2415
8450
19609
4039
17872
9238
285
15895
8786
11913
21716
7053
17423
6145
19355
18593
14266
4769
18945
8739
3818
24224
4319
4687
18800
3669
5190
15625
2674
6394
