23502
298
10190
4158
2247
1274
21024
24942
14825
4338
2407
17469
7087
13545
22039
13145
2343
5295
25011
9206
23612
15207
24501
12072
3330
13903
10023
2132
21315
18376
6324
8526
9782
3860
2689
201
12294
2723
3276
18176
7866
4767
10210
187
5372
18821
4229
6699
15742
1035
13803
923
14687
3498
18453
4412
1200
24678
13721
22366
13856
22146
444
23400
17654
14167
9001
12741
6477
18232
11313
4503
19992
9464
9606
2448
9090
22521
5651
22536
7842
3433
15903
7364
23747
1457
7193
278
5018
12882
5521
15557
17254
623
19841
7806
6349
25014
7732
25017
6501
