5928
18666
215
1781
10987
22673
8202
3534
4128
1997
8430
18180
3838
22517
23595
23672
8845
9069
4265
11481
12776
23692
21387
4700
17205
15873
2763
24237
8943
1402
22950
4030
1480
4948
5990
14680
3934
4786
3540
3337
3440
23630
20562
9037
16666
25224
19239
21465
2499
22690
2570
6384
3498
25068
6232
14969
6536
9586
6502
3899
14501
2710
6025
5778
18612
14687
2646
7016
36
14077
5060
7522
21776
14584
18832
14624
3258
4587
24933
3275
4458
633
15847
302
25008
1589
2099
3574
14318
4406
193
21312
19438
12203
1979
16396
23076
2004
23384
2902
14019
19017
3772
3578
20984
1389
6809
11286
