2179
10386
1756
14489
4775
8898
12801
15001
21472
16802
7028
9533
19693
24173
6106
16120
7048
13631
3090
22262
25357
15051
21774
3381
23673
8687
9403
9158
11660
4234
22639
9910
4005
1563
9974
3694
6100
3352
22429
15186
11877
3619
16811
4805
10145
21864
7092
16039
7233
13679
20131
18258
18178
20843
8915
9396
11331
4643
665
10837
22840
16468
2117
5038
5802
1503
4191
13556
5493
4823
3019
1018
180
2861
3874
6531
3011
3328
1464
3471
18189
21718
685
22362
3538
1265
21369
6179
4521
80
13161
1708
13525
4567
11939
2710
4836
13795
10105
5873
15284
11928
9949
