2824
4253
6599
16583
6678
4762
1537
23995
3392
14555
9587
20954
8020
2389
14543
23244
11821
2211
3118
13975
6525
11543
9711
24929
2699
4230
6212
567
13051
6761
4308
2307
745
584
6342
6277
21932
15737
4698
4622
5689
25037
11861
20705
15858
3942
15154
2135
19134
9746
24181
16868
11043
10797
17329
3692
1981
23378
20998
21776
3833
5326
11621
3751
3799
13989
1237
1290
15926
548
436
1986
14232
17874
1113
3523
8356
3587
22274
11563
1287
8076
11689
3642
24514
2702
7435
6305
21642
4870
23912
21662
6440
5087
12365
1808
3824
22561
4491
