14416
11415
20447
21885
6493
21704
7423
16526
7890
12351
2996
13884
532
3708
5422
6945
2418
7883
2529
2964
5707
15432
24550
5386
5107
10587
17186
321
18904
15079
13595
25443
18080
4279
25141
12978
833
4816
15682
7251
8567
2233
9858
6870
2691
1381
871
6256
3386
17131
17934
1096
2178
2494
144
21548
19314
17073
16364
5628
1164
19388
6725
17452
445
23559
19874
13694
21651
7195
8335
17509
202
1674
20973
4429
7053
20951
15823
2264
23806
19821
18796
5070
7395
11313
22867
3328
10210
16432
14989
20740
11300
9744
5350
1167
2294
24901
9640
