13309
1493
3234
4003
20453
709
3393
1132
3517
14743
19402
6435
18020
483
5945
24134
4855
14333
2250
4576
8387
4872
24165
5160
7970
17395
13456
19078
3694
11249
20104
3776
3703
19566
20003
18790
7002
20607
23025
20162
11687
23466
13852
18927
15194
703
19373
24108
10579
2061
8034
3671
7766
13260
14771
12491
25260
25480
6770
20848
12018
12988
3928
1734
2334
2037
5292
13559
337
198
3260
16543
24639
5699
22008
13105
13850
20203
17548
19935
19487
13253
3249
3480
1523
21201
3121
7698
9337
5684
8969
15761
5528
13504
23946
4165
13205
22792
15053
127
4288
