4552
2518
1628
2736
13179
9072
583
13879
4336
5765
1214
16494
17540
3334
1232
661
16456
5092
1530
5337
4847
18582
17761
5658
14048
344
7244
7151
20679
15618
7562
951
17451
7838
18800
13519
24537
15264
2421
17346
20908
1639
14270
5219
9789
6575
5746
16680
14199
527
14243
3395
3227
5047
21549
11549
10864
5433
4951
10068
20786
19027
17249
6370
11680
24780
6968
22929
5044
12926
18106
15444
409
4535
2022
1669
14682
5331
4957
306
5416
17366
1429
20683
4666
24506
7904
22446
4301
25289
2444
2752
8871
6290
4577
13247
14726
6819
20048
9776
14911
11795
13842
24996
6235
14745
10500
9556
11557
5061
815
4337
