1235
9559
18133
503
22499
13198
3932
18489
16912
21923
20137
2915
23487
2384
8780
3915
2105
23385
6845
18958
348
7743
3055
4602
17374
4690
20593
8852
6191
6539
2103
14496
20783
12410
4125
23084
9628
686
5093
21255
20472
13632
18382
5316
14681
19739
23565
5354
5280
22922
12710
6712
1883
11336
8269
2026
5726
105
10242
25191
11744
4663
5341
2026
24718
9860
5152
1546
16694
628
13645
9775
581
21161
24577
11956
8300
591
13616
9835
6904
1105
223
1303
3600
2283
2935
17828
15301
9764
23316
1795
5150
2909
22159
6816
4290
6048
19510
1032
155
24321
582
1452
9840
4472
141
3566
22171
