2685
4792
651
20644
12978
15987
23956
5112
4480
114
532
1769
22619
2510
1731
16683
16333
22133
9989
22297
1826
24464
17204
12487
15022
19900
5569
9261
4455
6617
1364
7294
1825
3992
11076
12972
2827
24190
4994
13324
5675
6099
5748
6580
7803
7855
5146
3319
10080
1957
4477
12518
2475
1180
3201
1426
21588
5712
24016
761
4022
22394
24025
20424
122
130
6340
15195
22762
1473
13991
17888
19249
5491
11210
6013
39
5954
4034
1182
6369
6243
15284
22330
800
7149
263
12669
23470
19496
6496
11007
12693
7139
12291
1305
11148
18657
12602
9724
