5457
21147
4349
13410
3648
460
7135
14209
18023
24135
3068
8372
22067
1235
7532
717
22013
4622
12133
5927
777
12613
11811
25265
21306
7295
16609
4325
4915
2824
1720
1337
19913
4636
16687
2363
19097
4020
3233
12078
17735
23760
23849
2523
16320
6374
5936
21796
6243
11455
23877
3122
11957
1278
6140
21750
4727
901
5523
1574
5434
6471
25100
3592
19655
6111
22050
15720
4715
3642
16868
10429
15041
24436
23210
17962
717
25179
14135
8462
6716
467
15036
22032
25147
15709
3407
6934
212
17854
22851
13594
18665
20547
8769
24900
15199
849
21867
