17529
4737
4646
1640
758
5482
3059
11553
4471
3391
7025
624
12760
7900
2555
22244
23003
19610
15290
137
9998
23795
11728
10591
544
13294
12454
7165
25420
13964
21635
25235
178
4804
4537
22933
539
4102
5285
18676
3456
14403
25540
18911
19917
5629
6205
23503
20845
8783
18665
10865
3082
24788
8805
829
5828
4665
5288
5732
8034
16268
23353
16341
5680
19165
2348
10095
21463
19714
118
23411
6060
8961
2138
17109
3719
11362
5604
6195
8951
14085
13515
11521
6934
7779
5083
24850
8373
6047
16031
18174
19532
12233
6183
5690
6694
5727
4839
8980
11360
1837
5865
12078
15516
1242
3251
