13219
12213
6260
686
179
6984
16621
8052
16919
12908
6026
23011
23078
16987
3250
17105
18470
14970
24114
8996
21154
4573
1369
15453
4590
3123
24676
5240
24033
3129
3683
1749
21879
7245
1647
3241
7893
1450
14360
4779
16259
7062
3881
4491
15538
5500
22861
13918
18018
19087
6873
16129
21147
5176
18027
7714
10472
5403
34
10694
24244
2719
20730
15258
16778
22163
19011
16484
13199
5311
6534
13993
4842
874
2992
8062
911
20579
203
23704
10688
2677
20200
312
17316
16511
5812
4184
10448
25101
1520
11630
13910
11812
2931
15133
7560
23111
5931
1739
16530
6272
7886
