13714
125
22056
2780
23669
23240
2020
6805
7548
9852
21362
19434
733
2185
6992
4557
22462
17040
20017
6044
18359
2626
7415
13694
3665
11492
10400
5992
23323
13725
2153
4431
24681
25477
22632
9545
5793
5292
4650
14737
11716
14388
5606
6431
11716
2575
438
6229
11297
586
3041
1316
23624
3456
14490
3660
9167
19762
2092
4785
6326
12675
6528
16198
1123
2510
10975
8717
16872
3340
3697
9941
4966
15599
6025
2625
20719
16347
25370
21720
7664
12489
9221
7589
1920
19789
15569
623
10073
9283
2327
19316
8623
5257
22356
16813
6675
5822
4608
