966
15227
21129
1400
3088
3012
17004
10080
7122
4388
19336
9862
24580
21134
17982
5829
19531
12787
15873
20968
6882
18938
7591
20327
5503
15980
18897
20455
842
6069
11487
8852
24496
231
12911
12231
10678
4519
13079
4505
1839
20406
20275
6690
22901
15470
15214
19462
16021
6578
6082
16736
1942
15188
3361
862
6712
14779
1397
20932
17539
12767
6843
23182
329
4355
8301
24870
10906
9819
3875
22125
7549
19854
21115
24385
12769
21442
12164
19809
19178
4309
459
1461
12038
7180
796
22511
1992
14329
22402
18236
9858
4763
6705
16422
300
4196
18984
16669
15369
24261
10152
3595
4599
592
3867
10750
9056
18627
14294
1666
8940
