5017
22523
236
4292
22333
13979
2722
4711
14844
25214
16130
6020
5353
1857
7168
18557
2107
3088
14874
2234
2251
19682
8198
3362
2005
2689
1419
13600
20908
1388
1997
3685
2140
12102
19515
185
25022
6007
5136
16105
4127
21765
16525
13899
2950
24068
17821
24823
19434
17449
3400
1467
25507
6086
19538
23492
6872
4724
17497
14880
19733
22758
5320
14249
21785
5165
20397
14767
19602
5442
10645
4131
291
15829
24821
22437
1821
1101
16269
4222
6941
12223
24965
17676
5546
11328
2382
3876
8056
2769
25290
294
4441
13804
13896
3130
24441
2533
3392
18658
4443
20016
17619
8431
25377
18587
4529
1613
10865
2314
4082
24883
19026
20103
6312
16924
23647
13123
