12583
8705
8329
25340
12900
4587
4996
17361
2822
23027
19828
3123
18042
2472
5599
19332
8020
4695
1101
24955
1183
10894
777
303
2988
18520
13316
6221
21637
21623
13787
9160
23844
5438
5079
864
17657
13235
16698
1653
193
4705
1209
3979
6562
13216
14127
206
13107
25299
7756
13230
11135
2167
2615
24345
3526
2312
528
21520
4845
5105
24461
20979
910
18304
22978
8885
2287
2828
322
16767
24812
863
10997
3960
3974
15998
19528
19655
14850
5904
18074
11103
14378
12926
8734
7133
20101
17198
14823
12871
8400
22592
22361
20794
1423
7559
15718
24883
14979
2702
9388
5431
13666
590
9687
3954
10788
25127
5732
5245
11662
685
21262
4186
7196
9628
