970
4041
4315
19549
20822
24226
7077
3581
10907
6994
11057
13952
10264
5421
4955
1385
2262
23083
10089
6572
7086
11929
14442
16020
14317
7908
1359
9864
9357
22110
6858
5768
2998
681
8728
501
13496
10167
8376
5658
22422
25261
10394
13538
10349
7623
4789
25000
6270
13217
486
6988
13557
801
6510
10564
14624
3749
17433
21946
23087
25255
15448
6465
11497
4909
9122
14217
20753
4771
20734
18716
10174
3817
25241
14458
6335
6166
24169
11344
6971
17389
16586
82
22843
12864
6473
570
2834
789
1980
18669
2595
11685
10927
17813
6409
25509
2593
1785
14880
105
15439
