21871
24928
16920
14099
1363
3683
1082
18053
11416
18377
13528
20274
4353
18603
3341
440
19365
21907
2262
23060
2436
3778
3352
9398
9607
3353
23298
6424
14990
1913
1817
8654
11547
20041
16281
22345
3834
16816
1614
3027
1813
8634
22096
13484
2251
25138
16217
21795
14411
19805
1881
14970
7203
21692
5926
25289
22046
4766
6260
6370
13182
6196
17242
15381
14080
16711
23469
15082
6443
24783
24197
15274
8817
1017
24515
4888
6609
25455
6059
16126
25
939
8281
15532
20380
1858
25328
21907
2227
12570
13794
18428
13871
5225
10539
3771
4652
23234
1367
20197
19814
128
5105
6866
12640
1802
3270
12840
14690
