17522

4074

5444

22974

21098

6210

3298

11493

617

4934

1352

3569

2027

1506

17013

2731

15351

15520

24500

13386

6314

10889

4604

4303

12585

6413

24140

4883

7116

1029

22566

1905

14677

10020

10555

20798

4103

15527

19634

10224

3705

1545

5089

9866

10543

23586

12817

19735

3177

6232

8829

2901

24935

4799

1332

5417

2697

20396

22257

1279

7516

23648

11786

897

6939

16605

17380

18592

19481

19349

12012

5375

14959

25127

19272

1493

6177

7796

21827

2702

3352

7647

12800

6140

2440

6316

1461

3330

22543

931

20312

13933

20704

2179

24011

5194

15628

5110

15735

8894

23575

5064

7276

2774

13289

25381

2403

16021

5179

19442

10444

6207

18165

25443

25278

18441

3553

1781

1838

13985

10073

6093

19495

2865

10880

782

17421

21170

23880

16922

19126

557

196

9259

19746

2926

5106

4938

5722

9045

25419

8907

1410

13945

15214

16424

18902

4025

14969

12363

4829

11563

21828

15842

4722

17596

6020

5664

6702

24345

2049

22229

24690

18940

554

19239

25261

4559

23971

22973

5862

18181

6624

8779

4970

4086

22179

19085

15222

16495

17616

6292

14612

19157

6667

4543

9886

10958

21341

4536

1037

10069

9742

11401

13173

7343

8531

5995

19828

4481

7101

23836

3165

6356

10309

2325

131

14861

25004

22939

19658

12689

12664

15596

8041

11005

2845

6762

19834

21529

1087

8974

7746

4881

24628

5816

14406

23859

5954

22571

23152

1245

13638

990

17951

22047

16239

21901

22536

13480

353

1014

21122

2531

24795

8511

22052

10197

3135

18757

3052

13068

7717

6819

6909

22414

7950

14085

9210

11780

2211

7177

5676

20984

6222

4469

6763

10048

20557

18114

11256

20103

10648

8244

24899

19419

4267

6130

18980

23677

1870

5781

9921

5868

3723

9534

9546

5312

2913

6338

1851

3676

4762

12666

19821

18567

254

5946

15553

490

2969

23459

23677

12739

14311

17763

19909

15018

19525

20430

10201

9070

17336

22381

8866

7537

4263

5064

2950

14622

3588

5831

16943

19490

8341

10100

3322

1726

2081

4451

842

14677

25039

21124

9910

18871

22791

18963

11487

22717

2411

14254

23643

6087

3942

1155

17453

19998

19167

4821

5404

3913

20428

1057

7813

7905

2226

19603

8591

1942

1638

19003

8470

24644

1000

10813

1827

16619

5502

17640

21391

1320

3181

6781

5196

5097

1708

3842

4156

7191

12555

22193

7983

8727

14712

625

13416

3312

2888

12242

6185

1494

5324

1161

20538

18740

25237

8636

14966

537

13927

3312

22013

2593

4798

4580

15514

12947

8739

6738

19359

316

5168

24966

6944

15403

4036

7560

5442

5581

21676

8149

15643

6201

3043

21132

6413

1836

11917

14295

15781

14331

17412

14529

2441

10844

10166

8602

414

20195

6885

20639

5982

3227

1312

4679

4343

1262

825

12215

8320

1770

5738

11093

7531

9444

1114

12178

24593

2319

22671

10986

19807

19785

1857

7931

682

8509

16729

7301

20553

834

1524

3584

25387

21671

21627

1976

7476

3591

15411

3106

8212

6138

24603

8446

1483

6096

22330

645

19062

3198

4432

5736

631

2343

2312

22178

5586

5420

9262

12523

21885

10913

18073

10121

2260

1218

4889

8278

21883

25164

23670

21587

11365

20327

18318

4020

778

14939

7431

7457

15554

14735

18883

69

17676

347

4554

13848

22620

2306

3321

19883

6704

24474

11078

5547

12481

13170

4503

5955

14892

1422

3224

5276

14906

4108

12608

17961

25003

23594

11891

15145

23480

1662

12966

881

763

13767

10881

21671

7874

16194

1932

8587

4749

6538

20423

11650

24527

21346

24770

4798

10225

563

24644

9950

6848

6416

23981

21323

11952

7137

9349

845

3074

17965

15473

17012

2006

4326

7177

2167

6655

15122

2468

6991

11067

7601

11625

19125

23210

5983

20850

12667

15246

19947

21807

16912

2446

5266

19931

1425

14045

4208

22399

1939

3784

2868

6169

4408

9495

1274

2879

1319

18870

16054

22543

1582

18845

7255

6341

6164

9697

3708

4261

2747

20964

18558

14336

23831

15330

9494

16985

2104

1727

8117

24797

17269

4103

10323

13906

15604

6136

6412

2131

19460

6177

19791

4854

6139

15919

4993

13769

7216

1672

5690

6679

8539

1914

8349

12681

11830

24334

600

15343

21724

1957

6450

6312

319

13492

12351

18394

6538

1944

23431

7153

18686

15693

10640

7033

7142

13734

24103

4737

7632

275

4908

21371

21344

14693

24737

10794

11429

2941

24101

6134

20292

3428

7086

6159

1144

6668

4707

15720

18706

1595

3120

18311

13952

19957

22058

4676

168

7381

5875

2784

9085

23176

17992

3553

16442

1025

21470

19163

3858

13758

3096

430

10753

348

8592

14234

24173

18597

3113

18413

19161

4194

123

5133

11106

7986

5533

22527

22664

8357

6331

22472

4250

5969

5151

1216

18035

17445

1143

6364

19506

4815

15853

3887

4129

21365

570

4175

2897

9537

17759

22508

23817

3547

9163

4399

6812

17719

1894

3477

19327

11641

6754

3715

5777

6421

15707

23974

1166

5841

15748

1007

6783

5973

11114

9440

6086

2525

25357

5891

21761

21548

13425

7759

6993

20600

22759

18391

17904

5429

6438

5033

1962

3225

8672

4806

20859

3816

2684

3441

22962

22698

2458

4434

3471

5217

23228

917

20333

5203

21504

3937

25290

15042

11304

2974

2842

5360

2822

14774

22788

9168

8814

2787

10023

21896

7937

12823

11206

4798

4485

300

143

9792

13213

19767

1726

10672

11958

11203

16060

16340

13228

10111

6946

6639

16191

20738

11197

730

3972

21222

20108

17906

18895

21549

11697

2685

20431

2290

2073

3410

17810

4256

777

23650

17944

22939

20945

24868

18976

24133

22472

6427

15532

23426

9396

279

16554

24255

4282

11328

9842

23626

6536

4050

4652

4147

2517

6126

20345

4159

6290

17204

22733

3246

21801

6124

3123

16959

2408

4855

4056

7184

1622

2444

1563

1060

693

1705

17095

550

18226

3482

24107

24215

6093

22225

15877

8146

5439

21911

5328

143

5441

14548

16011

16043

14554

13743

4159

3268

9216

4166

8867

9659

883

18515

4561

14956

1781

7655

6272

22285

25501

3783

8553

8837

8240

12061

20499

9142

5142

1338

547

21203

4967

13185

10562

23365

19732

21043

7447

3175

22723

5470

318

6246

3994

5162

23251

22232

2452

16555

21733

25363

18361

450

6836

12530

635

2629

2928

6381

6285

14178

3667

16279

12016

14230

3009

3910

3384

19098

15773

7088

7660

22224

5630

24451

18469

2019

21605

3778

16316

14156

18990

5920

12905

1655

13619

21086

5332

10199

3783

19258

4464

22693

14257

16335

21043

2555

6321

22174

17060

15155

15514

3602

10925

494

17321

20840

20602

17752

23796

504

399

9874

2916

20124

8898

6671

6955

4072

6512

12697

18459

3267

11604

5623

4613

3140

17345

12149

17146

5888

8499

212

9336

19551

4569

12112

554

4625

7056

15721

12163

18734

1208

4035

1950

20379

22371

5471

14291

12823

15348

8151

3839

3253

23352

23472

6971

7538

2723

2326

15667

1196

11074

14417

16523

14375

13645

