18447
9018
8437
1242
4621
5638
12160
24400
16908
17963
16309
23579
24195
9514
11908
5533
1024
6257
21197
2267
621
6778
15753
21716
20778
25051
11528
18701
6717
18292
11486
9009
3884
19679
1222
6176
17465
21643
11153
130
19051
5884
5430
13392
1822
14911
5113
2024
4393
17065
1896
2066
23025
6596
3522
15169
1912
17388
5081
12020
6609
17460
22781
6145
5757
5857
20339
20436
3844
1292
61
21574
7410
6433
15999
5442
14954
14253
1834
3960
612
3932
4943
1843
1268
972
6696
4322
4679
3355
16827
4244
21202
3883
9201
1302
156
6413
11943
19347
16981
