10334
16286
606
13042
16801
3132
21200
269
3816
9786
1610
4047
2008
7721
79
4167
23437
14863
22625
1305
2312
7608
3385
17556
11909
25019
3307
5984
3892
7167
21862
6965
13401
22039
23706
12882
17588
4418
718
25250
5255
4371
5123
2432
20142
15724
3125
10483
25409
16071
4890
5949
1051
13406
1834
4248
3992
11649
18753
25154
2284
12927
6539
20055
21801
15383
10024
2332
4863
6754
1342
6354
10898
19573
7205
5855
4773
18449
2709
2837
12969
12612
1695
70
5515
433
4098
12375
11269
8112
5470
5253
20928
792
1330
22399
24759
7638
14296
24360
5790
24719
2794
4635
5797
4310
58
13145
8292
