4990
5375
1332
4212
1351
17189
6338
11753
25373
21432
1124
14793
21705
6734
21592
234
16587
4396
2233
1070
10937
22156
3823
6038
7885
24679
4344
3763
3495
965
16630
11691
6060
2450
1926
13496
18400
1706
16050
9306
16633
13238
9101
6579
22318
9966
3215
3865
7337
6627
11913
6487
23745
515
20165
5542
2069
14074
860
14470
3692
5591
14543
7272
11358
23880
20933
5132
9507
8838
6848
2548
2832
3133
11539
13362
19855
6908
17096
24989
24525
24519
23947
3236
6267
1808
2215
5990
11246
7206
24630
19884
1695
186
9069
7129
2902
4283
14786
21958
1848
5780
9520
16041
12866
9224
727
8580
4717
18929
20532
7603
16412
9900
19109
15023
2944
6875
