574
10595
3352
20682
229
1483
15493
13031
6694
22250
24588
941
5269
1778
8484
5963
4785
5150
6257
16869
982
4459
5046
12710
8776
12837
815
950
20554
441
7931
3164
1553
19988
6602
15970
11017
8976
2129
17586
25426
9417
22316
22010
18738
4680
8791
9172
6875
4468
6127
2964
21436
4173
19614
22443
14714
25021
6692
2659
22279
3726
17963
3178
1053
17327
16646
18961
13239
4452
7588
12933
23047
14471
8829
6718
3462
15524
8626
2715
16290
597
23242
4887
15462
9656
20580
5582
13583
5343
2556
1489
15382
14256
18444
1523
12620
1637
10232
1881
7127
4849
13905
11366
5119
6838
4205
14248
2859
25031
18623
20328
1812
