2391
6295
7644
6289
9869
17619
17646
12900
16153
592
1189
3168
6088
6092
24975
158
4167
5635
17044
20072
24272
6341
21198
12986
2204
3794
4837
5952
6708
23408
6603
2952
316
3181
1903
17278
1899
16205
9599
22178
2934
13908
14606
7676
23884
598
1125
17357
18742
1584
5083
4383
17562
7217
4891
23998
852
24031
5397
22479
5226
17477
11610
18452
22207
17304
2562
11097
877
15463
23937
21453
774
4910
16060
22534
18790
597
3325
11815
2890
8053
8659
6155
2013
7136
13093
4362
651
6908
151
6383
20293
14299
1847
4103
8000
7575
3635
18135
5859
24358
11756
14648
24038
6890
11895
24911
