2455
1132
14419
2486
2779
1434
2627
10393
16083
19617
11594
20353
8165
14370
2603
5054
18619
6776
23364
4228
6471
18732
6018
25022
16039
4445
19936
11407
17667
13726
3539
5643
7312
24313
5155
10871
3139
6078
4863
13770
5535
3642
12536
2600
18495
2865
8888
14426
1314
5338
2704
13774
12869
10697
25373
4747
24093
13323
23429
3443
21240
6162
8841
6707
6882
1556
8722
18743
3835
23072
11006
4222
11748
20498
4072
1370
2520
20548
12736
5003
3587
662
5889
5794
12458
2840
18651
3593
6031
2820
19353
2010
3740
15411
19724
9947
6566
17661
3070
2420
19340
9513
22438
5247
10557
1562
18423
21702
6858
2077
11594
7224
8088
92
6414
14041
7761
6103
