12452
3210
744
4376
969
18642
4633
13646
6151
5856
15659
1709
22530
156
18154
6928
13724
25375
10147
8145
1199
3856
2628
5549
3617
12155
375
6317
15387
18228
3927
2486
6610
1718
15269
10297
25132
3676
2234
3461
20365
8646
19747
2744
6462
12282
2539
4547
5455
4143
8904
22277
9107
23447
5233
10286
5060
6631
3700
6315
3045
5472
2002
7339
13356
19580
14495
5372
2196
5917
4250
11686
22577
19829
3858
22473
1535
23739
6599
2335
22483
15771
13707
1752
6177
5370
8116
8595
21517
6447
4511
24620
19876
4406
4289
7273
10327
3187
11612
3406
11689
13424
5461
17286
22903
25484
17035
