6438
7996
23958
6005
24121
9335
17324
2491
421
12268
5589
24130
1322
2010
17545
6736
5035
14079
12450
13468
9425
23140
4157
14462
5974
7998
23095
101
6021
3095
3223
18796
3099
20626
1429
19431
19987
3094
3408
8595
22888
24576
3897
23176
114
1973
873
17087
3093
15923
2218
22519
23834
6449
11551
2940
1915
1576
19575
2456
14649
1845
18013
23099
9770
7523
15446
6334
16621
22423
7053
22491
1695
189
21849
14082
9910
7216
18707
3180
8108
22575
24190
1197
21634
5240
19876
7615
6479
13504
6579
6229
6702
5650
14914
25003
14384
9334
4189
22357
24347
4873
25447
3901
