24494
22286
22673
12420
6866
2579
15189
16324
16434
2527
296
6361
10574
12880
13733
10417
3815
3834
6248
3170
20565
4940
24115
402
10986
1617
24379
2896
25042
3619
14050
13490
21820
2667
21515
1674
2431
6849
5057
14449
8158
8647
9078
5540
15581
10785
6454
6903
24528
8092
6139
8386
10979
5316
14970
389
6797
1474
2431
5902
11439
6880
10581
9543
5252
22849
19819
6317
13474
14138
14270
17515
12841
4352
10212
3978
16318
3657
14952
897
957
1560
14701
1156
17315
17196
23367
20252
6689
235
3545
3875
8294
4323
2559
12236
1068
6813
6458
17587
4068
4493
2279
14802
8796
11407
13776
