5450
2001
2587
5315
1826
22367
7292
7234
6228
18059
17891
4330
14199
5440
15776
179
1008
1611
4977
14778
13314
9485
1578
12091
2487
16547
8859
13780
13675
8079
5566
22903
10382
19526
3921
5402
23377
10784
982
1803
6809
4955
20718
6204
7733
1389
17349
768
14454
4749
10961
15478
15736
2554
8484
19771
1263
11400
7089
3599
12436
9973
1627
2519
194
6409
20108
10376
5790
21047
24145
3586
10450
22005
2419
2192
9858
1661
930
16727
19017
5920
7944
6392
7888
5956
8986
3587
3550
13772
23785
5393
13905
8075
18417
17144
23224
8493
6525
5136
2737
22357
12048
