5585
8234
1788
6023
5990
11027
6582
15375
10593
9319
12502
10932
1204
24383
11221
23191
8498
10587
10260
5159
977
11450
2505
20199
23946
87
3895
23103
7402
1731
11606
14100
2136
20782
7596
8691
9053
23948
6863
19302
17381
19153
20332
17163
22504
1690
3750
3973
23307
21199
5338
5397
6269
17297
8362
268
3648
13622
1007
4062
444
6944
4103
18787
13436
21782
1722
6426
15360
20751
22286
2039
2174
23621
3070
5922
3732
9387
1337
4727
15337
1915
14235
12282
7587
83
17904
12864
13688
18709
4664
23426
6906
7009
