16728
1249
6955
5370
4950
2736
1708
5776
9901
18900
5680
15252
416
22345
798
17368
4316
11969
22716
2490
9234
654
16621
18232
13722
23074
4291
3137
11016
24353
515
25502
6610
23275
4585
10463
22688
194
10623
3464
16716
15544
4997
20110
8668
24143
5548
6642
24162
14479
13858
9257
16988
7799
9812
2702
541
25468
20193
14853
2310
10781
2270
12558
19588
24551
6402
14553
5714
2113
19118
5581
7160
3155
407
4653
6728
25350
6488
7115
15904
13426
18752
12349
1195
21385
21703
19366
7970
16533
13319
9734
9771
4725
16285
978
5685
668
11102
24471
21346
