14935
17327
20430
18177
2561
4983
159
17649
14009
7009
2940
10987
4381
25231
19793
5651
17778
4696
15840
9196
7589
19211
2125
2495
14921
20470
11328
12135
9986
11841
4716
9263
3665
15380
3477
3477
5023
7402
12982
2591
458
5160
11094
3462
5029
1500
17608
2138
1059
10410
11997
12380
9818
937
23780
2438
14976
3491
13280
3985
591
6621
945
62
23002
15221
1945
371
7219
4228
15906
16290
7636
23611
15453
62
7090
5470
22407
4495
1902
24348
22663
12384
18264
5653
4865
301
3354
13924
1969
7643
23575
14672
23336
6525
15467
1903
18921
17097
1619
6701
3686
2022
1313
19619
9413
10172
8216
16768
1074
22868
20352
8697
20798
5393
17287
25454
