21129
2041
3663
25300
369
19490
5453
299
6455
9687
14450
2258
1383
12956
18711
8170
6977
3209
10525
4346
7235
14130
18487
5990
21432
5734
11021
18610
23922
11324
25035
13444
9122
3276
3224
15328
8654
24550
9614
745
13525
9706
25458
10049
22831
2946
21922
1106
23400
4059
6604
759
5184
17650
22081
12010
1406
18197
16913
562
1268
2452
7329
16363
7569
4480
5301
4193
6232
8520
8222
11543
5553
14254
17280
16774
22546
10714
18849
4956
15571
542
1872
13409
1264
2060
197
10168
15176
3433
78
4136
20289
22109
3232
9893
1158
14638
17203
18921
21317
22142
8345
17644
14119
6542
11421
12686
21048
17246
12442
7832
10907
606
