24008
8010
633
24805
12137
25381
17514
8559
2125
14815
2739
10880
1249
15745
7781
20698
16783
25478
4156
5999
12306
3941
18935
23023
3695
21203
2408
9641
3892
24724
24160
17018
8699
11572
1273
2550
2245
16455
14156
16866
7478
13967
22658
21110
18251
4068
9649
3996
8567
545
13437
13010
20217
9900
7984
974
242
8488
25350
5864
11331
7400
2570
45
2760
21592
23177
25249
9262
24574
24662
4721
11670
15016
2760
1097
315
3253
5971
16525
17160
520
7026
9457
13659
4534
9660
7078
9148
5878
10475
22618
9535
2305
24138
25157
520
21819
4584
19772
15466
