11120
1127
17435
11865
11473
22889
264
7525
16878
17647
8120
17994
7846
12061
11470
3127
14518
21397
16643
12634
10798
8560
1969
17704
17056
1369
19561
4317
18469
14696
21764
22717
1534
2644
1511
9951
24538
2238
3922
24396
16080
4312
3649
1540
5112
19671
6249
13637
2410
4216
8766
16814
115
14905
23371
4326
5184
24412
18996
7678
5443
4044
6117
12411
20272
2889
6243
16377
14460
22158
5023
2928
6886
17277
15441
23872
1074
4119
18880
434
23978
13064
13017
2200
19406
22882
6764
3191
16571
5219
23170
21511
15828
13936
24415
2317
17459
24917
12306
7347
5134
9892
10449
