8568
6265
9861
225
14355
12593
1358
15429
6883
661
19962
6696
11820
12491
19875
18349
9892
5630
6087
11325
24652
5723
304
12940
3425
2400
4635
2284
1932
6189
17893
15314
17545
1572
20024
18350
8741
3154
9302
8899
11588
22376
4261
8088
16316
9808
14280
22368
9969
6666
4219
24238
5275
9934
24252
11016
16481
20750
2559
10347
14596
7000
1653
7063
678
9021
2875
2262
15094
3145
19847
4693
5348
21071
5676
9299
20432
8361
20361
8947
1639
5397
2239
1337
956
19455
14585
14872
289
7767
9035
15557
1504
3740
1631
16289
5136
1016
17832
11985
19120
