6686
8030
21189
5370
9747
24959
8398
14829
2433
2582
6638
7072
4940
12786
20000
4972
7771
16295
10722
20007
3749
12289
2679
20708
17103
21552
5731
1870
3959
6112
12909
6848
7209
3999
11296
24624
12779
8261
7205
315
1796
24025
25192
15413
16965
1444
23397
2229
6025
15756
18898
7300
4185
24297
23901
2906
1988
12878
6453
7860
2828
6907
7864
17970
6813
12998
3973
20436
1412
21700
10815
11172
6535
6558
7198
7529
17116
17029
2516
25223
6673
5375
9584
17384
18885
9812
9807
6619
2525
5930
8667
16374
145
16060
21853
5188
746
17929
20537
15791
3365
13502
11391
2736
18626
1893
13717
2348
21728
3641
7159
14375
7636
25528
