23432

14257

5575

2419

12099

12703

599

506

6980

13938

12885

6691

18703

4056

2097

4879

23708

2286

6751

3618

9288

49

25022

20784

25019

17252

4410

13572

22942

219

5475

18998

2877

4288

22947

2538

11801

11255

2812

1411

18653

5048

16213

5301

446

3123

2186

3837

2010

3930

2377

15797

16705

6600

1709

22792

2054

11727

1412

15772

21613

3855

8335

11471

22840

6404

1616

3384

3767

22611

887

3057

11988

13274

17726

22242

8169

833

17197

4596

20638

5891

24891

25497

797

12180

22304

18526

2392

278

8990

3656

3038

6824

2816

5841

6099

14681

24669

12739

18262

640

24872

12753

7962

6890

19958

6409

2375

12597

7474

3176

5370

1277

3346

21357

16332

20666

6620

18187

13237

19588

3313

12825

3334

1574

17697

8195

1385

10569

5928

7240

3445

13797

4562

25339

18177

3104

9000

7017

36

4440

22676

23054

3790

7067

21737

15543

3302

1455

98

15534

5252

2135

20480

7575

23982

11663

17840

8167

19006

6334

10169

16455

22236

16055

21078

845

5228

2969

20138

2054

5340

24489

4918

12892

18123

9182

2086

3843

16398

9484

10225

20708

5672

6337

22131

5221

6290

429

21021

11925

5577

1660

2036

2451

22864

10323

18798

17766

13553

23813

6701

4268

17016

6104

14775

3384

12306

13548

17297

5862

2951

3065

5848

2023

3549

19514

18794

13804

21103

2357

3088

9106

4234

23399

6530

13033

2698

16071

2260

18015

5847

1082

3983

17201

21127

4686

9006

8793

2958

17005

370

2799

3180

4422

8870

13419

18648

23457

4956

25126

9610

24594

21851

5809

5262

20113

13724

24895

8326

3481

3451

3450

953

17591

5271

13512

1692

4490

4442

1529

5088

116

6013

6935

22627

8306

6562

4975

3529

20007

23943

14582

6118

6800

20455

24491

858

4240

12016

2088

4240

24738

15891

3585

5174

8838

24142

18586

3173

20878

12439

6773

20799

25225

10861

3201

6705

7644

6230

12271

3668

2051

4546

6622

6714

14340

23874

5775

21283

8128

17118

4951

4321

17317

20489

9247

19341

24874

2928

16006

2332

1752

6149

11458

14028

7317

18746

7351

4745

22872

9568

3621

22515

11393

23038

9363

1855

5119

8024

4730

565

400

2834

15774

5821

574

21739

6157

5977

1142

2320

5661

7013

20728

11514

22655

1523

8744

20814

4434

5972

6826

5761

271

14479

8042

8142

14591

2132

19169

5086

2055

5400

6132

24909

11254

22627

10358

7811

7256

20502

20512

8575

3878

19681

11071

12597

5393

23549

10008

6302

6618

4945

5396

7456

17694

15803

1222

3371

4913

9107

14280

2062

5634

2470

19411

24438

20902

19283

473

16033

19936

14513

18433

24111

10690

747

20961

9783

6810

5933

7936

17385

20664

1796

4183

11065

570

13656

16468

2923

15815

7692

4922

12847

21621

22157

21752

24322

6834

9550

6714

1862

6159

25261

12293

2246

9536

25484

16427

20023

24713

21835

15858

25116

15051

2132

23618

3844

19220

11496

4611

17598

11730

6776

25511

6198

21366

23822

18135

5771

16856

23584

15714

2513

16973

15264

2971

11040

365

21655

12870

10874

7832

4099

5085

20589

11185

9617

23823

327

7334

3842

2115

8891

9820

2419

6627

7037

3742

23255

4431

2605

2173

9591

4935

6150

21721

3517

7771

3817

6844

6079

9155

6482

19673

4163

7141

18609

21293

22600

25151

13273

16880

5120

7269

20251

18265

17788

4544

23977

24004

19853

4052

10545

3267

4985

4756

17447

5938

3621

2317

15877

7018

15865

20566

18339

8896

2225

18787

17600

8387

4785

6024

20792

25355

24247

5533

13157

3299

5231

4610

16601

22640

4030

5656

12467

4038

1751

7219

24401

4312

1684

14787

594

6246

16931

13316

19461

6205

5976

2399

6800

17531

5454

1271

2817

1008

24718

5996

5697

16781

10017

19292

821

22191

18810

3192

15003

12281

19035

24477

6121

2615

18683

2435

413

4536

2543

2567

2978

284

17625

13022

2860

11723

2793

287

6761

5057

905

1561

3029

6697

6234

15706

12554

3107

3641

21984

8302

4634

5075

1268

1789

2645

15158

8078

12456

3645

587

20131

18601

159

926

5645

20590

3213

2337

19784

12574

5740

149

1204

4923

6724

20804

17298

16728

6239

16133

23283

6266

10597

985

695

15896

22894

12081

7270

2772

3470

4387

15700

1231

8988

5526

20961

7340

20645

4402

5284

5670

6003

5845

5146

5634

8593

6122

5639

5564

4782

6549

21200

10127

17915

9560

14792

18440

6996

21086

2745

1132

2156

5291

21015

363

17428

6213

2810

3483

10668

3416

2718

2423

14139

25235

623

1393

20424

3653

15284

6024

3035

7106

20878

15373

5085

20901

22875

6660

17130

4733

2698

10127

25105

22138

18473

16546

6958

1484

17456

7308

1889

14108

23212

21009

301

1637

2159

19207

1234

9528

9504

10327

7014

834

10944

5054

3429

15949

2528

1478

11518

7547

17315

4871

23064

6351

7122

1024

8291

9900

1520

860

6537

9316

10618

1362

23847

4157

11808

18823

24567

14092

4610

8796

17484

19953

3707

18525

6075

24964

16898

7402

1209

24863

3730

24310

3305

2158

2245

19827

2898

11822

10225

15383

20503

10946

1681

5346

3882

5464

22176

19993

16782

2611

7611

19319

3911

14662

6114

13152

644

3372

25197

12657

21013

2826

15788

10783

345

19267

2643

24261

21484

7447

24025

7287

23136

24602

23849

13020

10740

8940

9719

646

18655

20154

9261

17752

25387

17250

23236

2895

2200

25016

6803

21810

23745

2263

10752

25164

14148

7131

23718

14702

12699

20898

6959

18796

10396

6741

22952

20608

10809

16381

7227

20617

21971

8194

16751

3511

11353

10676

25476

21642

20068

1741

4714

22905

11455

2147

5881

20698

9974

12007

6113

7974

7302

1467

5128

20853

1653

2861

928

8238

23412

23956

2084

25135

2142

861

20655

3505

9868

1656

10566

6731

18359

67

16602

20616

2379

5077

13147

7182

13334

16121

8811

4655

19419

16904

15363

4726

3854

13166

12777

4837

417

18861

8837

8379

16374

1570

2648

10076

1498

17016

55

17596

17449

22826

1678

2992

5825

1019

6130

14462

7692

21922

19746

21452

14338

5581

18109

17873

18113

6759

9659

23296

12218

4613

3833

13865

7306

11674

4497

13596

19596

12426

6193

17146

21350

1870

4858

7431

18419

7037

11381

1308

380

22673

14233

525

6189

2490

10242

438

367

9341

2594

1622

25149

1056

23585

3151

6699

5440

450

6224

1097

3597

3183

21071

17684

1963

3655

22037

5602

2046

13397

12077

18532

2522

23905

2584

220

15203

5093

10971

2761

15424

4786

3590

254

11741

803

19675

825

20694

3102

7730

4917

1037

3275

3190

10569

20482

2891

18653

22222

25204

13119

16540

18477

5742

5835

17023

21669

16765

6697

4150

6664

6945

1867

25546

24314

23820

19226

25001

3323

6136

23232

6488

592

9554

20627

19241

20345

20119

5596

18108

1070

11666

2484

790

9230

9270

2614

20586

24586

7477

6530

20215

24302

22278

14200

3640

14457

8027

22494

4237

15037

6874

7802

15010

14380

21226

9404

