2824
20942
20855
3368
16092
20391
13503
23990
20215
25439
7170
2225
12232
22474
3600
6232
12757
3694
5160
16535
629
4396
21606
7785
20431
5599
19593
1610
18182
21519
15826
12112
2120
23102
14666
21884
5144
13564
5733
21041
4432
2378
2621
4354
2907
13830
3003
1938
10100
16585
12204
6075
13323
4438
20329
5214
15915
12178
10257
4180
3849
23914
17954
9736
12260
10460
4611
2782
18199
22292
10808
7038
2556
21797
2111
12634
24427
4778
11567
7207
12044
24860
9897
1260
18648
11498
3004
21457
8890
12025
21997
3958
8018
5367
15565
1944
7667
1200
24647
1098
15765
5239
8677
17567
19632
15770
11964
3149
2339
10168
14332
4405
25061
5715
23914
23259
5427
