17004
7180
22760
500
17933
3768
18298
1978
451
9365
4856
21656
15563
17153
24797
8015
3275
5451
23672
2684
22702
20065
19858
11517
5018
8012
8457
8987
4442
990
24540
5023
4514
6706
5687
9106
1007
16419
11281
22670
534
11797
11057
20597
69
4659
5293
4852
3059
2669
5435
10570
1588
634
11318
16542
6564
3804
12824
15906
17551
10946
16847
17069
4735
484
4841
7729
2172
3199
13307
13027
22529
15084
20962
18717
8027
7042
3114
21081
6361
15290
3755
7621
14734
8218
17478
5725
16811
1145
17169
19134
15432
10113
20973
2688
2498
1145
12928
16132
13038
338
5954
23601
21449
2177
23124
6214
16135
5223
21322
12095
15174
