1566
7203
23317
18711
11592
7135
19210
437
11228
3051
22304
20008
3735
2756
14608
4800
2377
4227
13036
22432
24154
12056
6246
4791
5141
1902
17435
778
15496
15856
349
19741
6377
20778
25045
9810
9648
6256
1636
13850
407
20339
21855
15882
485
4566
9041
19482
21154
10782
18801
24398
1091
6187
11669
5792
3465
12694
14918
9959
14542
5693
17703
1841
1170
12767
814
10518
22282
84
17052
5194
19053
25187
15984
25143
16682
9799
10588
7141
1308
22231
21364
9714
22242
5934
5607
24688
2475
2736
18772
4059
469
570
