3772
19701
24463
22747
22887
5466
7466
6724
12767
10904
6157
8938
1987
7197
16615
7004
10904
6254
3452
7417
14361
1854
24972
4993
285
5967
10202
5749
18716
6726
7538
7464
3092
733
18711
14036
3804
918
9767
4568
8569
24138
6621
12012
4135
21818
3119
18622
17702
1138
11601
1123
6793
16883
24918
10632
23264
22284
19106
13285
3950
12713
1192
23684
21542
3080
612
6588
1121
3383
13849
5951
24972
13033
2258
5261
4402
24716
21711
15999
8891
3557
15182
20659
24991
9924
3855
12827
21907
2970
2291
23457
4546
24201
1186
24884
1894
669
5260
18147
13071
18191
4544
