2909

7590

4259

3131

8443

2498

21682

14105

24335

745

15661

11723

2472

1453

5552

3745

24252

11991

3756

20478

22877

1906

10828

1144

707

5740

10494

22056

1613

3010

21836

7302

25076

9264

17040

13952

19875

9953

1868

3883

15524

10312

23489

1065

9451

23036

20618

14744

21021

18746

15838

21312

10635

4040

20015

3256

23897

3791

19660

17322

4175

3498

188

25053

1351

17925

5436

21928

5536

21726

18366

5334

16241

2817

11810

996

2735

11951

14185

18928

23366

7780

17513

2374

13868

226

1884

5431

22161

25494

2920

2356

24875

19263

703

16907

23175

12980

11583

21914

10972

6022

5389

2182

4412

19037

14845

2365

1807

23504

11322

14100

5104

16036

6205

15898

4240

1620

17306

19653

23355

1494

4607

3544

5841

20865

14692

12568

12397

23097

13659

25163

7073

16786

19369

12575

7053

18046

17620

1212

20781

5498

2150

21678

21844

5581

6662

6630

2817

10196

12428

19438

13734

17378

1613

8705

7644

6189

16951

25126

9257

2231

9939

966

17416

4143

20014

2054

2152

7959

21629

24775

2796

24109

4472

13942

14812

24220

5217

4892

14025

11566

15377

5836

2993

3784

1713

483

19799

453

5972

18827

12171

22627

22396

4192

1978

3626

19957

7019

16726

13273

12032

3607

16597

8965

1327

12328

6854

15827

8366

2738

599

7691

5047

7146

20951

13605

7252

21478

19118

23374

357

6867

3192

20160

23825

18788

9945

9169

22776

3915

3199

9344

22974

19558

1530

7984

6571

21998

4610

9973

13549

12248

10785

17002

9629

13330

950

3027

11666

10465

5974

16359

13157

18846

13488

16011

3416

15839

1184

5404

15648

44

6869

20667

6778

14107

19134

1753

3284

5940

5544

1545

1768

3724

21761

8596

7964

1676

5537

13789

24477

24632

4533

10205

11878

2499

24990

22521

6752

22924

24887

4275

1979

4563

5744

22658

5032

10772

1497

23729

1905

13116

1769

5517

3032

3786

5394

949

2722

5953

4459

13076

6259

13741

703

19050

20662

20247

3459

2710

1253

18564

938

16102

1724

21105

8520

7031

13762

16625

6501

3483

7184

21100

16187

5917

5718

927

730

3299

16568

10704

5605

17278

6686

9525

11256

8061

14193

19817

3557

1564

14303

4773

321

16342

18393

15270

18707

14623

23402

22470

20897

21700

11387

2287

4441

10407

18192

14555

12398

12169

1031

16931

15224

794

4497

1710

18455

24255

16585

5244

2083

14994

2247

3767

19436

7873

6411

5157

5144

4517

11864

2613

559

18996

4785

21737

14989

3020

10401

3936

10260

18609

688

9183

8405

23638

9456

196

6423

7287

2637

840

2632

22338

14411

6581

5408

17334

1997

7230

22169

17525

13286

13228

23268

17729

4964

8158

21653

24110

5235

24858

24380

900

21749

21169

13207

9312

3744

9347

19224

15099

3682

25261

3805

19548

3536

2655

20156

22166

25036

25318

20343

12688

12877

3227

4867

24106

2333

8316

14623

17734

16500

3929

10215

1115

6747

4787

15701

6867

771

20709

4445

1925

5435

18877

5694

18741

11693

19629

10874

16060

13586

24714

3203

5373

12023

7099

12169

2264

21730

1861

539

13357

8696

18771

4981

15816

20233

893

18417

1658

15660

16908

6390

7516

20930

11400

6835

15876

17015

17608

6711

9216

20303

23746

4978

5493

3139

20888

4745

1981

2547

21213

2318

5900

3017

6823

4103

3246

4688

5133

7395

10097

17972

4130

9070

4254

17880

16025

3677

23122

17829

16952

20397

2718

15934

6077

14564

21288

5901

2584

23979

2054

13385

2222

1086

10356

7650

20305

23182

7266

24656

7458

17980

13888

1022

8532

2003

17364

20099

4207

20134

3490

3349

3420

15494

17753

20375

8161

15361

684

5404

3042

3879

1240

771

2680

5295

3430

25489

3853

6635

4356

15301

18001

3436

21986

7247

18212

5608

1012

2642

7265

5549

2037

11879

15423

4771

4317

4307

2736

10723

21105

17608

2052

3994

22081

710

16731

21514

14689

13831

20734

17182

23850

4854

4859

6377

1639

4441

8267

9487

2237

22091

22211

23686

14662

7131

20579

17285

5336

20574

19064

2299

5030

20358

6618

16682

5003

18018

312

21694

6136

19247

4662

10280

23986

15850

18179

23822

1890

13200

10495

23072

4373

20603

11245

23935

20646

5627

6319

270

77

6983

22425

11636

4326

15186

18469

6786

5310

12004

2165

5230

185

6237

11404

23196

15925

7221

690

14610

22688

15792

7354

14176

21738

22241

3962

4657

16016

18313

16688

15657

6028

16318

5725

22174

10718

19866

1045

3077

3585

5773

39

2283

17221

21442

419

11394

1582

1679

13515

23027

14848

14726

5079

6869

1120

1748

24611

13426

12874

10805

13680

10567

9732

19261

21804

4519

14091

3160

3204

3255

521

9770

24481

4967

10255

3977

16440

12195

6652

1721

13723

18795

11019

3215

4383

12531

15167

15952

816

15830

7118

4976

8479

14163

3024

2997

19633

18522

6223

15661

6680

24975

23930

3291

5876

3475

25175

11228

4208

13651

11247

11933

11505

20877

2039

23739

4238

4238

3477

6885

15103

1158

10983

6413

3256

6455

5292

3752

1217

9336

6209

567

13090

11369

23494

22288

290

18988

503

4195

1490

20373

22828

9256

7838

6241

6167

3957

1635

8000

24051

5876

20494

11532

20252

4340

20172

16484

1176

8765

24763

4028

2078

19509

18520

20323

5296

5967

3654

1540

22172

251

11204

20490

3338

5464

19990

4718

6843

19178

21051

7889

5497

5971

23112

18067

14434

4303

10174

24268

2724

21510

1227

13243

5654

4724

6517

2110

24585

12070

13739

23426

3200

18729

1664

18598

3852

6912

16192

7868

18555

4280

12190

4271

5820

5659

19661

11789

22096

2763

10123

621

20092

3539

21526

5843

5008

10435

16924

25464

21900

23613

1029

9147

7783

416

1530

2823

951

14218

13764

1708

17602

12775

6774

14048

23013

5320

23531

7629

22671

16191

14695

2076

3336

2230

3887

3487

11980

1783

7723

22653

19679

7344

3348

5470

3391

8283

4578

10547

23866

15538

13699

7070

3888

1441

20113

4829

20248

10698

5991

3824

12086

22929

2492

13927

6352

940

17532

22230

7260

223

18694

11296

23995

11713

20327

13529

14228

23388

24874

4309

5450

22613

548

10056

1123

16418

18283

774

20905

22110

24044

15297

2559

21145

909

8980

22951

6955

2441

7222

24581

3588

7933

173

24614

3457

13225

3420

514

10216

5243

6910

475

5154

8088

2135

20071

7227

16643

13300

6585

5356

5398

7645

22578

108

21292

16281

12331

3627

20515

3894

22849

649

15110

14153

2001

5626

3572

1820

8251

15405

6919

6591

7223

18714

20855

5951

596

9011

14037

15551

7865

11791

6935

2805

18956

5332

112

15775

1014

5518

4523

22760

10191

14609

5642

3698

22507

3111

7343

4449

8614

3526

16669

22361

14985

14833

7019

12996

883

15108

329

537

6221

21619

43

10303

20240

4365

25085

3921

10177

7011

5438

7248

11161

23430

4784

4829

15585

11683

2219

1328

22055

21149

4619

2369

14840

5249

16739

2144

4562

2397

18162

18021

6864

2441

23490

1134

5891

