8000
3431
11394
24562
4574
1195
1546
14766
7175
25061
3643
13014
13890
1452
18731
4552
18810
9046
764
5257
13648
6009
24893
7856
23946
2226
9354
5812
921
3874
6565
3965
20504
14150
15177
5236
3238
5695
965
9653
3168
4113
2759
21505
18040
19818
10356
541
8074
17259
4098
21134
25215
6356
14059
14645
1788
3585
16312
22673
6335
13186
13522
4050
20576
19997
13840
14254
19200
2547
12092
4191
875
12802
22702
24168
20252
16535
1552
14607
9999
1520
5398
1933
1378
6750
3632
11737
7262
21688
460
1909
5143
87
24059
757
5248
13446
7515
2561
6579
23310
24756
24711
20728
23155
6707
20639
19739
