18697
3559
24798
21230
4981
16491
2488
4801
445
3448
10985
2834
19877
208
17936
23809
13784
4582
10797
12993
21678
4870
12850
11879
14930
22898
4556
4140
5207
6814
616
5125
17884
18663
24905
23108
2702
20978
12058
13478
24882
1303
3360
21031
3526
2087
211
23932
22144
14728
17306
6076
22620
1000
205
22040
8738
8961
2005
6484
23699
21976
1337
23972
24982
516
1517
881
17211
18595
4715
7154
17519
2226
470
5360
16132
13792
19377
650
6277
19394
18472
7293
6156
733
21665
22947
11195
5546
453
19697
3972
4219
