11239
20270
6404
3596
10580
4556
1422
10306
7305
9326
4817
6659
10085
20602
6501
8618
23316
13722
6962
20971
4935
4028
22659
11296
21979
1438
5635
11787
2920
16711
4399
1223
12617
14862
10041
24536
345
11871
10709
7620
4560
19387
199
4105
16486
2721
21038
1690
16347
13726
869
354
18252
9383
12925
3830
3729
9630
2723
20037
16419
5651
7193
4606
25379
11443
495
6159
15796
3838
14381
2876
3730
2657
8455
10727
20523
5595
14822
14062
17560
20418
297
6862
13285
17359
3134
13583
23025
10995
19448
24326
654
4761
812
7203
22664
6102
2052
6062
25095
3049
2985
10572
11955
4003
15254
12721
13565
5708
23331
3310
24568
14471
14210
13262
19321
5662
8208
3240
13293
