2688
25067
1296
14450
19413
1300
6721
1559
10601
8398
18625
8928
22732
4747
24192
2650
12900
10375
7119
3903
5354
3798
16933
8352
14778
49
15022
697
4903
4438
4792
22867
4038
13560
1086
20005
19417
22714
16638
6053
9087
18725
16435
25320
10735
8174
1802
22226
3385
9481
14560
20524
24160
7311
12413
13874
99
1836
3753
5867
24137
20850
13095
19819
15043
3978
10545
6698
14042
7050
801
10745
4266
8857
9639
3637
6375
5180
868
9072
13154
4386
11185
1521
15265
7505
4428
19198
18872
24378
1904
21525
1206
13254
19248
23383
10768
23637
2953
6142
20131
3186
10529
10607
21914
23800
3877
