7077
12783
25466
18109
8589
8660
17599
13905
1284
889
14509
6767
9985
21640
16067
21828
25023
2210
11768
17886
3589
20638
13922
19383
3756
3452
4672
8118
13687
5311
1017
14260
8801
4870
23106
3734
5396
8059
19669
4310
7861
3629
21078
14421
17638
14688
20436
18776
8331
9508
19783
12903
21880
2820
5295
6866
3852
24464
21615
5342
18788
22952
7523
6675
19466
18747
22586
14677
21087
7095
5324
4385
316
4696
24501
19990
130
10156
25308
1394
16576
9355
14392
1547
576
465
1797
959
21009
20860
9926
18605
24878
6634
7652
13143
17910
1060
5760
25371
12977
2348
11691
5564
13330
3185
18736
13775
