3023
21126
21250
4354
568
5917
8867
22114
5510
10635
18442
10021
12247
23344
2774
1426
5639
3966
5635
592
1212
15739
5427
14769
5674
8542
680
7527
19247
358
9170
2591
25090
19952
14414
25394
23155
17803
21962
1980
11162
1222
4780
16544
10749
5990
13897
2013
7347
1051
16600
21935
743
8912
2668
14815
2236
5541
4185
9566
11840
25321
3659
52
7044
12707
605
17661
9865
20839
13270
4785
2370
15251
2352
3159
18001
5766
21117
15559
16259
2264
7122
18183
5671
14729
18747
3573
5166
499
565
25162
2361
20516
8222
5924
4739
13942
5201
7828
15568
12004
7175
7004
7414
3048
4990
16255
10188
