24530
18923
3861
6975
704
2610
3588
324
24369
146
3734
17909
2857
5554
14363
12852
9997
3896
7736
24704
14202
24060
2607
21042
20546
3484
609
10489
12940
25495
651
11448
3790
8141
21645
348
1305
2710
3224
2865
21528
12808
13226
1350
10810
22449
5363
18117
6699
3496
22335
14442
15681
1219
18157
5795
5360
2323
20201
14361
3876
12356
8591
12420
25165
14030
5102
1500
99
3454
9681
5569
14389
5793
15225
10952
1634
5166
1880
9799
5928
17608
9303
837
5234
12685
23898
24555
5417
10899
10469
21233
8496
4845
20733
3362
7219
11769
19934
466
148
18848
20087
1006
3209
24815
3897
12667
23664
5626
13510
60
5683
13221
512
2152
3377
