15073
13791
24939
8500
6569
2842
9209
14957
20453
17107
17229
15308
2759
1100
11775
396
16798
16870
14329
5316
1029
3835
1478
23862
4395
1971
1143
3577
1630
5364
10059
10961
18185
5874
16254
21268
6691
2485
2797
6294
39
3964
24130
18626
5180
22945
5104
8820
20390
8120
2004
6877
12188
19660
556
651
18970
3964
5013
7281
17811
19269
24731
4981
23395
9057
23693
21883
19444
16207
4733
23461
16998
10135
12765
21872
10185
1461
13784
24941
774
17655
17838
12942
7760
20202
11721
10713
18086
6727
7828
23696
17390
11193
5325
3004
1482
830
1689
3188
2543
24891
11159
7938
19818
8943
6195
