10989
17132
3501
12705
606
2121
7295
21789
2371
6628
17286
18026
5268
6656
1859
10721
12463
1610
17065
15246
2596
11203
5272
5779
17506
2406
5157
16964
16752
9404
3868
23182
22881
19512
14805
2896
609
19431
12914
6156
814
4116
7601
10748
2733
14459
3034
6630
13481
7438
572
7997
3411
16541
20211
2343
19878
13345
3841
12037
12203
1805
17682
6224
2619
6510
12789
23639
5469
23693
15566
7143
3943
5118
3974
16188
13830
19553
5922
17082
19589
2138
306
3699
22714
2976
10569
5045
2080
22859
1352
1065
19852
1866
18633
16827
13306
763
8505
1104
1781
17385
7869
