5144
8430
533
2763
16508
6228
20873
10224
24783
1478
4284
3650
2518
24705
17306
1997
13061
6709
6241
4052
4885
4204
22439
20327
13060
5244
14047
6269
7042
7808
13943
16796
18406
14271
14430
260
9774
10414
23205
10514
1561
13697
24108
17875
5356
18688
61
18427
8165
4131
16225
964
2670
1349
5481
18625
21816
2309
7415
12777
836
16106
10773
11593
31
1202
20893
7410
14933
8945
24528
16123
5013
5455
16793
8187
9318
6785
23034
7107
6290
20341
19268
8825
14152
14983
11630
6053
7953
18314
13901
1904
19127
13070
20760
18629
8034
543
9414
4316
2315
16482
3422
