18769
2472
4917
13608
8438
8670
3007
190
2333
19216
5372
23230
667
18941
19164
13315
25027
22340
6316
20931
14040
4928
2655
5022
9619
23204
7126
565
11109
13973
1625
4736
22640
1232
25250
5138
4851
14283
21968
14440
8355
24098
4814
20859
18831
14254
15941
4283
13611
13907
23625
12994
24230
4165
5457
3732
20402
5209
4854
12825
1593
6578
9040
2288
6998
10161
1129
19073
2328
13923
4730
266
9408
14071
566
18941
13376
9825
20784
11829
19018
4394
17623
17034
11432
1653
7766
21053
11435
6332
23476
5814
2565
8953
23569
13959
7561
9988
3608
23284
7142
1013
4068
205
4410
5899
15889
24931
4781
20527
13274
8730
3283
6598
