15330
18052
5333
12978
20922
23509
3532
3351
16062
23496
19009
4447
19769
11462
20028
5446
22250
23261
12896
8128
18850
2242
24127
20212
6622
20022
13379
12212
9901
1892
11468
1556
3263
5534
25184
984
1894
3484
3241
3309
5354
22398
2090
16667
13826
15910
9226
7801
775
2895
2559
24119
11863
1414
23844
1403
4965
23942
4082
4901
3637
6584
21931
25427
1597
14963
18863
19016
1883
4842
20317
19069
900
8827
2618
3934
19554
20116
7985
4488
6035
10326
6811
7206
772
2305
7879
17300
5622
17485
10946
15101
13177
5657
6808
4106
2351
17566
16499
20998
14348
24162
17231
7830
5233
15619
2992
14307
4455
5526
7544
3261
25359
4985
291
12436
158
