7912
16352
24019
20127
22748
1474
13714
15663
5115
20174
16629
597
17750
17396
9892
1383
6533
24373
13685
19286
7456
15342
5244
4183
356
12009
25061
5719
5750
1429
17155
3536
25020
3029
25372
10720
5363
11041
25512
1400
1156
17215
15194
9435
3264
6570
1451
11503
22795
4773
17039
21074
3614
4082
1544
67
25215
5833
5876
6268
6582
4007
7173
2163
3054
15612
3127
1541
7587
19682
15032
1112
9979
12590
6978
13308
19110
410
7623
11562
16028
20487
21356
20676
650
2053
7366
13621
2046
5432
18889
4635
18789
8583
