9484
18607
9146
2575
25449
5032
1667
3720
14310
4795
18506
6324
10995
7131
12624
23288
8211
15192
5809
21796
7589
1918
3271
20650
989
230
12770
16518
13457
14063
12803
11396
10948
2053
209
3171
612
6507
12099
5073
2833
1127
4670
2504
9109
7978
5504
968
10981
6568
9976
3348
11798
9937
22945
13324
11329
1495
1873
5061
8731
3125
24776
8836
8644
455
25382
3305
22882
2322
21554
757
3015
12647
13587
3607
5013
16525
7972
12380
11461
1616
5489
6707
22668
5367
17088
7094
5407
1038
10829
11388
1233
9223
17920
8155
1422
8800
5948
3382
7270
7159
9551
78
5870
8489
2592
13143
18848
10690
17177
15319
341
5177
