11080
3422
1177
6135
374
16852
12971
21525
5157
5057
4091
4338
19749
4894
6153
5646
22334
18200
10114
20469
2683
5369
270
3332
13282
18022
7826
23921
25278
2123
13077
19737
488
13762
23561
5042
8551
10126
595
8620
3141
20908
2295
12475
309
22153
183
8512
6246
8169
13508
2054
20024
17631
12342
2006
12118
7881
7906
12645
12746
3909
12523
15541
13380
4552
19651
14765
17996
21254
3551
7600
8578
9021
18115
21126
21667
24194
24490
5314
7062
12575
11119
427
1524
24720
6067
21548
8770
24639
24839
21117
952
6320
5346
2025
16281
23209
17302
1196
17630
1877
24861
