24476
6243
16220
4999
4780
25079
16358
349
5103
4870
4889
16501
18661
25446
23967
7279
22186
20258
2936
934
20957
6769
17350
15522
22709
6857
19586
20629
5377
6941
23885
12127
17755
4751
25312
2598
14898
19835
13206
18248
16440
737
12806
11985
6430
16832
24770
19735
14448
4375
511
3442
7021
11962
6772
2905
22745
269
24966
3181
18767
17477
5435
12632
5239
20143
12343
13433
7477
7284
3784
24029
2315
735
4480
1335
253
10928
9200
4272
2481
9005
23239
22250
8979
11481
19698
6648
4150
8417
903
15274
370
6606
12847
2566
11660
11701
5628
21341
19651
4825
7056
