12870
19982
2333
2320
2911
6874
24427
6529
9649
300
15221
12872
18526
2024
3442
24132
19425
15533
2427
12850
6845
20966
18322
5111
2875
17877
15404
1372
12741
21235
11098
18879
10883
4491
3922
889
15314
18748
23580
11160
311
3894
14574
3729
24245
1446
12721
5786
10181
19302
16953
17452
4375
3568
1200
22438
10123
15351
7230
11181
8703
1465
20847
15798
10908
21489
20284
1109
669
13457
712
19190
11038
16790
10920
700
23410
24303
1853
25496
9477
364
22868
3785
19032
16077
3720
7175
17408
3992
7991
4189
4728
16598
7236
22764
5515
5639
2326
963
15789
6447
14878
