2332
15158
13858
10910
2908
6531
2402
18042
13490
17939
23544
8892
437
1617
769
23398
4402
4430
1895
2468
8804
6470
6489
22213
13940
1387
13655
1497
6557
23233
1047
19589
4198
22060
13855
11446
12925
13679
13515
8017
1051
12589
16638
13091
2094
9829
1551
12639
11034
3041
13028
4042
6179
2697
24258
4735
1159
17517
8371
7285
373
16232
21116
12786
6089
2842
2189
10663
6116
3185
13769
3568
5326
936
358
11966
5126
10361
19793
25299
1262
4540
1843
5610
17107
5118
7196
23550
2250
2347
7369
24316
13923
4156
756
17347
5841
16862
6299
1716
4644
24142
3851
