19310
16150
9000
18719
10099
1114
23261
21217
8554
14883
12432
5944
24373
15765
22823
22945
1651
14186
277
17918
23038
4085
8759
16777
3483
10344
3724
10754
10099
11845
2729
1186
9827
10161
10900
7769
13107
6046
15889
6852
3276
1664
3226
4150
13471
1974
12303
1483
11212
11851
9249
24717
7742
671
3151
13218
6736
11328
6039
3396
3848
14268
9728
2716
25135
1487
6229
4845
16722
3331
995
15630
2693
14046
21005
5499
6106
4063
17458
18276
2481
1241
23010
9763
7123
214
9701
17390
13322
2849
1095
16515
5991
6586
24310
23219
11489
7551
24834
4381
5075
2860
6502
12627
14488
21508
4034
22204
18923
16895
18130
23385
15495
24231
12354
13764
941
