18960
4241
18952
4449
850
20919
10325
24886
8199
18342
15458
4152
3789
25373
2662
15117
8895
21813
12114
4281
13658
9024
6433
4583
705
10702
19688
862
8044
4296
3117
3295
12933
11769
24040
21366
15916
22948
5267
5103
22065
12681
14303
459
18499
19554
19747
12879
13069
23739
12011
23563
3662
17997
6839
5108
8553
7948
1067
5896
1941
9465
4127
19331
5691
8183
22307
5253
12946
13809
16395
13263
2059
11954
5283
2896
8884
9790
11717
17124
5313
12768
1010
19762
21276
3760
8274
6066
18812
6219
10367
17778
9543
22296
8524
23279
15289
18530
19784
15636
13418
16484
20335
19321
16683
4221
23148
15933
17810
15001
20491
4684
2583
5688
20838
502
14126
