6282
24883
22126
12056
17231
19548
17171
4554
3239
116
20621
8799
5364
14705
19162
2815
6830
4567
3312
4033
19720
697
8089
7101
16636
6092
1205
9444
2552
19951
13983
2696
57
2642
21730
19511
10729
1536
419
18356
3345
5285
3059
16805
1888
25139
8061
7989
7135
10326
19526
20485
3624
15979
2876
887
706
11725
5754
370
1888
5182
19709
12466
1475
13492
24258
16711
14995
14499
10740
5175
1802
8827
18944
10242
15104
2793
21369
21180
14152
200
17037
3797
6011
6268
6119
8955
10249
7578
9972
20180
2611
869
4708
17590
2826
22712
5938
21339
10334
2572
23249
16058
17883
13928
5720
19018
4835
