4089
6954
15820
772
4357
3259
926
14710
11503
7318
9907
5874
15285
23346
1960
8746
8816
3221
1716
9305
10604
20817
20854
6157
5971
1313
4495
9646
22488
22469
7187
3477
5187
6768
25363
1233
15003
10221
4670
115
4219
1415
21381
3267
3828
14832
22839
1936
21272
15960
4448
18936
19497
13877
316
13106
7020
12879
962
5936
4876
252
22995
6723
1163
17259
18595
3500
7843
7457
2795
11574
3976
6969
9247
4576
13134
14111
16235
13617
5481
7017
25403
13463
3817
5712
16058
9903
6449
19710
15638
9001
22943
3212
