19560
17277
20068
14019
17206
6964
6364
126
1274
18786
12702
5965
963
18111
4880
16894
21650
20038
12150
21444
3159
5720
1043
13701
10234
9714
14959
23306
15230
24715
3659
11354
11123
18817
16516
23781
8278
24883
16474
12854
15264
18490
6960
15325
23751
3076
5008
6131
21596
14088
7252
6111
1752
6643
16478
22306
323
8312
3167
12731
6199
1813
11546
7582
19993
4407
10388
4504
20848
4273
16823
8440
13822
5880
4629
20420
17598
9505
987
7513
5125
15672
12571
11141
10889
17945
23042
10269
4876
6867
5552
17787
24499
19888
6695
8451
7589
9600
19505
7079
14438
20533
23310
8425
19930
12251
19416
24148
3433
3011
4368
1919
24072
8254
1275
24408
7494
19244
21148
23563
5995
