17236
4984
2750
4080
24521
2114
7070
7396
23371
113
13528
21113
14143
8259
14923
14184
7781
4844
1612
21479
5488
11947
13088
22305
23830
7406
5293
2420
846
19994
17537
17239
9588
671
2776
16267
24889
11652
19221
74
4581
19982
15682
453
5506
16669
22334
3522
1368
2370
894
8721
15888
3603
23467
9477
1835
10151
16048
4303
24264
19522
23976
1499
256
24597
9339
22143
4869
13198
9581
2369
2904
9457
21529
20641
15444
3659
2653
24587
187
25005
5186
17615
13185
5256
5383
2659
8196
3685
497
4562
5070
3649
19177
5555
4430
24510
13302
24498
24131
4242
17153
12150
