9418

5108

15667

7032

4382

16113

7023

3002

9595

19980

14062

10596

13760

13354

3570

9749

5505

6573

15057

222

1202

4315

19935

7901

4664

15791

22232

12564

19282

5570

7500

11505

3622

19511

3028

8382

6172

3015

18487

3134

7405

6829

6657

1590

9569

240

21998

4557

1877

7079

8930

9315

13061

5428

14371

23258

2467

479

4305

24405

6729

3761

6062

6722

706

6519

7817

2015

6846

5797

4934

14861

5960

1928

12200

6953

5981

12876

6549

9982

6369

5469

18727

6921

14784

7010

2699

411

3342

17561

20350

13018

11939

18322

4919

19970

1699

3503

6599

3773

11606

13174

9372

9153

7607

22160

8510

21977

5906

4851

12347

16579

11699

12584

12934

714

3348

490

8748

18606

1292

20982

7433

20024

7744

13088

7409

22549

1848

20240

25169

1945

5505

1095

3433

13209

5397

13180

982

3649

6776

15568

23572

5615

5104

11863

9164

3609

6718

8322

7122

20484

17757

17417

20831

5170

19858

8162

14823

5744

16614

6680

7460

15980

4850

2100

11942

5381

12642

6332

22287

1820

564

13273

11630

11334

981

14275

8543

1256

7355

14662

21468

1499

3045

4607

8534

10205

6527

7290

23221

17493

19677

9075

12018

1406

1957

6710

17624

12870

4099

23785

1198

2660

6624

18939

4329

4152

8585

21439

3258

10404

15036

1941

945

13643

301

3769

481

2034

11759

5232

19420

23565

812

10081

15426

6904

13016

40

19687

13908

7544

5858

17721

23291

6003

11892

13103

10919

5947

18759

5462

16582

1172

5403

13069

1290

14643

23445

10146

611

8326

16661

6819

6310

6566

12324

10754

9841

23188

5456

854

2987

8877

7540

11614

13344

7074

20394

346

2054

2082

7908

21751

112

4769

21861

21353

1846

12641

1297

1826

20179

21994

17986

4942

4411

4987

9387

7419

7698

4918

15345

358

23942

10335

1842

4563

15515

12843

23697

10194

4535

11628

7073

13379

1328

4579

2771

9636

18140

13983

373

21927

4139

3694

5755

17114

11082

24251

11091

5635

21780

19780

2104

11967

5713

5004

11061

1852

4872

20687

17360

4995

14147

14437

17971

5200

22204

14019

21674

17957

18162

3489

12939

1913

21453

19274

168

4669

14013

14216

11027

405

24061

14816

1801

23843

24725

6108

8148

25274

9585

15396

13404

3482

14199

17813

345

9291

19289

19103

4393

4538

4791

19037

92

20851

4586

19728

4867

14664

21032

14114

19127

17448

2960

18764

19566

11560

10121

21328

15332

14480

19309

5258

7320

11640

11397

19811

7040

6928

5730

494

24383

9526

8110

1700

12423

10377

4284

5185

7401

22950

5250

13719

3420

15111

3251

11455

15056

6990

5593

12852

5760

24030

11209

15092

11146

4525

3626

2281

23364

3003

10754

2533

7548

23857

19857

14845

3757

16732

3886

25132

11421

90

25403

19541

17590

12029

24388

21684

4318

223

5650

6559

1517

937

18614

20470

20407

13601

8629

3359

7286

4051

14625

24067

1895

22199

19105

25178

13604

4208

6970

14043

4356

9358

3696

21408

11356

17553

1975

3648

19817

1395

21224

15649

8535

10626

402

13513

14396

6683

5864

15822

13420

4103

13911

151

9789

2697

8681

19499

6879

19215

11462

21394

22797

10457

13398

218

20223

24702

839

4501

12056

15070

14159

14991

16136

14709

1053

2508

21403

4251

2238

1302

6952

20724

21694

20674

2658

16581

7689

8133

4851

423

2510

14602

21336

15596

20467

22443

4886

10165

265

3895

13508

365

2657

6916

4717

2042

1167

12201

20582

17807

6422

10778

9831

22396

1794

13488

8480

10934

18914

17971

16061

5221

21855

10151

3746

2648

7117

17828

8069

6946

14299

12562

7436

5662

24965

20907

7502

21703

5086

18254

7597

9615

25299

5994

12696

1173

7201

24682

24199

18750

3171

1185

10886

19699

3687

8343

22931

2138

4784

1901

23342

2644

3881

2829

816

4602

15613

15550

19229

18929

19037

12695

1688

23992

5516

5113

894

2044

12714

345

1158

5406

6990

2788

12395

17340

741

211

17186

6470

3010

13698

2318

12138

1223

3653

20710

23699

1816

2198

22209

24464

3609

3888

9369

23165

23266

2589

20022

6097

20367

4857

12822

22080

5720

464

1832

2537

1690

4121

6640

2463

11443

10536

15036

4797

11140

1903

22972

18321

5605

15777

22108

1758

8646

16518

6082

18623

25188

16624

11514

18344

19537

5984

17901

15959

2198

2857

9583

6997

19237

4020

2318

4306

1331

5877

2125

6356

3743

4757

16474

4114

10442

9490

8510

7181

2187

856

24016

5405

10903

1726

2717

12552

23190

2693

24274

19873

942

12974

17002

2392

2093

14507

2631

20732

4154

725

983

771

9387

13706

876

23990

20116

18263

19907

4072

1196

25272

5792

2271

3689

5089

11694

15460

2464

6442

23487

24876

4727

24991

21602

2180

17456

12139

315

15036

13120

23145

21431

24800

16511

17519

24980

16910

3674

2423

12993

23350

6482

21675

16260

15179

10305

3161

7407

11924

14012

5220

23280

5519

14467

16592

4670

3497

25077

4377

8352

6747

15970

23104

6085

11284

4340

3163

22952

7593

15750

8083

937

2802

2284

7599

23706

11991

21261

6660

7976

3137

10779

3326

15271

18323

119

14491

3861

12535

1045

18834

4944

6411

20376

6948

23013

11630

5095

10591

10936

11585

7193

9965

16822

6107

22127

24244

16354

13148

10605

17473

15134

6715

5734

14074

7265

5140

24638

3676

11460

8292

3482

11919

21263

11924

25058

4664

357

2355

12541

8466

21248

2536

14413

3164

22745

22186

17490

5183

6230

4683

1618

6423

14232

23840

6428

23529

23512

22445

14172

21917

14041

4122

8412

203

17277

15596

12306

722

13490

9361

7840

18334

4422

7023

6492

6280

897

23603

21950

2658

21655

25385

1131

4319

6995

6611

14916

12424

6404

12006

13442

3132

18415

8241

8434

2129

5975

4245

13477

6944

23159

9236

3110

20001

275

13229

5365

21487

22677

6477

19754

4979

9119

10183

6836

4055

11490

21806

20510

17716

12911

4975

25113

6923

22146

23128

12444

1516

23834

24948

10929

22387

6553

2202

5009

9570

3033

3854

1869

1963

11934

19861

11643

24174

4140

12450

3843

25418

4005

21437

3460

1820

18195

19530

2805

21953

6589

5887

12864

13023

25510

20767

3202

4246

22707

8811

18291

6706

1389

21878

10652

15428

7283

9025

14649

8517

4286

10904

4318

10220

13570

6773

386

12859

13617

3045

14881

5725

2008

2796

18655

13274

14762

20554

5464

24317

16109

10931

13112

18488

4143

6373

15347

14938

5448

4766

4066

24713

5040

475

8009

22172

5503

2616

2518

2155

7222

21036

14857

5252

22536

10928

22351

2402

11799

11057

16313

7097

12985

10820

19848

13686

10959

14716

19518

2847

23143

3205

7896

6412

199

26

5242

10184

1569

21146

2780

10494

23096

6300

5563

3482

200

11085

43

4242

20319

2941

18039

24441

23220

1445

1361

13964

5167

4179

17829

4962

6186

20668

15843

5769

10742

15592

2897

5189

25351

3523

17789

14833

3750

9901

6040

3656

14654

290

9792

4542

2244

1261

9242

770

7617

