11496
19215
21362
277
2958
17151
6483
11924
4566
6244
6034
14900
1484
7035
12094
3781
4321
7598
7728
20910
23699
5944
11762
23826
17943
1840
21362
11316
15944
1886
15930
13840
24443
2775
22702
14829
18378
21384
14001
5681
145
3992
4558
840
22251
1315
2890
15425
8770
3933
1774
2733
6295
7192
15965
13459
1013
2144
3136
22753
1378
3155
20401
11943
3389
23712
2266
20668
24908
4401
11381
5537
22922
6476
4219
11498
10736
7807
8158
22303
3298
22508
6757
21639
5858
20244
17210
2925
20676
4478
302
18904
1961
22002
2495
15228
10625
3768
21443
