10199
3732
5515
7747
12892
6273
3065
11972
13825
18904
4364
1435
8908
8849
94
2244
1515
2449
5337
7036
1036
6285
14751
7796
22619
1984
21587
4345
11736
1139
19397
21663
3597
3302
16027
8312
6839
9547
24096
5470
19539
1332
4527
8506
3063
8037
19931
3644
17976
11983
6322
17915
21603
4092
16456
17078
21180
19180
16268
12366
2133
19444
21471
15856
10746
19880
17117
8191
4940
3778
20395
16717
5345
3445
24621
9347
3934
7505
21303
4476
4099
4208
1378
19145
12553
4573
1849
6284
5788
11666
489
20387
8215
3008
19721
12533
14174
22789
13519
20034
