17862
682
19193
9637
10847
2448
9425
2412
2440
5884
19947
12594
20790
21090
6153
15682
9334
10189
1659
4299
1863
4173
1372
397
4950
25166
17276
68
1349
6033
11546
2746
16789
24599
6264
17058
13571
14909
4337
9297
14661
22416
3749
2687
17947
5207
12610
10568
21326
19363
21756
7297
1743
8122
8585
16941
982
15428
3094
6993
1937
3557
14402
5148
6200
21991
19464
6880
22495
12985
15914
42
4667
8760
6704
17124
14177
23762
7903
24697
18790
14086
21640
3249
13972
20075
6422
14605
10425
905
2508
18550
23009
5893
2623
22914
13737
3831
3723
1525
11195
6509
4422
6875
