24389
3853
7540
7707
2622
24920
20731
25506
6759
6522
14688
8534
6306
13872
1279
2144
3142
17564
1461
9269
23852
14734
1860
1276
23112
16938
8062
6082
24817
5799
18911
12726
13379
7748
5791
18338
4541
16178
6400
22834
1538
24684
4458
2541
3256
7041
11933
1539
9980
7702
6172
3106
16458
15081
3396
9024
2330
11264
10219
4483
7493
923
1210
18731
20015
19923
22132
12373
14187
25170
6975
20802
1235
504
3705
744
1006
5798
4915
5256
15442
9190
5531
18686
24494
22081
10550
6851
13553
14489
22781
2347
23162
5825
6302
15531
4007
539
256
9464
19197
9134
16023
3305
6820
15767
12030
