20319
11262
10680
9728
15872
10316
2758
1925
17586
13066
15126
14326
9747
8839
15019
5787
8294
22665
9160
20452
17645
9540
5524
5184
16336
6903
499
2338
3840
20738
2100
20748
10733
6155
1676
23399
6622
7516
14064
16302
7157
6690
1035
2502
3311
18981
1996
4118
1859
5677
16329
4923
4505
20190
5450
4091
4138
10511
3753
8821
17166
19035
7224
10782
6576
2315
6499
6767
7754
4126
20523
21940
6696
626
1289
5260
3477
2526
15693
5210
6133
19625
14705
24231
19658
17098
10692
18266
25085
5626
5941
1974
3897
15531
1550
7449
3311
18542
8664
13276
18165
2562
20118
766
18421
9481
6396
6406
16140
