25302
4306
11261
1234
13918
15108
24884
10416
5204
22218
15454
18423
3410
12549
3028
22582
741
18099
22797
23876
23147
5023
13219
3665
20368
3731
10480
7487
5301
22720
2946
22746
1351
6531
15833
17792
9825
3120
22473
4341
18357
16047
17506
3065
18280
6643
14637
2903
1211
3826
13222
20507
4528
3588
16960
18553
1653
4825
6767
18799
12191
21011
13412
9038
12971
2070
16394
14562
3568
23745
5047
701
7622
4617
3578
5904
2611
21792
22334
2486
15058
23484
5362
18110
9204
12928
6286
17825
3049
14698
817
16985
11080
20937
17510
17135
20791
15289
3979
19772
21978
9155
18905
19455
