9448
24812
2554
9181
5844
25266
5675
18592
4932
2045
5930
3591
7102
5057
20703
5502
2602
16094
19249
53
2647
5010
5656
21010
6333
4477
4807
12201
16637
23203
2231
4708
6469
6950
2125
23165
17103
5711
20765
24827
14372
24738
5301
23629
11634
15679
12209
2915
19627
18401
15523
2014
5031
19860
11819
17531
21039
22136
13154
11804
1120
24462
20171
3202
9311
17441
6589
1017
21773
22233
15490
14201
5101
11173
4415
11064
13884
4369
6058
18146
5706
14909
2063
2679
3607
5986
6038
24900
4705
24688
23609
17802
6882
19785
22184
4205
461
208
9893
6270
12183
8452
775
21766
15734
8588
20284
23466
