6590
3880
24838
13092
8740
4622
23110
12792
13397
20360
12502
25350
14549
1028
2407
24367
16941
1243
10061
6860
23981
14525
12812
23072
12846
5382
10853
6741
19523
857
4260
18782
7321
19596
14605
251
9516
17004
21116
4336
22122
3055
6882
6579
7528
7868
17770
1171
8392
23954
4070
3159
12063
393
2113
5726
23197
13031
375
3127
18664
21386
14890
1773
11944
5174
12628
2310
6861
4127
11187
5690
17623
17162
1577
16861
14268
4679
3379
12987
3656
1677
11828
972
25091
13674
8430
10556
875
15958
1893
8485
7859
8827
1339
21918
25194
8595
9336
11987
4322
