22508
12657
1164
24450
6761
2893
6763
3070
10506
21863
6863
10426
1163
4566
3355
13930
92
14470
459
12558
4787
1187
1535
5538
12677
20549
8641
941
22533
9376
11428
4982
17378
4650
7611
947
16012
5212
19934
21475
18319
25543
6539
20289
19673
15116
4631
2378
21022
2522
6951
18771
1984
6092
6231
336
21328
6465
24028
3223
17875
12620
15369
1587
1215
776
17182
22916
8054
1480
8395
20053
22899
4725
17007
1839
24297
6119
1489
24364
2747
2063
22584
22155
3054
20579
17724
2606
5776
6045
5058
3420
20241
2540
9816
13190
15763
22635
5224
15211
6469
493
20079
23839
3832
9803
2182
18028
1667
18550
12430
5977
15564
1048
7351
16041
1431
12213
6587
3590
6788
