11545
868
17233
3418
6340
4199
5013
2517
5631
22633
17564
21318
21171
1132
9953
5994
23990
9022
5712
5227
19914
2482
1241
5142
5424
18632
13893
1705
2293
6301
7806
5349
5504
8409
24688
7093
9314
13589
6479
535
12647
2686
9374
1597
4272
18485
21575
18476
25527
6982
9113
1583
16179
6329
16740
5440
50
20255
8858
6440
21003
2083
24142
2285
25440
14670
15371
10762
19498
9915
3522
22313
8903
13161
3829
16556
16748
41
7717
4966
15393
3615
2875
5854
1577
15684
5266
17617
18070
16554
5206
21737
24389
3050
16863
9424
8516
6399
19675
9714
13033
