13904
1344
6879
18629
17193
22081
974
6623
8985
20121
9853
23920
1684
15666
22817
8596
2259
9140
2229
21187
6227
21867
12186
3245
21847
24351
7409
7191
16147
8594
1408
12300
21847
6774
7095
15170
2109
24162
203
1693
18659
16907
11797
3458
1098
13251
14822
25215
8562
17705
7742
2327
23578
176
20654
7358
5372
17834
1664
6349
6931
6607
10834
17524
19939
18561
598
15651
14106
1831
1233
20490
7158
344
24090
19035
1398
13353
9821
19643
9064
4500
18045
2757
9588
4622
3653
3572
3344
18040
5585
21130
22845
14733
9434
24161
14035
18420
4474
11974
6937
6548
1829
12077
25362
15483
10416
5638
19652
6962
10580
18591
1329
1466
9263
6228
786
