2363
16248
8680
3120
5129
20585
11661
1610
5614
1288
1110
17233
24505
4006
15967
3362
130
19219
22813
7247
8220
5720
5364
3580
9797
11365
650
17204
1009
20936
16420
17576
18541
2776
941
3948
845
7369
10977
12216
11449
16165
9116
2309
501
6557
19900
13382
12817
18454
14186
13891
3254
14241
23841
15832
7233
6253
14366
11616
2720
7190
5991
21284
14041
14267
7184
21645
24019
10003
483
17872
8044
3770
23842
4297
1504
20254
10167
24905
23500
6008
17343
1286
12921
5999
18902
7376
5770
3571
6152
20316
4499
20007
7304
18951
12988
7910
20924
14686
2955
