15722
20530
15948
14556
14317
7108
10556
4572
5662
6246
8816
21080
25044
3178
5159
25064
9542
10800
2212
6931
19043
7421
2170
1685
5075
11457
12264
23961
23762
10883
20497
1872
212
916
18612
6376
2194
6964
2417
5961
3682
16029
19064
18121
12334
20321
6338
20103
17260
2604
3187
4553
6690
4307
5905
9891
6013
642
3135
7034
24892
848
9707
20304
18241
12982
5746
2139
25364
5179
20864
7639
20878
771
2994
21369
12726
1849
3734
6678
12355
7254
6112
12414
736
22503
7164
24418
21571
4175
23292
2367
8079
18015
480
10632
6035
7853
1051
17517
21793
10901
127
10471
7658
20473
2102
20519
