12926
9454
7822
6907
6057
2993
1550
7444
5756
9996
15639
12680
18657
23526
23848
7031
18033
6868
17812
23367
146
7331
16609
4715
8904
4945
23025
4783
16515
10708
24969
8571
5811
1877
9359
1232
9794
8473
20529
5904
22181
336
2164
13408
25205
5123
11805
8254
4332
16681
21027
17685
4828
13827
24015
5434
3587
24053
664
3999
18785
3413
12993
7117
6748
22917
3735
24691
21986
9058
8338
3759
3159
20564
7226
2555
23640
13348
2146
1120
7485
10736
13238
5583
4396
24125
23182
10572
25002
18494
24594
4206
19967
21318
25138
13860
1936
14349
21034
11281
16608
1807
23051
12205
1543
24856
3944
2857
7473
