1264
17311
16395
1204
18155
21993
15313
2526
554
2278
1959
3194
9988
21052
4770
1351
3305
1868
5663
11262
3677
14359
22038
14973
6501
3929
4809
1683
4379
6936
10951
9313
12089
25370
1988
21220
13900
11691
4980
6702
6426
22635
1110
6326
10189
3360
8810
51
2108
5709
1283
17504
25031
22184
10282
4991
13383
6996
5964
22305
25484
98
139
3211
3085
2188
9002
5901
24334
24526
13384
1879
22447
14054
421
16078
1403
4603
17820
2375
1177
4239
7202
11711
10490
341
17349
23404
14640
5866
4033
6243
2279
16433
2338
482
4883
11888
16475
14245
600
7140
20160
5813
15005
12984
2181
5529
16286
19955
23721
20136
