3651
2585
7335
8423
19144
4775
12568
5393
5371
6167
5103
2419
4567
125
4308
7864
10896
12662
2685
24841
5575
4661
14282
1717
4502
4841
22832
23875
19807
3499
18692
907
653
8437
3994
10527
8563
25302
17734
10105
23136
6604
9184
5174
10503
16918
18501
11131
12190
17313
8985
17024
15994
22504
7192
940
4004
7684
24834
23833
11998
25095
1575
7518
4903
4366
10282
16800
1524
24387
1578
3885
3366
7510
1557
12970
12610
15916
4673
15003
15148
3188
2568
1930
19245
3870
18621
6311
4717
8341
772
23590
12046
12974
4404
19752
24846
17699
11978
16684
14257
2656
16102
451
6713
15724
24013
2161
21197
10241
8973
1842
1705
22151
