2476
24202
4605
23625
12456
11170
4953
14635
24240
18322
21652
377
12509
16326
7740
14707
7203
21626
1982
22393
24033
16555
18928
1430
9222
3440
922
20691
2038
11493
2260
18305
6038
11128
5286
2478
8525
7522
1941
18644
64
9010
23818
13897
18938
13453
11301
18296
1756
5535
24995
4868
9330
3736
1096
4133
7225
16626
23818
14511
21384
12672
10441
17268
5208
2931
15872
6563
19776
6423
7794
25191
23719
18985
6093
22225
19480
6666
10680
8540
6117
23162
952
11774
15707
2246
16054
1165
25130
23106
11538
2035
13080
183
3622
8977
24164
9494
9491
22777
21142
6664
778
