16178
6516
12824
7979
12436
12809
2023
5995
14175
16124
13548
23035
3220
23718
4521
17500
6166
405
4127
13411
12093
20530
25399
15911
12887
7711
5132
19795
4223
13216
3128
14818
14050
9308
3079
19303
231
3260
4425
11286
2664
11741
5097
19715
6546
9428
23145
14559
17435
23540
5601
22595
11139
4689
2189
9281
264
11351
7646
19230
5210
3661
3694
16947
21475
1140
18757
19211
15184
3579
5004
643
13473
5224
14166
13785
545
2372
3838
21292
3594
25084
5542
4225
9952
1516
10246
11438
7944
7461
439
5163
20219
2104
