22729
23634
24028
22058
25399
5619
9450
1965
6133
20954
24752
18175
2044
14284
3102
24663
2613
19869
3315
4500
8127
5951
2927
16545
5002
15167
16764
14568
5709
4429
5808
13746
12308
13591
13179
6768
7787
4269
24582
23785
9936
13378
1175
7793
3290
12379
5334
4690
10698
16520
6880
1181
23861
1656
3871
4856
5164
8395
10320
1370
6732
14694
4745
18849
3398
2626
4505
7814
334
15675
2723
24944
17943
20771
4707
9987
19828
19251
15412
1405
10323
6206
2002
3373
19271
8000
419
3906
5694
360
1044
1416
5970
3235
17365
10721
6756
23704
3621
12116
12688
