8284

12511

8350

9619

4052

968

2771

11631

4538

5339

20680

2458

13755

20321

21910

13048

18777

18070

19398

19796

23517

9975

524

694

13729

5847

7796

5709

11609

5817

18794

4082

3128

17006

18892

8519

24940

11238

4142

16375

17836

3190

12944

23430

3874

25455

22259

22851

4049

1281

4276

6749

7435

6885

10706

4350

11669

4943

24732

6425

12766

104

4346

2218

1270

19326

20977

19738

9214

614

7186

19562

3577

1991

14395

21712

1410

9071

17905

16997

17180

11978

6072

1508

1916

5205

6929

3708

4527

16225

1462

19797

1075

5809

183

3508

11364

9245

13937

15487

21726

5986

20262

7788

2611

12799

20564

23731

20047

3937

2062

10845

14981

6242

1435

11824

5428

830

22021

6197

21415

17030

23478

5708

3671

18438

24236

15107

131

25494

13695

17210

19902

336

13316

16884

25034

19341

10236

14110

1949

774

17210

3239

6916

137

5364

7204

7217

20451

17846

10316

9574

1153

3265

17133

5624

2365

12402

9391

19927

25130

19576

4564

10378

20552

9293

679

2593

7273

11530

1050

8043

10575

23836

9472

797

7955

1729

10108

16679

19948

9170

16403

5311

11570

4508

3091

12333

7525

15372

19114

19344

14192

14667

9894

16134

3293

21900

2266

21641

22324

3486

12850

24410

5921

6148

2951

24322

9286

12739

858

4870

11479

1484

11986

6927

9335

19699

5447

23455

9325

1760

2142

6998

15085

5684

1764

10912

10793

15733

19155

21205

6278

14090

6748

20688

12214

1112

10023

1481

11280

22301

9218

2923

23720

16756

8194

10706

4578

3193

2458

532

6826

22186

5577

18798

1192

19349

5334

17750

5223

4629

10677

22342

19458

22372

79

15865

12969

7438

18535

7362

11693

5344

15642

3843

3236

2267

7149

11182

23903

2243

3272

5275

19060

12670

5707

19774

2196

11360

14719

10501

1625

18720

21686

3921

14616

23624

4747

12344

8194

11082

3834

9666

24839

18514

16943

2333

11538

23745

5499

4685

11898

398

15260

6474

1333

23798

9532

2149

2387

23077

11262

12091

9413

6169

22485

5252

1120

4014

1715

3532

14175

21816

4787

25200

15881

4027

898

16807

2506

10198

5319

14916

2356

4745

7479

7500

5507

24288

22403

18231

13276

21133

71

3578

25319

4395

6865

5321

8192

2649

2835

3001

5345

121

14912

21649

6260

18533

8130

2039

15735

9137

10591

1787

16521

24285

5420

17255

23320

6436

11349

16598

906

21323

2574

18986

4319

5423

21722

17738

1453

20332

25434

18512

9035

21141

22186

15844

4960

4242

8162

5556

19713

637

5183

14491

4400

22480

18352

6396

11935

15552

7095

5816

20530

23031

23889

21131

15895

2906

9744

3384

2915

12214

19547

12556

14103

12663

1887

8290

15181

17806

23273

3918

3001

17542

3892

5624

1698

19242

6170

2000

21295

124

2254

22022

12645

9407

19778

222

14900

14278

6925

19613

3574

22915

2450

4109

4220

17152

18395

15750

2084

1329

1243

957

10611

21776

23414

13460

2114

18086

10858

14635

1242

5447

20271

4513

7036

12497

2688

6645

5460

418

10685

1727

14547

14951

18925

2841

23038

2322

21466

5909

23678

11626

4440

20587

5601

2420

2135

1575

15969

6184

25133

6028

20141

16631

17275

14768

20656

15441

4950

19502

7967

11640

13136

7166

5087

7212

9681

5826

10317

21565

10078

2914

1311

23510

13428

12022

213

8884

395

15452

4186

19769

25435

19456

9530

16800

9525

17761

6845

17699

20702

5514

911

1507

847

3989

769

6141

1320

4678

24346

24516

6781

18126

7562

2650

24969

6457

23055

19354

3871

18651

9682

13209

4487

16586

19428

16687

4021

5659

8126

2172

5845

20304

15723

9291

20654

16852

14614

12380

11049

10915

15807

13448

21411

24692

7599

532

19569

18686

20813

6522

18400

24017

831

22891

4213

8039

25225

17645

24348

5484

3165

1157

9162

4968

12662

6914

15393

6450

21166

14009

7160

1634

17422

14517

70

15741

15560

4630

1365

14298

22031

3484

11419

2261

6007

3064

17390

20898

18602

4857

12046

9293

23551

4977

8286

15251

4914

19061

13576

19345

15212

22709

6968

6605

12818

4593

10854

8149

3969

711

1815

8103

6241

4674

3236

9957

19032

22831

20466

325

7796

12445

23390

7683

773

23971

1112

25016

3688

6688

1855

1758

15116

1115

11416

17315

1887

9714

25383

2358

5215

12848

17875

5844

2050

24938

5096

6897

6305

3733

6097

6152

17181

129

7131

18260

17388

4665

9085

24344

7699

19980

15948

18317

22847

947

5104

12710

969

6707

2471

15158

17275

4857

11725

352

21617

4148

11735

9650

5384

14992

16265

16311

22288

13025

5079

16984

19345

15832

4408

19994

10040

12562

9735

4386

23948

3022

21753

2527

9961

21722

23065

14261

3405

4460

5710

11953

2637

4448

1627

3436

900

10800

10920

25109

14670

25324

24312

3397

5481

3947

8526

2055

23710

23698

18997

17333

20516

19013

13133

16597

12425

6139

20422

16455

19738

8359

13092

15309

906

9457

2346

1152

12181

1983

6540

10412

2619

5624

4566

4298

5521

5024

1101

9979

20127

18060

4877

18021

5350

473

13020

13643

8322

4171

9901

22294

14993

425

5254

8888

1405

4741

25137

10001

5684

19480

6890

6674

10574

15652

11183

11966

3719

23740

14413

1093

19615

9349

14073

20008

24180

2931

6017

5377

13923

77

23115

15724

19858

21102

6382

7441

9097

6817

6452

6274

11652

23058

10068

2627

13828

13039

2097

16819

11558

19588

9882

14849

687

2260

22306

2408

18839

21690

269

1412

3745

12524

9886

4572

15830

3351

2384

9385

19773

4901

1360

22843

3731

25291

1606

14542

4283

8395

17251

3832

2370

8414

1570

8695

2077

21419

25283

4404

16885

17469

24124

6262

4975

315

1897

16529

820

5809

6593

3957

12874

19054

871

3173

12288

4240

23417

12904

22718

3261

14527

14422

9659

22275

1899

21905

2296

20579

9581

4982

3854

11007

2085

22324

6650

14869

14430

8350

21809

19666

1176

616

17079

5725

19896

12868

3721

23567

2743

24908

2574

15395

1037

8111

2920

11542

10509

11977

14466

6171

11102

17827

14540

14164

9728

17515

17852

378

13638

22419

11233

1528

6738

3071

11794

14196

9603

20872

4552

10255

14343

2978

3110

13575

306

778

8334

8428

21416

18251

24410

8340

16306

3737

1731

22164

15158

19745

5693

15625

14760

868

15995

905

12900

2528

122

22653

6559

16334

3192

9774

18099

17808

15988

15550

19418

2875

21142

3119

16070

5431

12428

8132

2827

20076

270

13970

3130

15286

19233

4787

16753

4255

1384

25437

14690

13748

5315

3975

5683

11970

15241

25503

23173

3700

5644

22934

16335

23133

23603

6151

6789

23903

15406

2882

940

2279

2847

17710

7201

6481

206

1166

2156

22059

14347

806

1604

2363

12137

23774

18104

4118

10764

11947

22452

13174

233

20762

5459

2656

21923

22287

536

20054

21033

6336

2799

7584

22605

12289

12067

12303

8575

25393

2702

5560

20001

183

19680

15900

145

11146

5972

5536

16455

5304

24975

24159

4261

10459

21170

8541

5694

