14485
20808
23260
5718
1576
4265
11858
21996
11004
12577
15665
15485
10369
17405
14762
6995
21972
4755
3549
9476
1943
24482
2804
15643
10152
2828
1163
21384
15572
5766
21146
12201
24898
17912
12460
11387
11097
4943
4365
25379
1196
4385
20029
18319
3366
16144
2016
13027
17952
12339
17234
24651
21468
19731
10298
22185
6039
23251
4048
17959
13668
3780
1060
20917
3014
4353
12330
19464
7142
3504
8618
25296
24828
2510
10460
14619
5837
21143
5478
4303
21973
9400
23086
14240
18656
2954
18341
3494
10101
22644
7088
17935
