12746
1984
2290
3552
6471
24974
319
7109
11862
23563
2549
22123
3634
19563
21410
2603
4408
21069
22899
1808
17006
7471
167
8692
23582
25345
15092
555
4581
898
1101
7801
2721
24628
22654
1917
2189
24477
764
14175
17430
9288
4021
14935
4275
3702
24346
20768
2495
17119
4935
2279
5707
3273
4577
11604
1117
14219
13931
13186
21009
16949
12905
6716
9765
6015
662
9719
24085
5437
16370
8773
4569
16429
4031
2886
4036
10751
14331
15680
8990
1957
3016
6826
6811
4529
21096
7135
17930
2477
1361
14596
19750
2258
5658
18995
3324
18560
7286
10330
16807
13709
2297
6034
24398
5809
13092
10960
7256
22384
24323
7422
