569
3006
14369
6631
1798
11758
10950
3088
23600
2289
9807
1781
3733
599
5875
2392
354
24927
3478
23017
21325
5695
4169
19267
2495
7008
22938
4451
18418
7392
2022
18680
5053
11164
15518
18458
23961
24904
11353
5321
9697
3914
7689
9238
22153
13817
23094
12196
14981
4592
2864
18256
14188
444
3045
5394
5349
22653
10104
16263
13804
8626
18762
181
15827
14105
7073
4719
10697
4341
6126
2434
22440
11615
1573
8322
6504
12302
2066
22537
3919
15072
2015
12152
6834
23949
5507
9445
2705
20105
9661
16342
24508
11758
13433
3313
22918
14299
21692
2543
2873
1640
9525
172
576
5522
20067
21015
11654
