3043
16536
2635
8806
5786
6234
4708
25279
1106
2231
5060
6645
6864
24688
16076
17047
900
24443
13001
16043
14932
4911
5123
2226
18691
1929
6089
16155
9068
205
1765
13900
20969
532
3798
21664
19067
420
12647
8636
5840
20097
22870
512
7132
9938
7682
9704
4518
6368
9867
9847
7317
1789
23842
21189
2310
23605
20399
11803
13998
24553
16890
7326
9566
12040
2625
16859
19960
25074
4849
3273
11635
22190
2136
4957
6421
17694
11187
3496
7000
1508
17727
81
10330
1703
18605
3189
19448
3216
6505
23792
12495
6302
7213
17985
11861
5681
5352
2155
8513
1108
2782
23263
4513
983
1269
11121
24271
