13317
11966
1787
2215
18992
3883
24867
2942
19226
18151
21375
3067
12208
18551
10248
280
9454
9004
15999
20195
10876
3040
9031
23759
9176
10770
6041
6894
22058
6937
2290
1315
22641
1403
5303
2147
4152
2218
20977
759
3467
4950
13324
6130
23221
6477
10219
3707
10720
21876
18333
5284
1112
17329
22190
21471
15463
24767
18773
4716
2587
4379
15348
3514
20512
20182
23088
23996
9439
3472
14049
15682
1698
11255
5117
23816
6920
10642
6362
10153
24041
1405
5932
4178
9354
10975
5183
10680
15276
19123
2176
21665
19093
3259
11755
10280
16951
22620
4066
3672
15616
