12004
1032
4633
1141
14327
3103
12226
23712
7215
6560
2552
454
25255
18906
4436
24885
4366
4431
16239
15367
5044
12267
4469
20857
5386
4978
15164
6073
17361
11399
4755
14571
3081
12359
4906
11000
16012
19853
6775
6998
9982
20314
23338
19071
5290
12527
1749
22237
21074
8421
5190
23822
3023
4322
14583
12223
2805
3036
7686
22789
3303
9439
11722
9300
23577
8064
9653
6553
5636
12229
14045
1783
12963
683
5518
19673
10697
20835
5161
17759
19689
129
1618
273
16009
1710
14911
3730
11154
1735
11811
1896
4967
6104
23782
6941
52
9088
20791
6795
11547
6339
17622
17780
7917
4468
12565
9836
10867
