186
20766
21635
7207
1519
18058
22162
15993
17466
2089
11926
207
971
5181
6699
20382
13253
16415
15743
4395
19962
17189
1184
9108
13760
6472
13696
2712
2856
2441
12306
19523
23252
19541
25012
7022
16947
3478
247
2034
3681
658
21388
1525
13067
12206
18839
3723
18247
23849
5140
1867
20253
8267
5287
13070
13838
16315
21072
24088
4960
7213
15015
12128
4914
573
5145
9550
3512
414
7888
14554
16440
8028
675
18935
10491
7025
17193
15799
4923
511
3173
19202
16886
17345
5425
5535
2165
2682
12471
19502
72
12356
3973
8942
3605
1137
5239
17749
23816
