6087
21347
2528
14798
17702
14499
20220
2210
5511
15334
18090
7942
7948
23155
297
8523
7066
4997
25251
23939
8530
2912
4632
14705
3170
24439
20384
20410
6369
7053
20771
15501
11354
20631
1765
7291
20012
23944
11681
14713
21182
22179
3846
1100
13245
15281
22546
5361
6709
24120
18301
698
5983
4580
150
14219
3917
450
6540
6652
20818
12973
23639
16169
25120
10811
10136
1063
4336
13371
3706
11880
5273
23544
6689
25429
7042
964
11590
7196
11388
19159
9443
3132
2400
9001
7321
307
24904
5907
24913
3601
4908
15863
1488
22738
19964
25208
17763
2741
9584
22429
5318
2595
8168
6969
25467
12230
7629
6494
3319
2646
18240
8082
