18227
14958
5071
22613
670
22791
3524
6875
25416
15965
7752
21265
3617
25515
5346
16869
19628
11407
5678
10444
14172
12254
6529
2393
9403
2834
495
21865
9133
6034
2640
3590
1358
4304
16187
21239
10381
7116
15223
25188
25285
12330
4137
2201
7888
3710
14523
6987
5887
2290
6480
15299
21372
22709
10560
12724
13908
22157
24545
7104
4963
4948
12279
3750
3417
24921
14700
9269
3545
16276
16376
24413
4236
20774
11900
10415
24537
17624
2924
4864
16097
11406
23410
10566
1479
17561
4387
12078
11543
11102
17446
20440
18829
2399
6777
15944
23146
10177
17548
17412
13232
5261
14584
16656
11679
3308
120
7018
24410
