6979
387
17364
20781
23445
4087
2585
11511
1684
6985
5122
2365
7199
20408
22184
381
18837
7709
234
5562
3284
15577
18563
13186
18317
6386
10164
11065
17110
10644
6133
6701
8923
20151
12362
16396
19058
8646
23485
18212
11732
13395
18934
6224
6003
16334
5259
4427
23176
17659
79
10498
4763
6960
4312
5307
10868
3404
10938
8920
5737
14789
5180
12290
8017
3787
23538
18076
2848
6862
7431
4198
10870
19119
21235
25445
18143
6676
25292
1558
7434
5728
1649
10769
3555
6225
6915
512
6010
6538
1858
7460
22100
16420
23608
19849
5842
8629
3336
