7841
5524
13531
13124
12389
23561
23607
22999
25181
19157
6104
22057
4118
15021
16874
9679
22388
6027
22995
6429
25112
6273
2241
1233
9920
9927
22291
20746
1211
957
4719
6753
502
1041
25403
989
10649
4838
4538
14241
17999
9106
6122
6424
4938
1603
14818
9841
18485
14938
4751
2508
10678
1557
3009
15937
887
14017
12566
4173
10416
10249
5000
8572
19382
6954
17402
15247
20791
4458
9840
20785
6003
571
11961
11968
6442
2402
5131
23838
1906
2326
2589
12946
23314
10931
18148
5113
16340
21370
14317
909
1599
4720
903
13170
24544
1031
4630
4021
