3199
7751
14831
24476
21022
1263
14449
9207
5153
22108
467
10481
8911
650
14126
19180
11862
2821
23328
2549
13850
7839
23370
25188
11423
22207
19038
6299
18139
5791
18594
22284
7113
6947
7859
19419
18084
10974
1542
5753
404
5280
8875
11229
3456
23688
11491
16101
7169
6484
19122
4507
2685
492
6484
20161
4136
11168
750
14635
4098
4831
6719
22090
3193
11040
20583
3573
4466
18745
8580
9665
1888
1024
7520
12669
25141
2993
4088
6744
17556
24239
19814
21558
379
3540
22397
16710
8293
20778
5975
11754
11917
7700
18263
8756
9373
3457
2961
15367
9739
14157
8139
21516
