17555
3940
3510
17988
17114
1822
3797
19213
8288
18944
11841
1185
8608
18170
271
8824
5865
300
9740
4705
24115
5174
19461
5422
6736
22063
10907
16894
5381
11942
1171
5604
15049
9782
3984
11458
19881
4180
18387
16338
5931
5655
10491
12167
2253
9496
18164
18093
16161
4502
22274
16268
4713
18839
6924
22812
5210
18643
22887
22860
283
7592
17350
396
7702
8408
20168
3447
2372
4566
5742
5752
5552
5263
1753
25392
2282
18529
8435
7384
18703
6055
4191
25488
1887
8673
13582
21455
9673
1500
6449
2591
12860
4280
15627
2119
3626
1184
6255
13608
19705
6208
14531
5060
22037
4177
4988
5379
5333
7869
4716
11998
6048
