12299
11315
22525
23716
16095
23899
10731
1711
15391
889
13164
2396
4671
22800
7429
17461
23575
18589
3381
5064
11557
4682
2850
12898
3062
8820
3815
4302
6885
5306
17413
2300
3798
20311
5722
1871
10715
4670
17975
11423
4471
25219
22032
18733
6939
1956
2914
24185
4433
22520
8546
2146
21006
1876
10746
2348
85
17528
431
1504
1306
19721
8667
25261
4278
1509
3904
17060
2595
24739
3142
14145
18279
3716
5050
4516
5119
13978
19581
7096
8131
2123
18702
22569
3642
17496
16030
7068
11101
8245
2071
7955
15759
12301
19286
1739
10039
6838
