1479
12575
4694
2494
8419
13755
14876
14666
14838
6352
4470
9779
7970
16014
4095
5806
22552
17855
5065
2810
4273
1540
4670
23273
4598
9107
11577
13754
6906
1669
9847
806
11154
13862
10757
13365
11806
18951
8842
5104
1794
6088
3439
5189
4074
4911
12178
2943
5249
19584
434
21635
12316
8997
10768
20423
17315
12768
14757
21542
10059
21414
5015
656
3587
2991
24745
9638
2327
20081
3918
131
15814
624
6392
3764
21902
3078
25019
13150
1943
8419
20294
22949
1135
9693
24365
742
17070
17658
10944
18242
985
18344
20220
17600
579
61
24663
6800
14171
7887
19683
11248
23604
5943
12642
5775
