17516
23108
6867
16145
18241
3282
20621
22736
1166
17337
6251
432
22724
5090
7882
16296
5391
459
16147
12937
1155
3336
1751
5277
5473
24444
22553
6063
12228
7467
809
17545
11999
195
12147
10785
6516
3001
17746
14780
24312
4625
10360
21648
24679
14909
696
2615
3434
5386
2281
1359
23680
24910
2374
10635
18445
634
7338
24708
5983
2349
6080
6146
22609
5817
7177
2852
2340
18112
18951
4697
3590
192
13245
19675
11516
20505
3215
16955
25377
5160
23945
23854
12628
11215
1998
2574
17828
4948
22727
4749
9824
24926
5840
10348
11628
13989
1040
4990
12241
10463
12060
415
22835
1457
25359
1339
13264
7061
15452
13920
