15026
9548
5861
3807
6083
14827
1059
18757
15187
521
4673
22078
831
16627
3941
13471
15079
6720
204
8148
6045
4177
22708
4595
8999
17792
6009
21643
5881
19218
17403
7154
10454
9846
6473
1244
17860
7465
20560
542
15672
2980
7738
11365
23833
11555
2363
4051
6476
21110
11382
16274
5605
2755
1410
4108
8351
14711
3297
6917
2967
8091
25505
22632
2202
20876
15145
4183
18196
8069
15066
7425
8147
2340
21692
18485
5107
5013
6521
21103
862
3841
2543
12488
6712
15873
22677
4010
18826
24205
3404
25083
9219
9291
2742
24962
6743
4769
967
6490
