18933
1732
7425
612
3735
15847
7966
14612
7765
21516
2973
20154
1834
18683
6567
4655
21811
3193
17369
20740
5264
3315
16752
10203
5672
15745
23172
1107
10502
4986
16566
22170
19308
23999
13342
3880
6700
8731
22979
8701
2931
17862
16691
296
9194
1167
6357
98
7625
2207
5130
4577
3071
12476
383
6492
21826
6110
3930
20534
13540
4362
16729
1285
2224
7236
5717
17547
19944
6353
24028
5669
20255
6424
15672
4745
593
857
503
3338
5407
10586
5476
3243
11069
588
8190
17771
19315
1381
20350
60
6725
24760
15631
19118
6185
9547
1681
22600
15421
20250
1430
5544
1351
21259
22061
1212
408
4955
2887
8551
12850
23589
5492
428
207
