18864
861
9048
15050
5470
22680
23504
20721
2311
5248
16300
18582
294
20061
3735
3682
22994
19888
8827
7385
11112
11301
17338
4099
7075
16975
5070
2275
24882
17945
10069
5241
3905
5941
19913
2396
19867
15760
3103
13281
5276
5621
18090
1147
13798
12339
6489
3728
23520
23693
17984
5673
3732
1297
6181
6677
1525
3611
9068
9426
10968
3685
5620
17349
18385
572
22559
7620
2247
21915
12173
15118
6375
4583
12436
2602
4192
11995
9614
1902
22031
14678
6273
16111
20730
5175
6822
17728
3423
25488
15515
3041
12660
11022
10043
14676
4508
6975
22278
20432
4706
3960
2074
407
14694
15031
16978
