21797
14098
7315
11083
10443
6625
6800
6358
23537
13055
15857
16609
19772
9843
2684
4870
3123
6885
3961
7548
2364
5184
5007
12868
4382
21133
6512
3769
16647
2956
24128
21023
17717
7382
12453
8947
4370
5688
19874
965
25147
12222
2792
22906
168
13398
12105
8333
9184
3903
6644
21079
12152
6368
2176
5911
1424
4535
4216
6707
1864
16272
14138
3344
18245
11651
11933
19868
20044
6785
16117
11232
15046
2878
21795
25532
636
10023
23452
13161
22128
17812
17485
17198
24430
11240
16684
14645
4223
5992
12047
7156
10509
19578
