3169
6336
9060
1138
18812
3976
17749
15793
23588
7569
11374
10305
7800
5767
15648
19395
8049
3842
21327
16306
3252
5150
17425
11305
15890
1160
3683
6029
6884
13847
15866
273
5109
19212
6103
6983
19601
14293
19931
14444
4474
5226
3548
22661
14033
4467
1312
22312
6209
6693
16576
19598
15613
6807
5007
3314
6846
1086
17830
5135
9825
21978
5249
3924
23582
3472
13473
6994
19446
1256
12434
7990
4339
20216
15602
19971
19070
780
1428
21570
4114
21054
21496
10870
12355
19234
11562
12602
4213
13535
792
108
12155
16925
5799
25233
19059
18930
2102
1116
19576
19789
6656
20705
14045
11510
8750
7171
3652
3678
10802
20980
