12797
6825
6839
8298
16170
25022
4933
22333
3619
7099
2891
22592
17259
15295
4359
951
4117
15804
818
3133
11349
24856
1317
16267
103
15221
17013
18794
6720
20861
23990
19751
10752
6731
5220
2374
22140
1359
3884
16932
2887
23580
25517
25115
8094
7477
17752
17718
1148
11626
1268
14131
15692
4887
4717
8624
2411
5755
23307
1207
15936
1585
7964
5194
20481
10948
8512
555
3124
23648
23456
2310
360
14682
195
2626
6946
3792
11803
23088
1428
24664
19725
8650
6808
15890
9218
6904
9704
19119
6361
20622
9240
3094
8530
11544
22738
17469
