10463
25244
10419
7545
5683
20687
19173
6992
11285
3616
14636
15870
4134
8465
8559
12921
8410
22898
19617
6927
11641
6273
3391
19993
514
2215
4813
1556
25090
17409
10767
38
4457
20506
24954
3391
1053
13308
3518
4128
21818
21114
16414
2539
18730
21016
7288
2002
2060
4264
15670
262
7073
23844
1681
5433
6134
19216
1786
12200
2235
15894
7175
5750
5487
3886
12867
24355
12848
5162
15510
2495
5562
2514
17880
25389
15507
5737
18407
6951
8781
1627
3823
2299
16608
8280
3340
1226
7170
16869
7747
5965
15365
1397
15139
6946
6875
23385
7439
19142
6801
3956
20797
8927
17216
17151
15359
17976
