2199
24663
11198
2027
19617
2649
14145
22573
642
12793
7669
20601
21050
4164
18547
7659
5158
23519
5448
752
25107
13299
3302
5903
17157
6284
23015
19505
3958
10140
24100
3493
2402
4407
6486
6315
5065
6477
398
2396
7162
23599
18857
1164
15959
8873
6502
5891
932
1961
13611
19499
75
14595
5217
24887
21997
3046
19948
15138
20276
7613
7441
1598
12947
14927
11335
7352
12407
19941
2706
1471
5723
4148
25287
11461
3554
3701
20765
12949
19585
6657
2442
1444
13107
20204
3285
1273
23981
21511
8452
4799
8740
13353
18685
6477
165
6747
7646
6771
549
2709
6309
1153
2353
3167
15567
8813
4175
13513
20499
17005
22992
