10797
4245
2033
23123
8068
6883
4576
7209
19140
5047
6940
13982
12726
20745
834
19096
5878
159
936
18092
21254
353
4287
8401
18294
21101
3433
21772
2837
12428
5838
3524
12260
420
6511
4303
19566
24490
3096
18181
5373
22395
3567
6239
25118
24531
22257
14197
10536
2021
14075
23751
25117
16670
18918
21771
24789
23612
14363
11500
7014
17405
23372
7554
25091
19346
2287
2560
1747
18553
9347
1650
4353
13204
19016
9603
14094
15947
13244
24596
3678
21938
13412
13408
18575
5445
6653
24661
13694
11109
2325
24470
20927
11316
19485
5167
3151
21915
454
13233
21085
16985
12121
20192
9521
3492
16543
4341
9183
