7280
17698
1182
9232
17348
2720
14515
13597
3530
24210
1384
6894
3339
6628
16850
4708
4612
4328
14287
1080
6906
14960
2870
16601
8420
19343
19818
13850
1085
12389
17519
82
7512
2195
24510
6498
9240
3457
24055
11919
4975
6615
8764
19524
25533
24886
14630
1048
19499
18873
4097
2547
20496
1014
22471
10414
6473
10264
7525
12755
22382
7791
3249
25065
5309
7640
981
8362
23560
595
10974
17724
23888
11013
109
10285
482
8865
14039
547
18403
5834
4576
19883
20534
20945
5434
1572
109
4553
10217
23701
6563
21642
15381
18297
11360
294
17998
6074
559
4795
24982
