603
4967
12435
1568
3291
18517
1842
3544
3740
23700
5627
2850
19215
11438
17122
17279
16749
9456
6790
13423
2476
16257
6366
15546
5331
4275
24378
20606
20184
16798
23800
4262
22563
6297
739
2986
6096
18189
15629
16873
14764
20459
1423
17816
7713
10288
12433
4808
7354
3105
21009
25
25339
3366
1266
4696
5662
11090
5227
12975
1015
20571
16428
6600
16669
11799
13952
18787
14573
2667
11179
19065
11748
3008
13225
5167
10078
562
10741
7070
21237
8702
2406
10553
21135
7573
13062
11424
6424
9383
9887
3477
2936
20594
10477
17351
15534
3713
23582
5721
24779
3204
18212
1390
23184
4190
19578
4917
3844
13190
4884
3763
17415
332
23577
4578
3265
985
