8263
20772
21279
7442
4437
7680
24891
20566
20903
21521
2644
7289
8133
9876
24108
16429
2908
10778
3161
9437
10576
12655
15898
4822
8652
23597
8237
6170
13645
21466
7076
7350
7017
14524
16375
10488
1492
16485
23589
23235
17119
545
18531
2812
15083
4679
24477
8939
750
8218
10459
8738
7507
3290
12475
21397
2016
20124
4999
13149
13119
22664
13634
1038
6666
20217
11568
5208
6608
13207
23922
13411
16212
5766
15849
23405
3085
5048
21627
6604
5635
7287
24526
4107
11695
18342
12309
16551
19716
5905
12386
23011
8050
2876
8356
22662
24577
14964
7095
12724
15853
13945
8653
18409
4088
1129
7111
4338
13279
