8353
2175
15071
9926
3896
13161
11583
20595
10071
5844
5022
11934
5684
1937
19631
638
10650
22211
18397
8445
6400
22563
7241
12695
23996
8841
4271
9847
16294
1285
4505
19847
10344
6233
6929
10142
835
1630
3675
19538
3065
2528
5616
15563
3875
1901
13297
10261
6262
2381
4625
7697
5043
7376
25090
13007
23384
19068
3861
4831
14349
17478
2700
1527
20569
12270
20488
25335
2084
13912
8368
3969
20632
7674
22597
17882
751
22480
2385
4089
797
5569
9056
21012
5908
10597
2925
6108
19615
5813
8895
2888
8844
14100
16265
5434
16349
7422
4715
17040
24922
2232
7236
10000
3256
4355
827
9032
20480
4701
22700
6724
3493
