3303
813
3796
5980
6378
5109
214
2698
3206
369
18901
12468
6583
20355
11266
19885
20395
22399
503
2872
606
8337
4102
9904
1580
20499
14270
2893
1322
25118
14020
24070
6506
2067
22162
5649
4866
20321
3042
22700
6975
24475
1726
3827
12327
3967
12606
1669
10302
1127
7961
22074
3448
6085
2626
21341
22407
14787
5066
14477
13034
14250
8058
5953
7344
3315
860
20787
6178
2323
10329
1369
10651
179
6197
1930
23973
24852
24938
7448
16840
9649
5341
21938
18962
15832
2287
6494
10892
21219
10334
21415
7502
7260
13049
24859
6915
9104
2105
2998
336
4717
14758
4775
11234
19026
13736
5215
5712
