22766
5049
5459
23026
857
7432
17638
18204
4239
19597
5244
20416
4348
5289
4860
5237
13419
7047
194
5209
19101
5019
18295
19317
9042
4940
21082
3271
24597
9636
22749
3305
10209
3795
2205
3655
385
4504
15808
16001
4978
5267
10693
20080
20408
21884
1967
9243
1008
21338
5445
20900
19269
6225
10150
6166
2841
1365
4430
23627
10533
2753
6050
2302
4674
17263
11113
25350
20643
4085
8231
19604
392
4286
17899
5585
11858
995
3759
4394
1626
8388
1966
17354
9538
21719
24363
19568
4413
3640
19359
440
6610
15276
21979
11097
6850
1172
4471
3486
21834
14518
14302
875
1514
22925
20592
