19245
16777
6503
13284
25473
5250
23405
503
157
20452
110
2144
17976
18753
2759
17074
554
18572
3080
23263
5460
2146
1663
25025
18994
6946
15384
20112
7217
12034
2505
2486
21285
2691
2536
1519
14736
5625
20198
7359
5751
10538
22270
1629
13625
630
6715
2367
24034
19130
23878
17234
15412
1971
4101
14635
13949
336
564
3667
13799
5020
12273
542
24003
3789
21973
2053
13088
16697
3845
5577
13292
17580
610
3728
24211
22747
21415
3486
10786
4551
11868
4899
2357
8606
2618
19780
13342
22078
2030
5755
3047
21246
5358
3852
13996
24613
6595
6465
21479
960
7055
14001
5362
9244
18638
6957
13906
6953
6157
20564
4759
15027
10023
6283
2825
16249
