12895
14521
14925
12318
12917
1427
7947
4012
3660
13370
293
3884
11294
16102
19591
8548
3176
9060
13107
8157
7595
12315
14661
513
7200
5929
12084
1135
14283
3718
8032
16805
21322
24187
10146
14442
6161
25114
17776
17240
5685
4651
4640
299
10667
22480
2497
11059
23930
5002
6363
24042
12748
13097
17557
20351
20574
2777
2397
5107
9315
15506
21733
10125
6409
22079
17677
4326
8470
13093
4030
15768
21515
2425
12497
4808
18263
15148
12547
7226
7170
16569
9622
2670
9907
20074
19076
16655
20639
4128
24585
10231
11787
11528
6181
2749
12283
22455
3266
11731
7168
19608
6885
