11204
6015
13525
24060
1842
10501
6852
16679
25513
6861
5316
12318
3986
9154
6314
6483
16852
12457
23698
6836
8030
7382
1096
12083
18905
17978
21578
3430
14469
9874
16635
13133
16900
14404
3712
9503
21750
3222
9208
23138
25392
4239
2933
23338
5486
748
1928
3558
2277
6444
946
13650
25454
22013
2161
7389
25045
3476
6671
4932
15968
7099
6988
1657
7937
18809
2809
20289
20026
25176
14909
7615
9370
5683
23432
2718
8770
24788
5970
21684
14566
19386
2734
17014
17570
10002
19082
20511
13795
7577
16655
3199
1755
19796
767
9822
14210
11761
