18121
22453
18428
1377
784
11116
9982
1673
18422
1408
4635
1939
2945
14398
7247
21125
3350
9358
8570
1497
4246
21094
14950
20976
7493
15221
25445
16232
5849
17350
20780
16486
20415
57
4786
3607
4130
372
14664
3341
23999
5745
22775
2415
25319
23302
973
2577
8943
19607
6933
20829
9995
10903
10954
3803
11861
19831
3368
9145
11362
1294
16721
17344
4413
16684
3170
6391
7110
1852
8821
13876
7188
2851
9725
14396
2745
4703
8981
5939
7387
20505
24984
10287
11229
3124
16293
20055
3860
16909
22060
23859
6750
3360
20058
10678
15728
13339
1095
19311
6545
1011
11680
3675
249
22639
23475
5306
20976
22013
4371
10257
17833
21436
1878
14995
370
