18030
18339
4284
15902
24106
3058
4508
21004
6448
9239
20474
803
20737
22890
4570
15398
5927
5874
3128
17322
11278
326
14605
9306
3089
11640
1043
926
14794
3006
727
1637
7495
2842
3264
5576
11379
22135
10955
5688
7709
22667
3980
6498
3555
19106
18454
19341
3776
13405
5765
5077
12192
23469
742
13928
2764
9013
8574
21647
6999
23283
5179
6514
11430
6990
8802
3425
551
900
6315
12134
6277
959
13525
3038
11438
23941
152
14106
20547
12848
7540
13692
2142
18496
7296
18336
13087
23276
7185
16512
2066
20344
6979
20005
20191
3821
23632
12400
12622
