11385
25114
2099
14901
20881
91
25206
10229
9395
12737
8626
3273
20078
23692
17691
24752
21374
2401
3114
12670
18245
16452
15980
18500
11633
1198
10074
6817
2684
4803
15833
17145
9804
18922
6931
20867
6516
15143
4568
5616
24709
22352
4963
17092
19096
20368
2590
5791
23913
5518
316
20950
5569
10629
17362
23453
11366
5876
18460
6100
10154
9044
15547
2110
7309
10810
25039
4634
8273
11278
4700
3053
1877
2815
6872
17976
9910
5206
5153
24299
4125
4489
6534
3196
6213
12237
4516
13297
25129
25341
10562
9146
14616
8424
5994
6240
24413
8527
20009
3493
190
2499
11632
5933
17482
6990
1044
4541
15245
15464
2020
19519
18347
6158
20864
2977
22414
