19463
916
4584
11862
5572
10493
2816
7227
2576
20134
9599
24304
22505
22037
7793
15439
11986
16598
56
15351
19791
7005
15112
948
992
12631
12817
694
5360
3995
16470
8224
2564
3132
6458
17583
214
10215
11407
23545
21433
797
22726
12564
17852
1253
19575
20084
6398
11956
5918
11138
10998
1694
2022
2859
1113
23185
4341
2021
15022
2494
1088
21198
21178
6604
19028
8056
3700
6290
3178
17098
1507
1067
15718
7164
3365
3081
5725
1320
1029
19077
3076
6941
10504
22696
7740
224
15104
756
11673
5507
4133
8693
7351
2386
13220
19108
8487
508
20020
5373
17959
3868
16613
4472
7251
8533
2589
2645
7495
20282
12602
12080
15139
4477
3176
