19049
2054
5855
3558
11584
15517
17815
1552
788
24886
3147
20717
11737
22581
2116
7413
6958
21226
900
20375
6058
23519
6523
9867
25204
2919
23311
17871
20952
124
21516
14334
11369
4367
7233
23857
18306
2056
8499
19253
13279
9597
9420
7372
22425
12002
4673
12443
6113
13420
16670
22902
17607
6939
10135
6704
8673
13848
25524
9770
9483
19523
23295
6860
20704
4402
8991
17273
21227
3029
4293
9241
12031
2754
3551
3969
23508
23830
2077
4655
19868
9984
6674
4783
3610
2360
19078
110
6685
14199
5476
24997
22917
412
6965
18035
20002
11595
5602
10465
23794
2207
1359
12420
24114
5954
1345
341
14400
