16521
12691
5655
19895
3510
17037
20439
1479
2649
6043
6978
2072
13762
6389
11360
4227
7772
25551
17795
18614
10462
393
23607
18439
18427
14814
22147
6984
9308
10518
3445
1716
13226
219
23779
6421
16460
3265
9106
20123
24684
21107
12635
4341
24091
1383
10192
7627
3649
1681
18892
19392
6330
10736
14727
24009
12067
5624
10812
3093
13638
23457
6654
21556
22332
9924
21662
21295
4714
6642
3717
4653
11217
24395
14471
16861
6278
82
2350
325
21581
18597
8964
2387
10704
6697
2785
17593
1585
12284
12013
19679
4682
21066
12079
18017
824
5712
13619
11895
5108
30
229
2600
6253
5036
15472
8571
18697
18651
23311
11152
3168
24830
1305
1563
12296
11244
