20611
6781
1318
4887
13623
25031
3992
10948
16947
22029
17340
20859
8685
1807
13861
2009
6852
23269
14791
3027
8514
6101
23281
24554
709
8758
600
24014
18955
22239
24480
15335
15120
10513
2264
6990
6232
20491
10194
24036
3283
24679
2095
5729
24210
22730
2186
11962
14787
7329
2056
11033
13424
24848
14400
12078
2159
1576
19874
5088
1037
409
16298
1158
2407
2377
15680
945
2061
23835
1422
23035
12876
17829
8195
2090
18818
11447
12468
2371
5296
6922
1111
1838
4048
4963
13369
24684
23682
3063
4926
12061
17258
7254
9030
15545
8958
18587
6987
22899
20196
3713
12058
16568
24495
817
4159
2002
