3656
3485
5962
17462
5637
5243
8563
2668
2724
13646
18712
2462
9651
6426
19161
4733
15543
3941
6518
1581
23601
7349
8486
2249
9480
15768
6085
7649
14725
25136
4467
7423
6096
897
12698
8886
630
6806
4221
3786
11590
6123
16004
14368
1432
18172
2637
22835
12578
5898
21671
13052
10165
17563
21351
19228
4845
3490
17902
2674
14425
8344
6051
16382
22054
16003
4232
14921
2732
5861
19105
7502
494
15733
16583
19939
15528
297
6045
9824
4291
9770
6536
13515
16926
14590
20926
2129
25001
6753
23148
16704
14656
9410
173
15640
9939
5708
22803
5857
1176
2614
16784
5726
22108
24271
14764
3637
4338
