17033
20700
20707
22328
11906
21762
22305
13340
12171
2639
18096
7253
12236
11124
329
13337
23498
17401
14569
6033
19755
13643
19461
7002
25170
2228
7324
1596
18709
18304
16066
8849
14414
10992
11681
18534
22616
18341
19962
24306
24053
4024
7811
14443
21214
23629
6637
3808
3795
17227
18539
9345
25289
7304
305
15441
3334
14216
23408
3068
13752
16458
20733
1957
17316
22108
3659
13007
11051
20580
4565
15712
5003
13057
20116
20915
1514
22001
10667
4650
661
14666
3264
17948
7105
2934
10017
14382
2246
24031
24257
16999
1212
2925
22091
3484
12751
19873
19365
6640
19319
481
6813
20054
19646
7971
24469
25326
7710
23327
4405
16929
