2659
18491
12935
12289
19573
9380
12639
23503
1274
17415
24909
2356
10970
3051
4237
9614
2253
22055
1300
14445
2026
22443
2979
17029
1248
5465
20122
3540
24084
7448
17327
2201
3239
22726
21897
1022
4731
6857
9149
24940
18666
17212
2635
8602
15151
10743
13666
22135
22502
6103
9298
1216
14457
11449
7692
613
12543
14345
4911
14595
2238
7088
3879
77
4894
4946
2553
13018
14818
1104
10493
23215
1074
2337
25340
9497
22302
1433
1393
24922
19960
4473
10646
3291
15937
17039
3156
9530
3130
922
3178
4912
7438
16704
3694
19913
6864
11875
19590
6396
17758
20308
2806
1955
1974
4423
11483
3048
7227
21178
14924
4587
293
