12431
15058
6911
21222
16723
22342
10026
21037
21427
22825
6156
13485
4202
5046
6082
7639
1365
5254
16708
16128
441
24112
3258
2770
11589
23893
7657
12175
10352
4479
10599
10492
520
21151
5745
3484
3936
19412
14051
3987
20079
12351
18159
6801
7415
1833
5284
9660
2935
16493
2771
16647
3860
21063
10516
14822
6321
19117
24719
1561
17075
19862
20653
15302
14849
1224
4372
5224
15982
7126
12774
14377
1810
452
4496
7965
1821
17437
15251
11864
19950
8891
4312
2396
7663
15644
5222
7040
7800
1575
18929
11630
21355
17076
6697
23803
8000
5489
772
4735
14388
20905
24133
15484
