21512
2307
15826
814
792
24796
11449
81
22488
1839
7432
11364
5147
25515
24284
3989
103
13081
11331
1082
2005
3244
1787
16022
11630
2444
6877
8474
5719
17845
6394
2226
17249
23375
24158
7586
5632
13210
8221
3338
16501
25207
25447
18847
14509
19018
2832
9006
5684
3709
15652
22985
15250
2825
16687
2201
12071
9674
21912
5879
2343
6074
24333
4827
15102
4506
7577
4011
23471
25369
11823
24480
17094
3814
15467
17967
20447
24697
18
742
710
24203
16558
25176
5429
13326
13131
7201
3388
4200
20336
24582
7565
25221
7005
5047
1963
2634
21486
16475
19954
480
2136
12157
23311
24979
12590
14624
11883
1280
7937
16686
