4615
10832
9470
8177
1560
23577
7779
11168
3311
1850
10688
5712
17008
6714
21063
4994
7789
14500
15904
11024
4852
5200
4609
1957
6075
13437
17475
14425
6870
11550
24974
23880
6175
10659
15957
11459
4700
5020
7363
4264
6722
6436
15935
2275
2854
5924
1010
6987
21761
7241
21810
13100
6639
9442
7489
3334
11385
3267
1145
1041
7131
7169
16649
20774
4744
19141
11623
10352
20568
15610
2549
15334
1518
22362
161
11469
4495
6857
17834
23949
22427
2996
2819
21030
20766
2433
86
7228
13981
5766
6074
3056
2411
3919
18986
6045
1013
20769
15388
21131
7858
21432
21148
9538
20816
11828
11040
5369
1953
4264
7838
16754
13237
10809
13483
10114
5044
359
1988
3414
13247
