17569
6865
5031
13345
3539
6963
19631
1917
15597
3106
18635
408
5817
3144
1401
1496
1730
3702
3596
5750
3640
3436
24396
15446
3638
24227
2286
3422
2434
21486
18356
23012
16173
21028
5240
4758
19370
2930
4077
21694
6077
23273
108
5295
4220
5551
7418
6342
1094
11048
16624
752
11901
18372
5829
14764
123
18170
4044
17486
88
6731
6364
8499
21891
13781
3869
4467
1698
19264
25221
16435
19037
12691
23568
24451
13179
7284
1434
15969
17651
22243
16256
14389
6948
22753
6150
10673
2470
21759
16660
12981
2080
8303
25424
10083
16145
7804
595
12718
14338
6306
5037
9021
15271
6198
17243
4750
21441
7431
19767
7137
6290
18917
12297
20459
11670
