11960
1141
14721
19498
17132
958
23757
25187
325
2642
14914
23543
20074
7024
1981
16541
3411
4870
7834
19323
2369
5079
15047
5851
20882
10754
3937
3554
1431
9873
18841
5297
3992
5550
1100
15594
20816
5507
3693
16517
15776
4047
20094
1971
607
3443
957
910
4477
17061
2560
8964
6593
12943
2578
6726
25412
7278
3541
14680
3363
3849
4383
1077
14696
16583
23065
23384
7511
1347
23596
22400
7225
4976
2749
2873
21261
15919
7632
8831
5158
6925
17689
8168
21199
6647
11928
20060
6718
3422
10525
20468
19632
950
2825
3438
5579
8788
9534
1677
2408
2758
10157
