5652
9973
2468
11022
3826
5018
25235
5619
20794
4839
24319
8539
8828
8258
11802
12319
8369
1968
15877
1725
10427
15743
6486
5280
12173
20233
14436
7037
1961
6782
16023
11919
6860
4741
11447
15295
3929
3481
6696
19388
24937
16149
14350
20681
1517
4616
2216
21556
21522
435
9417
12918
2355
10701
17833
18241
1190
3403
23384
2180
7172
23582
23271
4424
14239
10127
20836
7830
5458
5831
757
5610
21166
6134
5911
21484
4158
630
2670
4900
19767
6506
14595
2943
23686
3685
9142
11499
8369
18541
19367
7312
21029
13906
22197
16875
14385
5084
16163
16747
20195
7216
3615
1235
24691
11656
24244
2136
2715
16506
5280
17043
14337
5606
8852
17340
1635
7260
4966
2810
7950
