5821
15045
24109
5021
24964
22296
13807
23160
23876
22987
3540
3140
24568
9092
6855
17406
13015
15763
2525
23372
8677
13729
5454
18268
6091
1289
6260
10239
7160
16241
23576
8468
16453
22814
5718
15477
3081
9943
2533
15835
8312
5272
22768
744
4605
4575
3862
10537
16636
3079
11505
19607
4975
18635
8006
7072
15473
9548
7019
23474
14568
16825
1656
23401
4916
4385
19406
14808
12957
4427
9897
18672
6976
18469
22335
13303
7202
23359
19459
13001
3279
24345
14459
11945
19952
16607
7222
21471
285
4698
15318
5907
20121
13878
1750
9941
2912
10454
3172
20745
16999
6926
13518
