16436
12977
4633
14703
8819
7415
1363
1357
23021
4660
10602
6978
3091
17814
20093
6882
6568
4988
23375
15607
21439
6089
19855
12299
442
23657
7488
21541
23306
16551
11327
1602
2217
6284
9799
8256
21485
180
20266
12324
5990
16632
17332
1360
16028
3887
10267
10856
5758
13528
18565
20943
15514
9445
9995
5122
16585
3543
6466
18947
457
20727
10512
11196
8691
4243
4018
6347
17222
5063
1582
9378
19953
6954
1264
16339
10268
8882
3704
5516
24109
5781
9785
1718
14688
4731
2216
1198
18156
861
4036
20296
20749
7261
8723
19290
17774
22901
4589
4994
3090
14219
20662
8322
20675
5790
15550
14619
14402
21048
13365
2481
2493
4419
13457
404
17745
19928
