23366
11605
7643
23495
14137
11365
1878
7088
6769
6969
1024
13021
16023
12897
913
2771
24659
12096
2570
5520
13310
13697
16410
8990
18430
7387
6883
11180
22779
12768
12159
1001
5293
278
15746
1821
20055
1480
6358
11646
8495
17892
5266
5070
1293
21387
23790
3891
20582
11487
12546
1807
11660
3560
681
1176
6371
9107
455
20550
10283
19314
3055
21407
1082
17011
10247
2073
4399
17669
3655
7319
11292
7840
4461
24876
9049
10542
5600
15664
11083
15432
15931
6217
17264
3227
9318
12431
6823
6332
19425
25398
21571
22855
7805
25459
782
3481
19244
25124
13491
16087
12541
