13930
6823
13276
5644
16297
24224
6805
23575
360
5119
1662
3949
15776
12821
19377
23855
7116
24357
5407
14106
11198
3544
18561
9332
10517
21736
22872
210
20579
2228
3169
11043
1128
25403
11158
9809
3725
7031
10704
10237
5839
2551
13596
6055
21504
4342
15280
7069
21447
8500
24197
1619
2785
4475
21655
13172
3220
549
16300
18476
2255
1586
2757
21555
25171
19351
4319
25433
7133
9235
23334
3128
13038
6698
6604
25139
2074
16385
13445
327
3068
12497
8692
20749
1801
19870
19371
25141
6360
4754
24800
4573
13677
12754
6715
14662
4903
15165
2476
19634
5253
13198
12429
1980
5940
7241
11803
24341
