22213
8709
17081
24073
4359
808
1091
6189
9547
4496
5070
6338
2024
14975
6168
2880
2373
8909
12244
12190
15804
3211
6066
22537
24647
17184
7126
24251
3353
24838
4052
4489
969
3075
724
5517
13310
3472
6286
5787
5917
3302
3916
6274
4411
1373
1467
1977
10336
2963
25286
19815
14434
2196
5786
12700
6416
16690
21546
20254
8761
21758
9562
475
9382
2586
789
11219
23549
14704
15262
3954
14858
2214
1974
5172
14202
21450
20529
46
3834
17976
9004
7020
6130
9372
23091
4395
21052
18105
2961
4036
5021
16290
505
21093
22552
14606
3645
7757
16366
6008
20610
11763
12591
9913
23483
3909
17821
8075
24402
2357
822
9304
7099
19695
7706
