7045
16484
3623
6673
6717
5983
7257
8610
5929
20518
17091
15876
618
16324
21538
21461
1966
4456
6661
13034
323
5150
25301
17063
19005
6304
10550
14243
4533
4468
3969
15478
21673
20167
19468
2275
3838
3770
913
1336
5961
6369
5356
13583
12295
8032
21943
14730
24182
7880
15443
3295
20211
7856
24511
22814
9972
232
4463
4599
18917
1182
15210
7405
7166
694
604
21430
13239
6579
11479
582
9052
9905
15628
21980
17534
6533
1158
17287
1554
23372
12995
7748
11847
9578
3054
5501
932
3483
16145
14933
6497
15751
6227
21027
19128
23918
10888
22070
22713
11629
20964
