4977
14498
1151
13624
13711
2562
17208
716
19557
21842
3579
20696
4248
564
20107
15169
4381
4137
13286
22716
17658
13998
9047
20173
12290
24211
8379
1652
25416
4826
14985
1256
518
19750
17556
7078
4662
17997
16393
4775
7095
5159
4878
11291
19265
4722
17124
11527
2976
21582
2454
13144
2742
2079
135
14973
5884
11286
5606
20954
3953
17743
2063
460
1890
496
7805
24863
5783
9682
1467
23193
16007
10308
23172
8934
3592
345
22242
23971
4066
10262
19231
3784
13319
16166
18402
5005
10872
22132
5068
3892
15098
1497
10173
9886
3935
4187
726
16503
23461
20227
5436
4431
5961
20605
23029
8307
1394
