11603
14187
5681
19487
3647
1760
8769
9778
4676
9967
2880
18215
209
15085
20169
8079
23556
2470
15595
4098
4531
9225
6579
1820
4298
20252
9241
3477
16084
6355
13417
14318
5914
12464
5394
4790
22197
23622
3855
22000
6030
8604
5190
9372
16176
3521
7669
8209
2316
16088
17828
5556
21843
6378
4331
3350
1119
16105
23735
15303
16977
9814
6194
3873
17087
25235
3479
3141
2015
2635
3474
8296
3413
25493
6031
24451
24896
6596
14795
6033
8103
620
10322
6927
20474
10032
21181
9612
13043
1104
1171
5066
3209
22361
16477
10455
21312
12346
19744
6246
