20916
4523
1722
18509
24213
11752
4779
5390
3025
17252
10861
11876
11276
6098
3229
1524
25537
1983
1749
11415
9936
16731
8075
11623
21561
6001
4379
8890
5120
3092
21470
25014
17138
5051
1964
2809
19801
3690
16715
6425
6357
19668
14246
23553
12193
5242
7047
23254
2541
23338
5974
5089
3027
7194
5326
11868
8271
22338
7015
3405
5816
18035
1445
2882
4046
22559
9260
6444
22571
14396
13173
19068
13459
18018
21313
17721
7317
6622
1597
5185
820
19483
2253
788
67
23285
12932
13592
1688
17733
14418
3008
20858
16281
21407
7284
24060
12289
22159
1769
7379
13456
9018
11869
11687
7090
12011
21011
215
