9600
186
19574
7042
21402
13683
9807
6469
1525
793
9561
15330
7014
791
5853
2138
6512
315
22872
9173
3726
2751
5874
6154
5322
8366
4704
3917
1709
2473
9644
23165
21317
22384
2684
7104
5123
2548
3552
4568
9197
457
18552
4989
1437
8451
8926
10996
23680
7611
20881
484
16538
747
21852
5480
6068
24931
18833
3697
14942
12955
25046
18906
18924
1334
5725
264
13641
12672
668
5719
2979
861
3734
3941
21460
12406
7749
12874
15669
21902
7108
3111
18922
15924
5254
6175
20941
9496
1774
6149
3067
5409
24612
3110
49
2433
3122
20592
7020
15590
25421
861
3883
7003
6358
256
10543
21973
6016
10986
4960
9425
24274
21008
24799
