23249
3995
10346
427
3034
1559
12777
760
18783
14256
6795
19449
1924
10318
19503
18432
4451
6838
22004
6320
4635
11333
10470
1588
11146
21651
2354
10694
17647
3436
7185
19471
7519
16515
10763
6501
1858
20043
7090
17968
1863
20035
3628
8354
24726
957
12037
5361
1446
3271
9050
8660
1256
6894
24453
14874
15524
3647
2675
6661
6754
4136
10330
2576
11538
3666
23640
4558
21546
6196
625
7159
12745
14915
13742
2670
10749
15069
18250
14546
21211
18689
2915
21599
21661
2447
15494
19663
14074
13357
10471
3041
9042
7607
1054
14612
4576
13608
766
