5808
1641
11330
2336
7242
8938
6235
14478
49
11334
5762
4947
20585
19017
5247
13388
23150
13362
5937
3003
1672
22767
15365
17713
21656
21771
23567
9052
9551
6140
17078
24643
13387
14931
12744
23433
16791
513
1453
5077
1819
6354
10044
9883
13337
3591
11579
10616
17253
23998
11761
6133
18365
21179
16526
3530
5211
24397
11924
1477
1618
20833
21917
22361
2961
3046
14484
22001
23346
2899
16681
8299
20282
7045
12697
4466
24352
15827
17958
6791
19303
15920
1701
8748
1908
5255
18199
16054
17626
19675
23278
782
22559
18723
4443
6562
6061
5681
14651
25226
4563
3569
7014
20957
19126
7009
16903
2709
17881
4587
17382
213
16247
20477
23872
702
5577
23537
