25396
7160
23205
8606
24608
5440
1860
2702
7820
1701
24972
2902
19951
4578
6594
10120
1124
577
7076
12118
1925
8789
61
4088
22921
4759
2969
4883
24667
286
25258
3738
18006
16937
19554
774
3713
1036
11006
11363
18256
15265
385
182
3301
10142
22955
8182
7266
499
14606
13130
10167
25347
746
15678
14752
2819
19787
22545
20307
2556
8931
657
13971
1112
14401
12720
5902
11732
3502
5965
15998
24487
956
5471
2377
3895
24235
18630
146
10104
14697
19493
5576
6694
1477
5926
8074
6151
21061
8073
892
519
10551
2607
8703
657
10203
11496
24430
9142
12441
11692
25188
19108
25169
101
2497
