19437
25130
6016
10511
1886
3027
18635
25097
15866
5240
16289
2409
15800
18300
1774
4178
23565
13353
19256
19354
12845
14291
570
17263
8474
19598
941
15151
24611
171
3938
21099
6647
13528
17630
2166
19707
4059
3129
8804
18421
7307
2178
10668
23577
174
20882
9325
11326
2377
18515
792
15962
2571
8480
10685
7238
22017
2647
11962
25212
25193
5815
21288
16369
8505
13543
5102
393
8074
5979
297
171
12506
3070
8450
129
2886
17119
17398
2387
21078
1518
18367
6345
4916
24992
19369
16905
12102
14988
21114
7913
14513
22134
22492
17136
15613
21267
