15137
17938
16991
3263
5210
23422
11653
7232
10590
2900
18102
19546
6691
7979
6898
19381
19045
1054
5207
21737
3512
981
8435
9311
8326
1382
6599
7507
6001
9747
8056
8052
21707
19045
20870
3241
18851
2641
3157
6842
1001
8638
3652
10953
16841
12102
9017
6000
24415
8172
3566
20545
15317
19900
5189
5448
5637
19775
14559
22195
17140
1771
6526
13183
23301
22390
6129
18442
24680
2049
13245
3062
15899
16570
4961
3971
19660
21530
15895
10886
9457
4070
1527
10313
8042
23178
8080
18962
2011
204
2498
20325
6690
13147
5384
19738
1601
13306
6772
12741
19690
13142
21868
6065
5668
24190
24557
7411
24539
7238
23671
5295
13330
5892
17431
12345
10479
