2057
17285
22019
11238
14275
13482
4141
10054
23090
18749
9945
23309
6033
405
2047
6420
17797
10723
22235
6929
3321
5528
25469
1184
8799
19081
343
21704
15633
7517
16519
14457
7980
15318
16974
16876
21352
10600
17210
3147
12157
10799
16850
17215
209
7769
1381
14009
6507
19987
2050
23955
20116
9250
5594
19009
22352
23306
6022
3369
3672
5847
4619
2364
9062
3484
13146
13881
11650
4592
2246
21859
19455
2996
1748
5272
13314
21471
4987
8408
12727
3692
2140
11187
5932
18725
3887
23824
6956
9959
1363
14173
10780
24521
6543
1954
9306
22850
4553
6788
3655
1728
18392
3177
12112
21379
23784
20510
8703
