13002
16547
20085
25272
21592
23089
23433
2976
19461
5766
7160
16944
23324
7751
2445
12121
3517
648
5985
5575
24818
21147
25163
15529
23460
20464
15698
19299
5276
25310
9627
5348
11143
8185
8732
21423
11924
14916
1859
21751
4296
1116
18100
5060
24858
13449
11729
17749
8060
17710
5690
21541
18359
3156
1199
19203
5100
2273
14658
12595
22695
19579
11751
21979
6447
6763
1638
2817
21206
16284
3263
20909
25275
962
3693
4506
12264
24600
10675
5768
100
17411
6713
10190
4715
18383
15466
22476
20309
20411
10714
2617
14149
8318
270
5286
1024
25175
25398
5745
365
5098
13959
2065
3896
2926
4594
208
23414
