4513
181
11163
570
1549
2689
11216
15738
16582
5339
7571
3426
8157
8396
2495
10211
21819
16403
18178
17207
17383
5660
23801
13044
9043
25144
7990
14327
11954
6123
157
6174
17594
8365
6979
16906
4979
24790
18208
24544
2444
19065
4240
23550
24993
10134
4835
21217
764
10481
16557
5296
20573
376
3806
1468
964
3687
11504
3484
13218
17498
11251
15171
7277
14115
5530
5323
5415
22881
4322
3332
3255
21917
19395
1963
6097
11711
6624
12400
9350
717
9011
20602
4415
8791
21763
4788
9706
11803
24809
11189
2192
6118
3829
3553
6287
3432
11073
