3083
2400
8475
15330
8376
21326
19349
12697
12506
6709
13540
12497
695
2114
15195
22433
5522
4455
10322
16082
7084
4358
2295
24193
11938
682
4287
24655
7550
3129
17520
25318
6784
24216
15363
11950
20110
11630
8113
22613
930
21448
15402
21584
2054
11416
24146
5932
11466
12731
15030
5884
2015
10323
17745
15680
17599
15131
5290
14994
25215
1848
3133
15200
206
5776
7893
3448
3533
19401
19331
10128
25308
15933
12734
15358
17516
1161
2577
15560
17473
3325
6944
20165
4349
15125
8056
11591
10999
7964
3280
6725
8725
391
16002
5014
18158
24413
3325
8632
18626
21583
19104
24840
17920
23284
18921
8598
19284
9720
21913
20352
17294
