3049
13446
123
6393
9411
22781
15076
3553
4798
20322
778
17148
6925
3683
1512
7865
19625
14235
21010
8615
14585
9411
17737
23062
9291
9595
18067
23706
14889
2358
11849
2460
3790
11924
24853
946
20764
2320
6231
21415
11201
4451
23696
16278
22287
3775
11746
20291
23029
22476
24228
538
6304
21011
7236
13409
820
8691
10333
13630
4966
5944
17255
3027
16023
15462
17624
2246
13660
16786
589
24243
7111
23613
14874
4856
2917
1003
22874
947
14430
13044
14582
7638
76
4204
13756
16603
6399
8042
19675
14867
3405
18663
1571
5791
12231
23765
3162
6708
23209
2722
5297
21868
10122
13166
18561
6087
3348
13435
3249
22998
5337
10265
15653
7177
22787
229
