4729

15170

724

17465

15688

3076

4085

1520

3953

3974

11175

12842

10997

17643

11724

19675

523

4442

926

1889

17614

11190

12173

2476

22181

18688

14339

12287

13913

22415

2085

13428

22267

3172

16004

19415

326

3617

2156

12472

7164

20998

10301

7829

24390

13680

16056

15897

2664

11962

8593

7168

19986

17387

1345

1051

20954

3610

17233

18889

25527

11832

21656

4338

23681

12114

1383

19538

19580

23122

16975

22336

12594

5690

11316

14663

7727

3317

14215

7802

21584

2153

15057

5992

18629

23303

3164

170

7392

3347

25031

12482

1385

6328

19748

16055

8907

23351

2999

753

18319

19149

17923

12154

12362

15475

16214

12238

11197

5403

22477

5102

12616

2829

11104

2261

1352

11018

4354

5487

9010

5125

6053

3724

16287

16546

4465

6322

1339

5337

21588

2584

1585

5480

1871

12015

18604

11105

10514

3052

2930

22360

7976

1067

16449

14372

10921

23650

8736

11782

695

20643

4230

16303

14187

23550

4621

4010

11295

18572

8105

16018

19367

18996

1783

16118

21968

2910

1513

6378

3524

9942

229

7555

19930

5285

6551

2664

12377

1320

10306

7469

4481

11193

20668

5867

6771

6226

19354

12192

4671

21360

19970

5729

11679

5746

13049

13848

16625

14995

13325

5733

24594

17152

4154

3552

25407

11144

9134

918

4282

17437

2946

3862

4284

6377

3981

2973

4913

8189

9518

2626

1761

7213

11166

10375

4542

4074

16723

14421

6343

3794

24163

4589

6502

3718

6462

7422

7974

2784

12183

4116

2746

14208

10847

1178

1291

22786

14499

5690

2435

21858

9704

18714

10737

21194

5335

2203

20384

13501

17971

24424

2339

10398

20804

18555

3980

8615

19138

10717

356

17225

23734

1844

22070

15586

19844

5052

2389

5759

5145

10534

24062

1764

12747

22124

23348

4726

9428

9975

7068

16918

5327

1282

3328

4863

6078

24701

8142

7161

15740

25018

18828

20296

9872

3542

9067

3682

3240

23018

19739

19176

14570

11920

23533

2323

2257

23357

14922

17568

14250

5756

5262

13861

16687

17170

2335

10006

6779

20386

4528

5550

22779

20030

5074

5396

18776

9723

3612

13426

23350

2490

5501

19475

10093

6184

10970

10652

14739

16856

10026

11984

1375

18377

21053

20104

7983

3965

12487

6784

4128

1029

6103

15650

24801

14673

19236

360

16479

4434

3443

8756

2502

16537

8328

12139

12150

17140

13029

12148

15671

13293

16720

22239

5288

12632

387

2345

16985

12042

5082

25493

6391

14884

20295

14394

22806

11477

17404

5818

18324

20964

22996

6419

13990

5188

13072

19268

6353

4520

7091

19328

23212

6934

1292

605

22103

6373

18627

9080

6909

20626

504

14200

9488

6377

9007

6298

1285

3733

8643

24056

23163

10481

1814

13914

1827

1611

24767

13574

5799

17645

19659

2997

13873

8473

15652

14232

2459

8200

21651

7001

984

3475

2823

3157

7210

5572

23412

19501

1271

4940

238

4634

13650

6315

5155

22603

6584

4110

6424

16975

21681

9043

2676

15816

13076

12261

7675

15275

19091

10402

8367

11958

20707

1904

6929

6073

13557

566

7179

123

18344

23047

19386

1028

21334

25180

5437

7290

8824

9229

3041

2314

5099

17056

973

3088

4525

3372

11102

5332

4420

21534

1236

23348

20099

22509

2283

20319

4189

3309

22522

8999

9758

20423

22288

6492

3312

2096

9648

24680

19837

8140

10455

24327

3738

5140

24682

2883

24697

19995

17662

2167

9261

1213

6233

24126

13342

4403

9403

1384

7565

12773

2054

25162

18228

16104

18084

12431

2227

19431

4689

16988

12977

15585

8127

23031

1346

18942

16552

18734

6281

3491

2635

7313

13323

23479

13119

13885

5535

12455

13933

23220

10398

22650

683

11128

12088

12392

6663

4861

22399

11980

8574

8100

17732

4536

24727

20402

1912

21918

12409

19571

338

17375

23419

5765

16533

15187

2544

8288

17995

4202

3669

22947

15635

13789

9405

11343

8546

2857

4308

686

22710

3949

8208

5637

14649

707

6833

21916

286

1400

5892

1646

15957

3205

22529

6395

9593

17594

7777

6792

23189

18939

804

23574

9973

23460

6612

21162

8723

848

11028

4206

18451

6765

10622

905

620

24268

15933

16848

7666

4622

7202

17631

13088

24409

24535

5221

6819

23107

24111

25248

9642

14091

329

6038

3592

7116

1427

19547

4306

14287

10279

14106

8534

712

13638

1468

21618

17259

5864

10742

18772

11694

10210

5440

1004

15248

4702

25461

9952

7498

1048

4780

15237

3516

6146

476

1360

2035

23317

1841

7324

5617

2119

16373

8261

22720

6118

5831

8999

10760

16330

70

12157

660

25013

17862

5191

2713

20384

12192

15092

3036

10319

4933

3078

21198

5988

20648

6363

3644

4940

12444

24077

1073

2722

20727

16533

13225

4055

7018

8734

19636

15709

1353

15384

9741

12697

66

2045

8553

14140

6924

5766

3964

8757

14172

22079

4489

3853

5721

19700

2036

1211

13996

15576

14052

12156

20364

15884

5312

21867

3672

17715

9535

25384

25540

6810

2564

16189

15710

17101

16084

10540

5676

21714

2400

2565

8329

17146

12816

12938

13083

4307

18023

3077

18215

6351

19662

13936

25010

5226

1294

6376

3281

16431

2403

24837

5416

14058

24614

3735

24549

1182

3187

17633

6296

21021

21582

14096

19444

18727

9028

18996

3742

12412

5157

21620

20356

8376

13222

7943

2410

7105

1720

4584

22661

1722

7704

9832

2945

15605

6759

3724

6513

23648

7904

1708

4857

10703

13713

16674

5214

15586

8823

2448

2324

14276

9949

673

6631

2545

13585

10520

6023

5916

5075

25403

18359

19610

3688

25493

1996

6255

1669

10080

5092

17072

4504

14632

2725

14290

20232

61

8664

12789

18840

68

6321

3742

4115

2226

16215

710

23169

21624

18089

16959

4601

6568

7183

1462

25259

2006

13391

4393

16667

14649

18450

7057

23669

4389

6797

6069

633

3067

1963

6249

3783

6740

11200

2003

8604

17345

16955

20319

2735

24830

8214

20945

17105

4227

3900

503

10718

17133

2826

15856

20843

3930

6350

13694

6955

4656

22339

9629

3519

15388

10008

12001

13902

4794

7002

3031

2454

24355

4221

11241

5637

20079

2609

291

10288

7177

10794

24612

16687

1239

24915

8141

3262

20948

14201

18757

17853

7098

23409

6476

6630

10288

15829

7726

3050

3528

7613

2574

17540

25239

716

16345

18035

23595

10754

5044

965

24279

24509

10524

25203

6582

19734

1549

9363

1185

12742

24103

23321

19903

4234

5598

18639

10298

18875

23971

14215

7120

10356

1738

14729

5592

23588

3820

24203

2616

522

17660

22357

521

3506

13357

1914

7161

9260

7218

2826

5796

21929

22603

10343

2034

15398

14064

13587

21510

2169

16642

1068

14113

3476

3552

7567

162

11711

23797

3028

6256

25249

18818

246

3143

6426

13541

1602

4269

6239

20050

3563

3150

12392

23378

22496

1634

106

4454

79

809

5139

23659

6837

17531

2596

5635

744

1864

460

11749

22460

1643

1814

16537

11600

2543

24463

8080

895

19149

10919

18417

18904

3327

4152

19187

21199

21407

20044

9328

14092

