4961
5404
4091
2379
1293
9939
6584
19388
23722
5804
18821
4242
6959
4893
22567
25145
6327
6394
2671
9533
7204
6885
22334
247
7223
6373
2471
5986
10589
9864
18326
23562
3725
269
12393
7705
6789
923
13708
19644
8591
3333
2709
21556
13266
18461
23970
16882
3719
21434
6643
3657
9178
24059
7125
12463
1922
7384
21554
18614
15274
22440
23505
876
6354
24019
4951
6144
2245
2595
2321
2771
13353
3526
5175
6599
6883
21083
7018
2381
1540
5644
4187
25435
4012
8443
5389
5532
3909
16645
8225
3949
897
20504
201
9796
1877
11203
14585
746
