23451
1839
17199
1522
14197
22456
18690
6456
21070
7260
18591
7153
5025
7788
23521
6703
9461
5534
2849
504
247
23929
5622
2506
15212
24784
290
4940
25058
15616
15571
18426
9296
7223
1421
19922
1805
10910
23624
9644
1830
16769
18054
16899
11554
19023
6616
24887
4610
15840
13970
4489
20694
432
13247
5935
2031
11077
5946
16912
7734
23220
21333
9402
8692
19957
23949
11772
24943
3896
6914
12963
6970
974
15291
22368
4720
24041
1640
2568
1220
10044
4880
836
14340
1667
5152
4688
17422
6893
25296
6870
3734
8115
2898
9377
677
7390
14651
10833
20480
1343
5522
6103
