22975
674
22594
3063
2194
6515
3412
6699
20422
15579
2879
15521
17595
5485
23525
16995
16142
1346
25536
5379
21186
19908
1695
15549
15819
3188
15763
2812
16683
20285
3512
3341
2685
3409
2898
5905
24948
7071
19916
1832
2718
4916
21312
2018
14853
6270
21296
16335
18445
1273
872
473
4305
22
18886
24319
24707
5845
25014
20867
19904
13530
2574
8116
1431
14556
6220
23377
1810
16204
5729
8750
20197
2015
5991
3213
21861
8524
6721
23698
10841
8224
8542
19263
20856
18095
22886
2762
12321
7336
7852
327
939
4624
4643
7748
8240
1602
7167
165
18232
15709
24402
11871
14043
13946
7572
3304
21701
840
2745
1279
7100
