525
21687
3883
356
7997
20077
17955
6121
24939
3219
8870
25378
115
17465
10703
19298
5697
3276
9896
24796
10432
22120
5374
459
1138
8778
6290
14241
10004
19138
15321
18948
2284
103
18154
2821
18911
3280
20103
15266
16310
8936
24271
14384
3989
7544
1283
11857
428
12254
16227
17889
5674
941
429
14234
10873
19144
5183
21745
2917
15395
23837
7111
5646
1401
7077
4076
7339
10553
5552
11977
759
20247
12642
6826
960
710
355
24790
4225
224
9176
918
1221
18199
15351
4722
11850
16492
12551
12752
2368
10570
5959
4631
6902
3006
23426
22333
239
801
3097
3202
14320
3153
22645
24258
24856
17355
10709
2853
5260
5707
