544
23924
1467
24516
1389
3603
13645
6029
17784
526
1380
16900
11012
2707
11619
5940
5061
1288
8356
14972
3309
23562
21787
12900
20926
6192
5793
3149
22386
9244
19019
3260
18451
22468
8765
19908
2879
4366
16755
12975
4848
14725
20096
4660
17297
16240
5039
5929
4774
6442
504
12081
16730
3537
8304
22799
23257
6816
25014
22352
16385
3134
22740
20430
9024
13820
23897
20710
3976
2220
5183
24219
14083
3019
523
4319
22979
3549
3760
3954
509
25175
5559
197
12029
24937
15187
22628
3549
5631
23628
2444
22914
3973
13660
10100
338
6180
9259
1314
23500
16176
12210
14045
4016
2323
6613
11777
17379
12363
297
2994
23141
6511
