8677
19645
10085
14336
7471
1662
8176
6614
15714
16331
863
22208
15880
1565
9069
10493
25406
17972
24162
13017
6245
14805
23002
548
22228
18588
11739
23363
9291
22210
145
6822
19303
1240
4670
20839
11306
24506
14334
5967
21460
7038
18420
5164
8286
5567
4268
5372
21340
3392
5930
836
5575
962
2591
16319
2184
14742
17432
1584
6333
24720
4148
3174
3306
20021
6812
21448
7482
7073
1970
13910
21091
10666
20738
2793
3022
12303
8704
4546
5067
15476
5128
1793
8923
9027
23540
6544
13912
23929
22968
20571
728
22749
13202
20750
10969
14406
24878
2839
621
434
10115
20280
17081
16114
1189
19339
11534
3148
2633
4883
7832
