23476

12557

18751

7110

11266

4931

10339

13692

3877

24302

3872

6215

6863

1961

3634

24506

8176

21713

14157

1104

6535

3773

15827

2875

4098

19635

18600

485

22625

353

4045

6970

18803

10674

131

3023

1584

7257

14890

1721

5035

10085

855

23955

4033

8900

6938

23968

6749

2700

3105

20163

23862

25413

20290

9191

14618

20607

7308

19011

628

22851

2462

18508

3826

24316

11548

2865

24744

16727

6976

25412

8315

13619

23802

12903

18458

18647

15863

18776

5720

6724

8809

4470

3127

15641

10365

15447

16796

20212

5666

19750

13024

15728

19709

6788

1291

15318

5886

10615

9413

1312

2347

3854

23462

9015

5177

7544

23938

4001

18149

16809

12529

20249

8828

4391

6923

25312

19013

1812

23128

17126

14723

3669

3737

9172

17315

4279

21517

1883

18319

24866

2937

21850

3888

7297

21762

19423

25138

432

14471

1712

18239

9548

7111

13154

4544

6631

16068

4888

4600

4813

3996

943

4150

24289

5757

24422

16869

1519

3333

22319

1854

2232

10567

2442

9052

5780

5645

19087

16250

4348

7620

2933

3994

4866

641

4603

17384

17940

2072

23586

10969

11875

11940

14018

567

5980

6704

760

5339

9180

4365

11035

24269

14107

21205

18569

2605

22316

4782

5595

346

925

4614

596

12436

1516

5770

4628

4926

3218

22304

13631

11067

1208

17405

2157

6467

2393

21446

24823

22563

6821

7263

20812

5912

17183

7435

5316

106

8696

14212

4072

19285

2807

23101

11386

5976

18344

22624

10552

13980

9132

4525

377

4964

4051

7275

433

15582

7043

19352

3194

4499

5114

11300

4428

14497

17240

23705

12529

4645

2409

1677

5015

11043

2671

5907

20903

7176

3085

9477

14215

2190

710

6060

3721

20355

13051

17573

12993

23269

11628

654

22578

5503

20169

6398

130

3205

3736

9764

8253

13539

6313

6039

4284

6569

2187

14479

2190

3897

21885

6367

1909

16488

24606

23985

5139

13514

8450

2432

5721

12160

2358

18551

22242

5340

552

2862

7872

6974

15281

20128

9446

11562

10536

5899

3303

5887

12212

6246

17308

14974

690

4346

20202

7181

12913

20804

6299

1132

1273

5069

4592

21471

22053

22323

23319

42

20755

5136

15002

11704

8523

1807

16908

7130

7025

10882

8939

7112

16245

24347

13751

21080

12972

10726

11631

10108

12517

19205

6978

1660

22639

23426

4548

8203

5852

14056

5107

2192

14766

5116

6895

19561

22062

20238

14887

24934

11414

25214

682

6568

25127

4420

20858

897

17381

16446

4520

19389

20982

7085

1563

6113

7047

17018

24363

11656

7508

19648

7076

7778

6002

18464

21919

16507

12536

4179

4078

7863

8257

11122

21823

2368

7829

4128

18890

18973

21743

3501

17929

12696

19550

25372

15241

7426

11189

5490

18898

21648

9545

15675

1279

3804

5032

11509

1754

4702

18608

952

1677

13420

2397

12967

19069

19981

15239

2911

4479

2996

17702

6451

21971

16815

5908

11021

5966

3939

2350

3032

3312

11818

14549

2372

23367

4611

17073

7117

10152

2822

4178

15783

8321

17269

22025

188

24867

13895

16322

7317

23308

6371

12970

21809

2870

9475

1253

19428

24544

21297

4370

18325

19893

4872

16150

231

5385

22680

1702

15347

14357

13027

18844

4805

8293

11431

13694

2506

4095

24061

3692

11365

6533

11728

6393

431

3544

17387

14256

5894

14351

10679

10105

14656

7189

7153

24296

24002

1246

3136

7773

8073

1658

21275

8197

6149

2374

4226

5715

15028

7327

15876

22762

7127

7086

3168

16783

15225

21248

18288

15168

11183

566

4910

6860

11674

22194

8553

6885

10294

15741

16665

2160

10008

15832

4223

3702

8785

7555

20457

10065

5499

14153

3899

15142

6768

7148

21481

24684

24484

15012

6189

1627

5174

24922

20654

9501

12533

14298

15464

17725

17662

4582

1154

903

3808

18534

24302

1963

17936

24653

2936

22348

5379

24077

19011

8123

16984

19620

10783

5160

2684

3940

24355

5922

10330

14414

25273

1564

4237

15060

17843

6523

22798

5280

12805

3767

21508

20832

7207

19806

22577

5096

9245

21651

15195

2027

10182

19764

6192

22960

945

746

6367

1830

1201

123

7572

10671

2581

23467

22756

6631

21968

8692

18724

6249

3911

1270

13064

17211

4264

2997

2493

15278

14977

3750

22774

5976

8407

19037

2942

22864

12559

19274

10200

16763

12820

23729

1124

6207

18314

18720

22269

20504

17845

17788

14733

12356

12571

4111

10452

18679

3347

15484

23120

6630

12170

13158

6788

785

2612

24117

4756

15860

17211

1197

5061

11538

20343

23490

15535

9885

23583

16710

5926

6212

11802

11008

4012

11954

2037

17285

3705

19728

22944

14080

13278

12598

9119

12882

2304

18851

1970

3843

202

15021

2774

12792

5646

5248

1550

6021

4186

14295

18469

4749

754

2306

1075

14630

3109

9842

17501

515

2971

5836

14331

4556

20170

17669

5132

14838

6294

6880

10100

9227

12205

17003

6327

12600

13864

671

15931

1771

6096

2785

19604

19424

20894

2183

2963

5779

16093

1772

22450

2549

12861

15326

21625

9149

16361

22371

19664

14512

13865

8231

17738

9110

18409

1860

15727

8660

569

16858

8512

24806

18336

11625

1697

15347

9525

719

3636

10801

8616

3393

3738

23211

25216

15376

14274

818

23472

11112

830

24006

18136

2318

6738

21675

20065

6401

2532

25109

605

23931

5945

7154

21660

5980

25001

3586

2746

16694

13225

6808

6407

25037

1197

12886

22871

485

10954

1912

14097

17358

15322

6021

6951

21589

7978

15876

1901

21797

20190

4347

21169

8155

18802

2848

13197

3820

13277

15224

5574

4959

10697

20099

4460

5914

16438

4107

4966

25453

13897

18143

9965

25356

22414

5367

24575

23654

3198

9850

5193

813

7369

3388

2321

5024

8313

20562

6514

14072

8542

10317

21271

6121

2371

2341

2938

10945

5413

12894

19823

8264

8983

6217

16319

3147

5009

17635

571

15350

23382

5251

339

14809

17634

4607

9697

1045

17688

5038

5898

3689

11002

1751

18591

18856

21910

23626

4044

1195

13404

6255

1120

18123

5601

4744

22113

574

5991

21995

11792

20003

17503

20210

21169

2093

22418

10391

1538

6139

8171

23213

3062

25396

4472

600

696

25382

6438

17275

15386

23353

3803

108

4311

16832

742

3176

7201

18274

1118

14035

20681

11668

16441

23741

1644

19371

9713

17766

17855

17610

22974

12455

16996

2405

21918

5231

5461

24303

15172

2369

6273

16681

21722

1481

6931

15373

18293

7249

4185

7830

4102

5731

5847

13498

1927

1084

1218

19544

16462

10838

16950

1820

23386

3284

21119

12880

14383

8359

3520

5278

10695

21614

2500

2420

5170

4608

13436

8298

4194

6533

7496

2716

1521

25388

2436

6940

4894

19620

4638

8370

5101

4781

6132

14356

19868

20625

12566

5607

14831

22978

3366

10612

8457

3009

13467

18033

10168

5494

15843

6504

642

6758

5927

20065

18237

19523

72

618

7208

6368

13258

15137

23731

2079

9163

14173

6404

18404

4846

14943

7034

20082

12089

11716

14753

22028

6742

19226

22018

23878

4106

4586

