25151
14935
6384
8070
13054
4716
12107
16917
13879
14630
20775
1859
9721
19459
13303
20896
18718
2766
12977
3725
24394
24592
3451
6944
6424
1440
2842
2466
21837
24699
2608
19311
5100
4393
4573
14712
5631
8691
6397
11419
4987
1707
931
18914
10862
10857
8216
5772
19895
16339
1094
5953
8376
8638
5501
24404
14250
1049
7190
4255
25104
16762
17904
19052
818
24143
6852
2508
12098
17593
24526
5416
25489
6628
1731
11611
4467
22733
18397
22893
6812
5869
7043
1834
15376
3205
5961
6495
19584
14764
11129
1124
6150
16475
2719
4895
6565
23284
7600
3274
