18807
5832
3891
4470
13794
929
85
1635
16372
8670
6616
2254
5400
8635
4527
17017
5135
19796
15830
19636
18619
5336
25472
16307
22554
9572
16010
10079
23350
3334
9120
338
10856
9370
755
11594
6697
4812
20027
19594
9431
1905
5260
4286
1921
4645
11164
6395
19703
15354
7496
4572
18724
12324
9096
3773
1208
20989
22636
2747
6217
18174
11801
1130
5415
1924
3841
20847
12806
15158
17082
2974
4700
10892
2561
17615
18184
1932
18544
17685
653
9535
3770
7951
2187
7818
1759
23899
9445
21029
16904
4498
2403
4995
5139
17932
2670
5658
9481
