16682
16171
3945
19523
19801
19447
2334
4756
12239
19224
5967
12936
6506
23018
613
16813
4221
3718
14279
1173
15796
3988
16648
24987
21499
6011
18205
1598
12319
23914
1541
8150
4544
24226
12232
20925
6869
6021
16643
16236
23308
7774
17345
18384
19292
19134
634
2421
14671
19924
11513
3625
8932
14720
1708
15500
446
4998
23821
25380
1664
12394
6030
6446
17705
9608
6656
3384
20328
4604
6570
17573
16558
21946
24486
12021
14804
14534
24592
21402
19504
802
2164
17677
22002
1030
10463
8098
19575
2328
4965
5742
5298
10863
3991
17402
8541
12084
15928
5696
10413
14724
2407
3604
5691
6497
15560
3074
4707
1054
190
24567
21174
