3362
1841
11429
24338
272
7349
17901
9730
20236
9989
23844
6961
25154
6597
7238
2164
7198
2279
1198
13936
11160
9258
9814
9816
3423
1863
15468
1393
13519
5396
10899
14649
5546
6507
1779
9132
4560
1022
23201
7517
18068
23967
6282
3300
811
21380
20260
16489
20013
3078
3021
21872
22234
1241
23913
4400
15807
110
2981
10048
4527
6608
1579
3430
1699
7764
2685
5682
13728
4670
558
8966
16605
16189
1929
4171
23044
13100
9361
15141
13835
5341
6896
19610
401
4274
685
4118
13887
3045
18668
15456
2477
81
15019
10733
5525
7698
382
5912
6420
1861
3491
12906
7228
17168
3831
15413
4578
