6992
13283
534
22235
25451
7978
9754
20387
14950
3858
15398
12302
11789
18347
4173
354
4429
3785
2750
23386
23323
17379
14715
3584
7296
651
24919
1858
12363
3448
845
20032
1457
20801
20258
18448
11852
8124
1843
1733
5691
1629
21392
2136
500
1107
1637
793
9583
9568
19950
5106
4130
13434
22978
23299
2178
10206
2353
6100
22469
9802
25021
6699
1012
20925
7816
8035
6707
8068
4981
1890
14930
8100
431
1175
8720
13318
22984
15850
7190
14478
21531
20975
23457
6660
8640
428
15478
23946
25511
9154
3558
6390
11903
11966
20091
22775
6724
6439
22473
5693
6092
10629
5520
2812
24591
13493
996
5207
7229
12950
