22688
2105
24197
13231
4539
13089
4378
24946
2310
13794
1755
23131
2892
7108
23638
13067
6530
8865
9296
8758
18044
22276
15456
21647
19683
7942
1185
12373
12050
13820
5467
2245
15123
6027
446
16796
6493
23681
20431
25207
19811
1126
7251
6828
9199
13005
18527
13403
4923
22942
24243
5266
2766
21747
9120
198
12793
4924
22863
6730
6221
645
19566
1439
21570
6055
1649
10292
5076
3727
18389
8222
6915
17125
7174
14896
13119
20557
9245
22177
3094
15391
6443
12218
2451
4737
1463
11837
1016
3537
2899
11190
5185
1023
2457
10134
9327
2589
10308
1410
7342
9948
20589
5124
17731
18221
1670
10919
17650
16756
21323
931
25476
3972
6711
10916
23130
19800
25001
13986
4799
