2714
6811
6830
20668
20453
6022
23016
5004
14886
8854
4375
10741
1995
8079
4984
5529
5303
14822
16667
12606
3652
23209
6749
10573
8543
19917
8926
16330
608
6215
3612
2291
5611
6390
22358
11150
15566
12567
23930
2810
5559
17751
19269
4989
3288
13982
5051
13594
3024
14125
18774
423
19692
8873
1996
2151
19993
8972
11195
14162
4708
2008
3482
2062
22882
18939
2848
16633
23727
16941
1838
4633
22670
3562
2821
13472
18017
9612
2425
22683
17843
8519
6436
17384
13594
12029
6183
7724
6562
14252
10772
2813
2250
13465
11323
18952
2891
13636
1700
12321
19557
5336
7280
6310
19668
24335
24544
12635
410
799
8919
19221
15362
2743
3046
5041
17347
10970
