6148
11214
1961
2738
25445
4188
14164
16274
11473
17201
18253
21742
1233
9026
19315
5349
21398
22027
4829
12923
4631
2261
1601
13827
13165
2921
14484
6895
15876
24995
5927
7941
5598
19513
16146
15720
4513
11598
6925
16560
5948
3485
5984
12169
4137
17284
8754
15335
22301
4396
19339
688
197
4128
2683
4922
10035
8484
11988
317
1206
10370
5038
19481
15436
16901
3666
16944
21475
5766
3779
15130
23978
21355
24652
22940
20787
6153
3490
6214
5531
12851
4232
2019
14962
23685
5292
15461
24918
19523
1847
1761
22411
13447
18583
13642
24574
20401
177
11149
11237
13494
8257
