19740
24249
14932
1300
19814
2666
6904
8905
21219
3392
5719
1121
6026
4802
6960
7471
3400
22873
9973
16224
13677
24910
4906
22016
21153
8907
22142
20153
4387
3699
5507
12769
3063
16404
21069
2704
21681
24171
2044
20440
18928
11881
18656
11314
7073
21385
14418
14806
434
16879
6532
6717
8582
24426
2919
5129
8699
21879
5033
6245
3948
4654
4456
20005
16811
5833
13353
5293
7691
19099
17156
21029
20629
10485
21826
18535
24626
702
5644
13527
18175
3226
20631
1294
22662
3666
11684
561
22170
9721
8498
18444
14119
22604
2209
24361
6482
5797
4935
5251
2081
