7338
1328
1000
23656
21475
4890
5831
12713
4573
15614
5356
11202
18558
19697
3817
22629
8113
19405
20180
2285
3392
2945
6241
428
12762
16178
5616
5740
20662
801
5304
10591
7112
21219
16881
3689
2897
3785
18696
23229
6088
17395
6788
6267
18052
4464
16237
1474
17546
16832
7519
17640
13865
503
3284
6229
5429
23719
2822
25355
3147
16434
12691
17684
13237
5087
14656
2891
1596
4426
2755
3715
25095
13971
4823
786
20028
4237
13174
7052
19954
3194
1607
18292
1633
4643
4340
13529
175
7057
1167
24971
7967
11721
9931
6473
20349
17031
7100
428
