7499

18220

11683

3718

784

25153

2389

9117

14426

21030

9249

2891

18343

21535

3316

4578

3990

3405

2961

21696

5427

11737

13936

20570

6616

11047

17493

4495

16425

13315

4063

12533

7689

15930

15036

343

16748

22853

957

20217

8912

3533

22272

24248

2383

11736

4953

7163

24048

4870

2241

20040

3080

20385

211

16811

9713

19655

10916

16778

9459

23173

1272

11809

24698

12122

3297

22525

8270

22451

5546

898

3940

5494

18949

13027

4448

11990

3660

2338

13004

12027

17689

484

20291

5345

4476

6562

21701

3712

6240

209

18684

6300

5447

5409

24054

2638

5590

4819

4454

1423

14263

20452

4804

18602

17278

9108

16888

2939

7972

498

1022

5301

19251

9737

1483

1299

16628

7180

3203

23355

24225

22953

2795

4303

17010

17640

20612

6907

5844

11265

3608

19015

19654

11520

11282

18261

18549

3204

15543

17979

6368

6803

5668

21444

4366

23527

9428

1159

21154

19682

444

1903

14319

23838

5853

20581

8962

1575

12736

6243

14885

9489

1943

19889

1576

25082

10358

3457

8058

2426

25407

19465

18352

20840

6217

15322

5046

4785

6788

17834

22359

2984

21360

14025

11695

1793

997

12908

14424

3264

15179

12935

5546

19611

1262

5059

3635

4895

12713

560

19830

4743

22375

22590

6900

3972

1991

23713

18660

5668

9040

543

15691

1947

2825

1345

9654

15788

14244

2805

24641

4997

904

4580

10835

20176

1678

3031

23878

9073

12730

1355

6360

2746

5936

626

24278

3018

16003

1571

7900

3709

761

20407

12785

22867

7626

23893

17872

20980

4025

6434

14348

20036

2897

18860

25267

6023

4918

7509

22135

14143

20978

2923

1801

19968

3052

8872

588

23190

22023

18453

2905

3790

22806

19338

8985

1125

1616

5215

4024

25483

14649

5350

7678

1477

19580

18838

5339

21061

66

10496

11039

12804

6379

822

24012

12401

5893

20584

21034

20276

10248

3699

3039

8861

19721

24807

15972

5186

7438

19807

21703

2680

19151

11871

12247

6389

14689

16743

224

1820

7159

5770

1360

14286

23249

24844

8955

3627

4883

25483

8398

6649

20013

5071

5551

20031

21518

22419

3644

3148

16638

2081

20308

11574

10704

299

19186

6031

12205

8482

21047

3276

743

14431

23922

11239

22208

1243

7263

11693

17754

4147

4016

14774

8876

6578

5969

407

16353

14208

1976

1425

8037

1099

2220

7364

6192

1246

3403

6466

1313

6217

477

9261

15259

19399

5837

12938

6698

14715

20358

16309

20453

22788

7424

5832

16125

15890

1716

2114

8796

18473

6147

4650

16942

16859

852

5308

5953

3538

21619

19049

24231

5801

527

23749

7136

23472

25223

12041

3779

13235

596

17408

5206

10998

1508

1371

6455

9704

17549

2598

19656

4435

9768

19250

3925

169

4019

15341

1480

16015

16034

17015

19126

19440

4963

8775

21860

20472

20050

17769

24093

4866

14923

5565

13397

16679

18510

17360

4690

17596

7022

6689

20908

23222

807

6107

15204

16394

1317

8963

4076

9184

10546

4526

10056

10230

24780

8232

22990

20607

10277

22885

3677

25197

15802

20788

4539

13163

8794

6040

1088

1610

9411

17512

542

11337

23825

15380

447

16341

6116

10695

19602

6413

12774

5690

11687

23217

37

16983

23260

17688

6629

3738

4357

5782

4538

21006

20060

22928

4408

8946

16688

9632

22145

3420

3208

19908

8586

15179

5934

26

639

2950

8529

22024

13960

6487

22455

21348

3672

13497

18979

21864

7258

18618

20244

3879

6385

13226

19359

19344

21261

3688

1725

18292

713

135

2479

18088

6783

22877

17681

16486

20174

17416

20384

21162

21720

12919

24444

16917

8449

25338

23009

1373

4708

11220

11160

5882

980

21025

11157

24779

480

20958

2865

24346

18950

5273

2989

24304

24810

6772

19985

141

25139

3961

22908

18038

1863

21750

15891

5772

18111

5432

6104

10178

11612

7030

4107

25302

2423

18718

20457

12541

1599

16569

21173

15454

14167

10938

7421

7754

5040

16818

24495

7246

25263

1414

168

10564

5577

13611

11737

133

5436

25081

24736

5601

5922

15194

20766

4724

15919

4309

23091

5228

13108

2851

19654

2900

9176

3647

12959

19586

12123

21263

916

16079

13861

3332

18141

13057

13293

17958

10322

3105

3376

18957

6041

1564

18625

2982

11750

12393

15589

3116

11400

8763

10695

12268

13841

18107

17742

4732

7828

3497

14000

4762

859

6432

458

4859

2562

23273

25259

15424

892

5065

6499

7488

6548

13548

9429

23316

13149

12737

2927

5886

1194

12892

1144

6056

10488

21271

4533

757

3850

21595

6007

904

1368

14754

11221

25114

4932

22863

7275

2781

174

23702

4018

1728

22476

11790

23803

25199

19314

22999

6775

1385

3065

23783

11221

5708

6936

189

16072

9282

168

6614

10810

1691

6753

13497

23018

19158

9378

9644

10584

539

22842

5718

12502

3874

15701

22819

6932

10549

8189

18524

17580

5995

114

5500

3791

1749

20865

2499

16923

9671

23021

13401

12782

18915

19561

2753

3565

2329

5253

5186

15578

16585

16426

23464

10077

3253

7952

24051

22441

4832

6836

23802

13135

1218

10057

7957

5732

15612

5869

4959

20827

4958

20667

238

16325

756

7678

9703

6365

17299

13149

18276

22542

20429

21067

12589

2336

16577

12066

9261

4669

17216

444

14196

2304

21491

23271

9804

16453

1381

5195

4316

25235

14475

4796

10942

16806

17361

6241

23338

13651

2832

22545

19545

22669

1640

2466

1708

22304

14880

24311

21411

9983

7765

1511

14188

13753

4763

24891

9886

723

5945

5205

20950

11077

8491

7393

14780

497

9631

12485

20014

2364

16126

10288

6798

23702

6189

8188

14139

6144

333

24693

21489

5429

18396

20785

6521

5344

10899

23397

5220

16215

1583

16195

664

8494

6398

22030

4559

6324

3968

17841

6826

9460

6880

9539

5332

16690

5575

3837

1811

12444

2376

9627

19699

14604

9014

1505

1050

20405

3358

11155

12759

13251

9783

17506

7582

5808

11223

4054

542

2401

17743

1201

11153

952

6884

4299

2079

9453

23878

4216

2561

2882

15739

24519

9852

4547

21587

12692

6006

2136

5594

4009

11288

24049

2827

8389

2030

11310

9555

1718

21048

9456

19181

5058

21913

2822

5804

2449

3929

308

14287

7734

12239

24999

724

230

2094

6125

16138

15833

2084

12047

2886

5236

6899

6072

2073

11818

4443

2329

4457

25088

17164

6455

45

1039

15413

2993

13662

6113

8914

7914

15509

3644

10183

18855

10400

15026

23007

22923

1868

21618

1169

7993

7772

12457

273

2519

12713

1666

4256

12625

15285

5864

7125

21531

5072

24374

24306

16510

1881

15859

5724

12599

24507

1329

25121

6320

23121

6949

17142

23759

4216

24360

16724

524

20073

10695

19182

18208

23323

891

21913

12374

12232

4906

3964

865

7905

10200

6726

13000

2262

4716

3275

14591

21655

4626

3754

256

986

7039

11201

4953

6817

2032

16958

23889

5015

8561

13400

12509

6209

16016

10468

24281

14758

5088

15107

5235

2205

19209

6246

18489

8186

9658

4774

5211

3829

4621

7321

