21352
2483
11815
18259
6630
6122
382
1058
4134
6963
14568
6276
17813
2759
603
25364
2620
13687
3559
22220
10798
4119
2545
23869
22734
17569
10271
4368
15700
25039
23710
95
19560
22709
17314
14617
21173
3032
13243
1835
11500
15126
3720
25017
12758
229
13837
2272
19485
7649
22566
21232
17387
18711
13683
10697
14194
19486
16497
14570
17794
5839
17054
19082
784
22740
19865
21775
4753
894
23828
14549
2199
20692
10246
11578
18293
9510
8865
24338
9614
1337
12130
15439
3610
15371
116
4236
1822
11967
10722
8681
12704
18392
25113
11293
16007
14594
4296
20960
23626
