1891
9352
1494
4850
15197
7409
11438
6673
2406
159
5441
7168
10826
3803
955
5255
18227
15452
24841
15300
10572
5061
7717
9003
25104
4035
893
4524
5172
20216
966
353
24682
19446
1424
16045
10451
25490
6045
17594
20553
2578
6917
16072
20785
12587
14845
13787
23085
23696
18115
25089
14499
1316
5118
18598
3517
6944
5847
2269
2637
15184
11342
23091
1071
1000
11031
14569
899
2957
9347
17534
11012
2313
22206
19575
9288
7182
19728
3643
22983
25349
13149
8795
24515
16529
21779
6753
3733
20531
20860
20062
19329
3461
