4697
589
22741
11807
17508
16298
3696
4502
2762
4460
22098
2409
2045
19598
20865
18304
4087
24277
20308
10360
7505
1801
5853
10343
21203
16590
4671
8036
13359
5546
23614
1800
2137
19977
1056
13345
3697
15290
24339
6382
16236
16148
7768
20258
3459
25535
3363
15196
23692
17193
24220
1409
4786
4446
757
7255
21315
2694
10736
6785
3251
20612
2297
172
8833
10839
11460
5913
19294
9585
1219
23851
10658
10110
12227
11709
6370
24746
23062
3901
5935
19323
1794
14357
201
7327
19841
23180
22973
8578
652
6174
23395
4440
22098
15355
4008
19145
24093
3329
8717
1277
4222
23172
4950
2637
12543
