14014
14019
24232
12951
20989
14880
19426
997
6814
18622
1146
12765
3291
25272
2641
22692
6824
1842
11682
2940
9996
19679
16483
338
3718
5782
11161
1907
4214
6667
4424
574
10352
22545
9643
23362
19073
792
15729
25021
46
15387
5870
6602
4639
538
15033
6195
1272
16878
8905
9298
9199
5936
2637
3869
2049
18995
1020
6550
22483
25461
10251
7639
8125
1986
6533
17945
22311
24515
5601
5807
5912
2853
18728
5114
7141
23389
8825
7119
20193
9560
2431
6052
17309
20248
762
6842
8468
4024
14448
3618
7154
19876
2815
1491
12988
12809
6059
23218
1332
4103
10718
20896
268
15593
8289
