23412
24086
339
5255
22168
11555
9664
4841
11379
1024
9147
2671
18827
13344
22713
6109
7208
559
2427
10417
3328
6022
4444
13981
10386
5854
5157
2302
5602
24352
3428
16931
4500
3272
21557
7404
17167
4423
6211
15688
2630
5027
14528
23706
10125
15098
4357
6018
1171
25452
16247
23643
8258
18414
17388
13506
21511
5785
9514
2216
4378
6075
25253
14159
5408
8605
5437
15080
5417
11665
16807
5287
13486
4081
22998
1668
8188
24455
2442
21353
18421
6513
2946
22704
19342
1848
22167
7983
1647
20693
17048
18205
1597
12964
1939
5282
1541
21621
17585
8565
17533
20895
20447
25530
20511
24890
14252
12621
12240
19487
4556
6868
4061
4557
20158
19655
15102
16082
