13223
22808
16124
5783
23674
25442
20611
3272
7576
1636
20425
1924
806
10254
9246
19988
8454
1647
3449
13430
3131
8804
14349
7185
6158
17723
16089
25359
11485
19459
8398
17108
22699
6873
8840
1277
5163
22450
8910
20225
9370
15472
24104
13955
12874
8928
8645
24741
6449
10954
3110
4428
20906
9216
4595
10911
8200
1777
7540
7326
20268
23362
726
17679
23957
4174
134
15945
5985
17268
696
7828
8934
5270
1366
10386
6027
16344
10761
1768
23592
20723
1437
19686
7842
3724
2823
4780
535
7123
10534
18720
1617
14049
9047
9847
2047
10808
519
23035
5451
5708
19048
19257
20029
10412
16939
18762
