7369
15765
3060
16549
2512
15758
6851
4222
2199
4016
25009
13627
9714
2377
2281
25112
8918
14651
605
3950
20820
7799
24367
20206
14270
6374
2011
3432
16429
3424
21629
11133
22718
10512
6102
11912
407
22206
2144
14421
19929
3188
14582
2505
21008
1480
7268
4813
1091
3137
20257
18729
2910
1147
5887
5603
7008
5710
3308
6973
5705
2862
24873
793
18282
11394
21799
5326
22451
4158
13959
18596
23409
18433
18054
15598
9181
7317
1698
6989
8156
14727
3995
24593
11165
18614
22608
11719
20186
6763
2596
4073
2630
4562
6920
12085
1167
11674
7177
4504
10163
18324
6309
7844
8547
2405
13831
