25236
11396
16824
13458
2218
5106
12249
16670
22500
38
22100
1142
23181
10033
936
7966
6494
14405
6921
1643
2933
6911
11891
8422
19297
7904
5750
5845
1070
6785
16718
16561
1539
6111
7270
18692
4923
17953
9919
2473
14344
1050
15380
87
19832
9338
8741
2443
12694
19338
9368
10438
3348
4492
8634
16161
5672
13025
1051
13351
13977
12054
12281
2944
19279
22741
23891
2655
6930
21747
25472
8406
1328
2605
4697
2213
19117
91
19988
4078
3324
12489
18444
6623
1537
17570
2488
10784
22971
17661
3455
6908
11498
14917
6851
2972
18705
15410
8827
22375
12123
3210
6162
3716
