11122
23564
17325
41
10488
22670
17024
9692
717
16878
23474
25073
5070
3845
20889
5916
20016
10943
4558
23679
22474
14747
5866
15028
1716
21165
14631
16775
20029
9967
25422
13347
3873
6049
9984
6451
3652
16270
16877
11304
13020
1433
1556
1115
23948
4803
19426
19602
5433
14446
22064
14905
8341
14084
9795
5637
5044
1241
16020
5297
11615
22511
22090
19921
20974
15914
6659
459
18952
2145
12445
3207
3522
20497
23173
3576
213
16905
18925
7686
7490
4794
4980
11035
4004
14365
665
3775
16934
15226
20100
11888
22542
18261
1536
7046
6594
19164
2492
5326
