9914
14863
14187
4816
1057
3229
23014
223
1993
22203
3647
2021
12682
3271
13272
15925
2742
10581
25500
2088
11182
1790
3566
4197
6926
12972
3524
3440
5943
5532
6300
14228
21634
10275
9034
2648
17428
2678
16212
3148
9171
9355
21295
3314
16662
8097
22358
12376
1370
22304
24280
6654
2900
9633
20909
15829
2752
13261
21993
19919
16176
6219
1469
5216
9859
9064
10989
6650
18214
23844
21666
5790
16558
13094
61
19724
3427
21957
4244
1570
4283
17811
18538
12606
10771
4297
960
9026
8974
16735
5092
8891
5173
5625
18876
2421
9584
17018
9144
15819
20950
2129
18157
