5501
3240
15429
16744
4731
21100
7142
18812
6455
2558
13686
22831
1350
4976
14690
8908
19007
3570
3944
16378
9782
21150
2026
16788
3215
2688
21436
11922
21532
2322
1779
4087
3924
13405
3152
17120
10775
16317
2442
59
8250
306
12888
3557
2815
3470
2890
2873
6950
24163
7815
4210
1169
1914
7857
8454
15859
12161
5740
14855
23005
9039
24165
2322
9876
8748
11541
22810
22701
17008
23847
17968
10042
7531
20529
6333
22180
1627
5372
1100
13564
12864
6955
21621
1275
20217
22418
6342
22911
2904
22009
2068
24936
3562
16038
6947
8689
23826
18465
9158
9298
13930
7116
18553
3849
21976
10464
