5512
23620
19427
4557
5603
11946
16704
23837
17787
2759
2373
10926
7932
18838
2629
4412
2347
16478
11642
2660
8927
14511
6684
14617
6567
22603
7072
25356
18755
4956
8491
9556
3524
1054
4320
16961
9693
12265
3234
13286
22758
11776
9134
19247
10355
12691
23292
16489
15248
854
12855
12835
3123
23415
6391
5259
9249
18981
17870
4446
18356
3785
6544
22335
4464
24340
4060
22840
6751
7919
4251
6744
747
1965
12506
16234
2475
16484
22377
15068
22843
52
16911
12194
24638
5657
5743
2923
21
23778
11253
15230
7269
4974
2709
6219
13323
5632
8892
2440
