19798
5008
4149
15018
6582
2459
6690
21323
20567
5158
23470
17064
2094
1000
23750
2628
21277
15144
7556
6552
15617
20015
6717
24947
15386
12639
2420
17680
4044
18366
20224
3728
4044
6920
10259
9327
2467
22683
3222
19620
24594
1647
11433
17719
18509
17421
9074
4336
15520
20338
21
24936
2540
6469
15469
13724
8979
3519
9181
12915
95
9041
4070
4913
2840
5065
15646
24937
20369
22752
486
14375
18492
17308
1494
5121
24946
19584
554
1083
5762
6322
15518
19865
21942
7178
2893
2373
2716
3076
5092
6306
3564
25060
4745
2379
369
8127
1665
19333
4199
