5555
19529
9812
4924
4104
24705
15869
16649
4561
16531
15403
1166
9421
8693
2121
1021
19422
19902
2250
20525
15658
5111
5679
13132
24941
1642
23352
25209
24201
19238
6448
8117
5104
10235
19675
15358
1516
10396
17436
10011
14562
2292
5305
2987
6457
11646
8268
12465
10594
2522
1738
4411
18505
5510
2843
467
12829
1260
584
6777
6337
7305
2483
11585
930
15820
21876
4277
15103
2745
14558
1016
8910
21103
18442
19397
1771
2074
15765
1131
22284
10828
3196
4204
20706
6854
13312
19198
7301
696
12306
18306
22581
6000
8284
365
4842
20843
2567
6123
14475
732
24246
20352
2448
20641
4037
