5600
13113
3092
379
10925
11016
4031
477
6700
13147
19136
6584
2875
19023
8800
22323
21960
134
24898
18996
17772
4792
20207
2322
4646
7325
21518
16428
8462
1477
3144
12355
20180
1419
19328
548
11009
2923
4273
13532
9217
2252
1251
20481
8848
21450
17014
9155
5396
17126
13045
5179
1958
25266
10174
11231
465
3473
2737
17853
6470
272
22053
3603
5448
25487
6030
3817
21078
11283
25417
7241
13947
1934
14550
5671
23068
1235
21675
13862
5191
19231
4617
5368
972
9598
3862
15026
2166
10318
2385
4678
8215
7436
18209
1362
8774
5529
17746
24111
