6226
20396
3947
23418
14668
18871
1283
2987
978
3746
13148
1359
22990
2242
21169
17603
14176
475
8814
12998
11816
18973
11286
17222
20448
16725
18795
1228
2839
20678
14382
8367
4617
17768
7465
18836
2245
14286
5450
7257
19531
97
2517
2624
3853
3299
8349
2968
39
9591
25482
1929
14553
5509
425
18805
10148
13196
22111
14740
24142
23512
6656
9747
20152
18942
22052
15960
1669
426
4689
22532
19579
9610
3548
15614
22367
16183
15359
1992
16178
4682
20705
17927
1155
13962
223
12857
24939
19303
2538
10445
9206
25437
17750
13368
5616
2319
11262
24923
11180
2829
18872
7770
18826
21190
8507
2553
17815
