9959
11702
75
2029
12258
5841
6708
1375
23182
6103
2694
11212
20768
4339
6369
2100
6749
19345
3865
13635
6696
948
18681
9605
993
7236
20072
20126
11665
23929
17296
24464
17929
2158
3865
1422
5498
1172
6727
4613
4915
21304
18765
3935
1997
3543
10821
14687
3975
15214
16151
21973
312
15122
3186
6806
16878
5783
13631
19119
6439
12806
1447
2365
828
5897
3142
609
3576
5762
4779
317
2970
22136
2003
5483
9715
20862
19127
24237
21414
10929
22735
8077
8455
6981
1792
23580
1257
9312
3915
11969
6265
20594
10740
398
23207
24894
2434
9630
25295
3247
14358
2046
1353
6592
131
