24540
661
13051
1988
7401
824
2447
15405
22584
24708
22183
3676
23217
1458
5478
12907
6115
1888
24882
16237
8405
17311
2655
5414
11729
15059
2922
24480
25435
7735
2862
23875
12226
5529
5780
12887
2362
8590
346
11334
4263
12864
22373
4735
19654
4881
7069
15030
7476
18075
2904
14812
18660
20884
15909
18853
20485
23098
21976
19459
19578
25122
34
4410
16635
17678
5118
11077
22758
17452
233
12736
5795
622
19663
4476
4353
2964
22036
8922
4261
8708
8476
22469
7389
9792
24565
9299
2066
13997
15154
116
13187
1268
11103
11744
2100
18286
16184
