1353
19613
3038
2439
1357
6296
10385
2164
958
23547
23224
17400
14152
3429
11498
7933
10365
194
1710
7999
1653
15959
1477
25047
1425
4396
3335
6882
11897
5774
25407
23158
7865
14639
5154
2329
14310
4275
24423
3573
15955
20110
24019
3359
1505
5919
2562
24598
25506
20320
10343
2593
14365
22418
19360
7820
13371
13830
4115
1650
13775
13326
3340
21806
1948
1182
25327
3020
642
12838
6598
19486
18782
9988
4211
6347
15342
1998
11453
23315
1366
7258
6875
434
2565
6394
17141
22880
15183
15298
1261
6602
278
4871
6816
3810
24018
20361
17364
5339
11477
20018
1763
8674
9388
19272
11870
5036
653
