10780
691
2317
2934
20701
1831
716
837
19714
1051
19155
10200
24824
17449
11637
20960
10122
24083
6894
2910
10974
5340
5903
5340
10447
15363
18099
3358
2223
1532
15846
18690
327
22424
3053
19591
2577
4556
19451
1009
21122
10642
542
7012
5322
17085
3450
6126
24084
6520
4124
620
12982
25029
12537
24315
14039
11547
22200
7216
9298
6807
22750
20123
3162
14765
2674
3245
8055
6923
19611
6541
19983
4758
1800
15931
25252
10301
10433
21061
4613
14953
7302
4836
420
19987
3570
6681
7273
4631
12250
1566
1855
3816
20986
17238
14570
2468
2186
5173
16728
5181
12109
7695
12885
20422
20
16849
21803
23981
4574
2708
4197
436
12919
4315
6504
