3761
14360
14649
11269
23467
4236
1874
7152
3968
7286
15497
24212
1209
772
6079
2594
22955
5937
14775
12787
12786
3002
9935
14078
2981
10918
6535
4440
3197
22930
18638
4397
10052
5751
13933
5332
15000
5118
18286
3482
9485
5731
3641
9121
14006
6769
17384
7157
9323
4625
3578
16381
18824
16827
18966
4847
6903
16125
13215
7059
18029
1074
120
1943
1503
20352
23065
21686
8029
9198
22658
18037
6207
5722
19893
2883
5481
19421
15899
4549
2373
9974
2595
3824
1120
9272
18478
13211
13413
1416
19832
4383
1385
259
1191
12225
718
19028
18617
21319
15139
5150
6874
3618
3683
2187
20355
22453
311
7032
5843
6937
2134
21736
2136
4560
7499
