21728
23237
7166
11689
1491
5118
11604
10886
7308
13219
24065
4422
14139
8955
2777
1872
23734
16832
864
13319
574
2223
2357
10679
1272
3010
16498
1037
3952
24866
3564
8525
21903
7983
1025
8945
1808
5363
5090
5053
23580
7005
22721
22157
22723
11279
7188
11563
18583
1469
3624
5245
21545
15928
7408
4062
23686
18391
6778
253
25034
25337
3972
10438
23393
788
10011
2422
7112
8559
20671
11368
5752
181
25443
17937
5446
24731
11658
1930
20343
8606
1174
5187
258
22446
14119
16704
17425
20054
6067
20133
5564
6403
16552
1757
625
1005
3736
18993
6244
