5853
14002
2099
7799
23653
18711
1984
19573
1012
17047
11165
2205
17433
4058
5907
4594
1380
6710
23765
552
18395
5562
5481
17899
19667
1269
11200
11578
19929
19046
24746
17186
1737
6895
1719
12652
23191
21014
22342
5065
11963
10182
3598
15215
7199
4198
4063
25145
3300
10167
821
20136
19767
3045
22272
1069
2514
3428
14830
14114
16540
5301
722
24092
7846
9168
1908
5238
13576
3276
100
2794
17622
25055
13090
15514
21398
7070
13397
8799
18893
22967
421
18371
757
23134
1917
20956
19699
10716
6319
143
22424
2215
14998
5582
5044
2206
2531
21542
959
13984
426
13940
5609
9823
9832
16831
18265
24360
18505
7116
24343
