9094
21634
8313
6528
4306
10377
21360
23747
6608
13710
3963
669
13428
8277
9759
24543
9407
19237
8316
2351
10028
22832
422
1699
18884
741
14405
3111
4745
1973
16051
6461
10721
21110
20828
1141
24905
16084
6856
2641
12298
372
14692
6627
2888
15766
16161
17604
17057
16323
9385
24192
10750
443
6836
15787
3765
24977
24065
18578
13545
1514
22914
13245
10947
4261
4993
2911
6004
22021
8817
17032
25109
2692
5424
7472
24379
16007
11204
4533
18877
23983
4637
980
2293
6328
1552
1664
6536
6805
18699
1221
8969
2544
16365
3776
13053
4499
10826
21607
6145
16602
12471
17311
2312
706
5686
18170
