5087
4167
18399
5530
18831
5868
436
103
13305
3435
13523
7918
10526
6856
2276
15494
1627
6784
12188
25084
2373
3493
13067
6804
2060
13685
13706
22131
17731
305
8684
175
6191
6192
18866
20383
951
6097
4551
12027
15955
3170
161
2400
3092
473
15055
5289
13815
23471
25547
2416
17307
14036
23972
16335
17168
16203
6305
11189
326
3604
5869
19355
12193
20558
10210
4741
6668
1388
23837
13880
7991
5039
5683
5878
17381
19543
21754
24068
7073
23888
7277
14410
8154
6487
16532
21626
4884
23044
9641
3052
3985
9806
3148
20328
22285
581
8905
11883
13090
1345
12538
6143
2694
2160
5903
