6146
6203
17685
13101
8173
17273
11458
10646
6114
1388
408
752
846
4942
17782
7595
21293
14195
1682
2854
160
179
19002
4672
24953
3146
3975
9304
5408
5495
2753
16198
14301
3986
6127
9669
8820
5722
18309
12156
6529
4978
8788
25066
2373
7173
9219
4857
1823
23123
20874
6249
2551
22879
5194
16031
12099
12761
8333
22188
17490
10145
20143
6950
24096
10564
24764
962
9777
23133
15210
1952
2592
4104
3292
13661
19901
15542
174
340
13755
18928
14800
11677
2113
569
355
1794
6194
15820
1449
11734
5841
10537
23164
9122
25345
18034
2251
879
14997
1275
21553
17311
23642
8779
17738
