15974
17054
10247
1093
5534
4951
2600
4441
22957
1671
24575
1702
7555
20358
17398
8797
24311
14365
17299
22920
24636
6612
3159
11150
18062
17424
13717
129
17798
21430
16040
5662
15321
24303
18422
12404
15690
14857
81
755
3766
947
11578
9321
4727
15042
2089
18893
8838
18239
9930
3222
23782
3422
10680
1381
24142
18401
4827
7224
2877
5831
10628
959
7396
7622
19797
1640
18392
492
7681
13825
7404
19145
15436
6496
470
9176
21037
879
3294
11012
9336
8276
17123
5027
6282
11388
2684
25412
9753
24987
11645
218
15294
11040
8027
21268
4502
94
20196
