22896
24510
5793
25116
4610
6043
21019
1460
13632
21286
5871
5193
2279
12852
20027
5220
11702
12659
13554
24053
1696
8553
24627
6255
22419
3600
12118
2980
7299
5901
12451
21263
5745
13870
4197
7399
327
5154
20371
15810
279
8420
4500
24062
7235
18625
9525
2237
2097
24195
9558
7910
22904
8682
24798
24701
15765
2507
19715
12811
2995
7296
1679
5505
2464
13970
5627
16277
19811
17284
20479
25449
21768
25428
2407
13708
21828
970
14734
2610
9110
907
3854
14202
390
7156
21877
1478
19114
39
5361
3738
15202
3113
18915
3151
3338
13466
