13645
17226
1061
1766
6396
18645
4441
4112
19389
7221
16473
18476
2545
16672
16211
21772
1305
19914
5157
6795
21261
16038
23414
17948
2853
14677
5429
19141
2371
16491
6474
19423
5087
22310
20660
5559
21758
5399
6827
23169
24548
10364
14784
2599
2768
19282
13722
25000
10794
9605
3155
5372
22185
8544
186
15729
2648
11867
11780
21956
21658
4487
9846
9490
22134
5935
781
6989
18722
13500
25413
7126
4687
2794
23759
14630
7692
19783
22972
24770
20960
5555
1676
4722
14397
7252
489
24196
17862
5851
10415
6380
