2317
1515
18742
6606
11903
14284
1131
4177
9542
24021
5806
6285
23610
1292
6662
2012
18198
21049
10968
7163
6345
2461
10642
7993
17844
16606
2445
2290
7851
21454
22174
18921
9560
1174
33
19447
5364
9834
12535
7680
2089
14774
5604
21907
21681
23177
5769
13711
7766
19199
6179
24981
1193
16788
1955
626
5548
17769
6392
22583
20115
5501
5456
15993
2454
22120
2229
8307
24238
23000
21281
23320
3947
7792
6536
4527
14274
1274
17882
3427
6509
8779
15379
25333
8454
17828
21710
12738
348
14879
529
6986
6241
7587
14363
21893
23921
540
3582
253
16740
6127
1684
3287
6671
18977
4466
