5693
24421
18852
3078
849
1636
6045
14263
5752
2683
12411
16746
15860
14436
21541
15619
6574
15376
6858
13124
4995
19107
14728
20598
12754
15073
13344
995
7529
341
689
4234
24998
13898
8922
2771
18103
3874
7417
18837
2937
17359
23245
17744
1223
1231
6227
706
21491
12966
7244
17988
21948
13129
5813
24198
11656
6204
18297
10003
4875
14181
15567
10175
11725
12724
19458
4679
24987
20086
8618
9619
2363
3380
6521
10089
8871
21378
8667
6508
1445
20394
3887
1429
25267
5158
24286
4685
23032
19908
2111
8320
19050
16028
4479
23742
15323
17665
16108
15746
3497
21432
5856
4018
13074
22781
22099
18384
