24523
2987
12910
6375
13701
17973
5217
4015
25193
15337
1164
18863
19775
14800
6492
6988
18446
2226
2831
14227
10979
6136
23700
25434
24518
13509
18727
1710
23890
12941
16201
19821
5042
283
4733
13846
18098
13582
3789
4457
23074
7196
2578
3732
3358
5508
669
3178
9496
1450
4345
1350
2679
650
15164
12721
21106
6239
10673
18230
15407
21853
12586
5747
7040
24615
833
3550
13282
140
6223
21525
1397
5660
19917
7350
1687
101
16286
5187
20753
4655
14262
5360
15609
19318
807
209
2039
11344
9729
491
17327
16740
11368
13533
23833
18487
12626
15190
23315
7106
7208
10983
14758
10866
5819
3373
1899
