3223
20622
1502
327
15861
9346
6632
3819
6210
16048
11082
8753
5430
6297
25366
4691
18759
3661
11681
4286
1367
3119
1983
4847
20731
6952
11919
19188
5390
24318
22957
3704
19326
4539
1136
11655
2687
14342
5916
15289
8535
2505
7277
17936
1304
23361
12353
6178
23171
983
5158
17543
13545
9829
21434
18781
3704
23208
7330
1797
22791
298
16998
10434
21825
8889
5077
6108
4775
16299
19715
6293
13751
3778
15672
11313
22013
11791
10221
46
5875
16658
15847
5003
22762
282
23464
8647
12242
15499
22052
6681
1037
17935
13461
2161
4971
14432
23981
1748
25330
