21169
12809
5583
4725
7499
6177
24619
4764
6212
5155
25524
18548
23163
9586
5598
5764
8833
15748
20459
2826
21668
3235
17841
22201
1908
15804
20648
23221
21966
8215
22041
3703
18727
10153
3688
20925
6804
1841
11781
12328
25048
3529
10691
5399
13249
5159
12792
3080
6057
22179
18417
17619
4675
16731
6296
5996
6053
11220
500
1666
23265
1160
23146
1424
15068
2038
22037
19724
297
16303
8533
120
4686
6053
5698
3574
3247
12254
14559
9759
15259
17612
15659
2052
9577
24268
7015
23528
24121
3220
1840
20153
955
4347
21221
16190
7091
6166
14719
7701
24681
