14358
24250
19111
17386
7303
18507
69
20021
6441
5666
13627
6388
21644
17115
5480
15492
23521
7053
12305
3022
4331
18620
14207
5559
962
3595
5218
16500
16099
6248
1630
7412
662
3830
2335
14442
3511
12852
14185
23937
10600
12829
4178
14109
13802
18475
11616
7113
5865
24609
22815
8389
4532
11835
12862
17467
3004
14273
16269
20614
22065
18916
4020
23355
1445
24922
7956
1660
4102
593
22123
20938
1077
7094
17163
22764
5345
12505
1225
806
5428
7490
22104
9108
25450
4108
20004
2000
10375
8440
21506
5233
12677
11369
13394
9753
3715
14877
4780
3497
15960
21630
16240
17112
19128
20876
10076
12766
