907
10031
15807
8073
22658
16666
6119
479
4803
2798
24788
2204
8567
7179
7426
2642
319
23012
15241
16073
23721
21770
10060
18975
25535
15895
7800
7204
23449
8322
5487
16559
18657
10936
2627
7792
23706
274
18674
2487
3632
22668
7809
4062
5351
10524
6246
23288
20567
6679
2862
19984
5408
1853
12402
22524
22868
19448
7156
25053
21245
6836
8023
477
4591
17573
7035
14741
6968
3287
10745
10101
3573
17254
23915
9417
332
5038
18731
22014
2628
25181
5196
10587
20166
3097
6664
18312
20056
1264
20171
3736
22193
23565
16358
21622
11057
18495
19229
16605
4488
3218
3163
25306
16245
4051
921
23589
24994
597
17905
22076
23318
