9267
17164
3770
3971
17669
621
5645
20434
3153
9191
181
8488
15315
16132
6256
8175
2080
16019
17110
3193
4179
24312
4820
17425
3026
7975
5078
9942
4906
8081
22322
3317
8261
3271
4435
7144
17598
21421
9069
3020
6435
1682
6371
20320
17639
21616
4290
7516
16005
16904
7102
1406
17240
3311
1214
16073
1043
7024
3803
10528
3069
23542
8136
2896
12669
5212
23401
568
1452
8526
12099
4108
6470
9806
19908
24271
12058
4153
6935
15360
17197
13151
1632
11756
4082
11846
22449
20342
1136
22916
1474
13973
6736
9913
21763
19652
14729
3440
