3870
4311
7549
5607
6841
10886
21906
15256
3619
92
21949
11604
17502
24576
6808
13504
421
11096
4797
20127
17401
17031
513
11462
24733
7439
1037
926
13670
5225
16511
24134
13573
23454
16423
19294
4853
11013
335
817
5283
6078
4305
664
14705
7883
2707
963
24042
23859
1726
1513
13615
5826
2011
9995
19461
16894
14424
6715
21847
2148
7793
17197
10099
6016
21562
3691
1741
4092
3779
2266
4408
6469
20985
2333
23012
5280
22287
9866
9674
7746
8592
6661
19785
1239
17884
4984
18663
18265
23723
24062
25517
23890
10871
9277
14556
12515
4292
652
