5783
3792
5155
4775
8770
3105
1776
22477
16122
5005
2021
5968
24808
2625
477
76
3632
4333
22372
2784
13040
24346
5924
15953
353
22146
12938
22583
5916
12294
4737
21951
15479
3290
14858
2636
23577
674
8418
1834
5409
6580
20941
4912
4295
11482
5650
7240
1029
10829
4510
398
4044
17757
19942
18660
5077
2139
13612
10977
25013
4781
7106
7053
20990
6045
3062
17629
18866
6331
11834
24515
8579
10654
1338
7595
6336
5722
6411
6919
14748
2483
4769
6525
11330
902
10926
21305
5693
24534
13298
1576
16665
556
1575
6705
22759
15377
19277
2943
204
15871
1180
25146
21916
1750
6855
6861
25119
