6059
5751
6345
6565
4988
14178
9507
7137
11881
3038
13085
3782
3841
20031
2397
1880
3548
2994
2080
11284
21152
13520
2500
11308
24350
2337
5205
877
3560
2335
2700
13580
5873
12948
12138
6419
25129
2777
7009
5519
2120
12056
15282
12039
1045
15490
6596
4463
5332
13050
22069
22729
20185
12250
20916
1793
23906
12096
1742
7592
4338
6488
4875
882
3545
238
3202
6583
11718
3926
24351
435
7063
8993
7146
4623
1655
7310
6905
6470
806
23606
7462
9350
7233
3204
15858
8575
5552
3319
23372
5201
23563
3783
605
6363
3000
20648
10281
