6670
16691
5730
2857
11600
9953
11346
643
23022
3090
4773
5938
17559
2796
2508
793
6382
3526
16464
19959
7972
7298
25025
3310
17259
25061
5911
7869
3838
15930
4635
23289
3705
3708
24317
7993
10475
840
13213
1930
1386
22275
8396
2325
13072
4458
13193
5931
2261
15216
5350
276
5324
640
2850
23394
19294
19464
5369
8524
18417
14491
15825
25039
16915
6143
2714
20034
18401
19605
11479
22254
1696
7819
17237
13581
397
7202
1899
959
14689
16131
2931
7616
17316
11028
14873
5064
21367
10168
4073
23767
12055
12146
24489
8115
6350
18350
23580
16929
9669
262
12235
879
1586
15568
18905
2393
15380
2921
3423
23139
17135
