4451
19508
21065
2434
544
15170
11682
25015
5003
19700
13423
16096
2385
1757
882
20695
2429
8955
22185
18455
12618
8867
2129
8409
21643
21407
175
24174
3901
16875
5363
14047
4107
7247
22410
11902
2187
1952
22305
9096
22577
25199
20107
18714
16595
5096
17173
4922
21710
8850
5666
4687
2850
25515
601
15993
3591
25045
3344
12959
15679
24331
132
22729
1726
7240
12136
1382
11696
11251
19922
591
439
13831
1850
2719
1809
11244
10764
13854
3550
1941
7226
21862
14633
20810
22900
15299
23213
16193
80
6427
987
3410
8812
5673
13552
2582
12657
3024
15828
