12569
14898
19373
5663
3546
9786
19034
15545
15293
19855
12995
2471
195
9026
15819
6879
17158
2375
5041
3891
18850
19936
4445
15451
1913
16893
6869
24905
11594
2838
9146
15546
21855
2584
18065
4350
679
3231
3979
3249
4468
1618
22559
15617
5382
16144
7223
3690
3221
2064
13635
4369
12217
15205
11608
22982
502
21116
19011
6190
3681
13813
13147
18679
1663
10020
23665
11455
19917
2886
6726
19422
2040
6551
6055
1556
23159
8806
15309
962
19147
3640
3236
6396
17611
5210
19629
1930
22893
3045
11769
9473
16400
3980
12971
3158
955
11950
16683
1810
4294
25393
273
11374
