955
3425
2113
12421
17206
19795
17836
4675
14957
21047
12361
1986
6827
17148
11600
5773
4288
7388
20048
12471
3020
1847
4633
9430
4407
5902
1474
9831
22274
519
7259
7743
4742
17127
5311
1380
22328
11134
8881
12363
14015
1647
9838
2817
3408
6020
6636
17387
22910
3541
17390
1097
608
22499
5222
2600
4064
22426
17569
12551
21269
2338
5306
24160
6209
2142
15670
20038
1338
9582
6706
20892
15130
1191
3144
2186
1088
875
771
7252
15134
14332
15682
1670
4393
10552
6223
3262
14420
8157
4918
19426
9831
15660
24930
5165
4208
8064
23863
