18079
6274
2684
4105
12260
24403
3859
18694
13815
19740
235
1930
4903
9138
3758
12827
6984
6197
15860
15477
24161
18097
14816
4893
15573
12764
173
4628
1523
12711
8141
2679
24517
21560
24470
2546
17410
11242
24308
16280
14691
4030
7650
5848
9388
19090
5797
2467
24320
14920
6605
3425
23154
24601
18350
14048
13585
24408
15800
5303
15464
2407
24970
9705
24675
12296
2974
5315
6233
4044
5554
6658
13615
4222
111
10088
9428
4287
21915
10918
10043
5176
7897
2312
3100
17495
9853
13345
14944
6801
17221
1704
20151
5951
4561
10769
3817
12098
