2795
20831
5170
5335
564
12225
2603
1934
648
8273
2382
23606
16263
696
5345
3792
19307
9069
732
992
3962
15765
13611
6625
13227
3060
1404
3277
4508
7768
23776
902
21074
18633
360
14514
20489
19273
10326
22521
1119
4904
5869
23969
12054
17012
12532
25009
16396
17035
5387
18591
20492
18739
6809
6639
1646
19079
16134
7822
3720
23871
4576
6128
20785
3647
22559
12346
18107
9070
18890
544
1156
20626
5219
1602
24687
22805
2024
24513
24079
9332
2044
17411
9176
16997
5670
6525
379
23724
6076
12891
14180
7179
12427
19115
23301
5982
19489
5269
3883
2559
22957
13156
10935
8701
20495
9852
20502
2141
15633
9851
22673
