3366
15321
4329
5592
14786
10393
2144
3594
1747
6657
6060
14200
584
3233
19315
416
5339
8637
14340
11601
901
6744
6002
12440
17640
2716
21994
18195
25343
10043
556
14048
5005
22872
18334
23293
24177
23791
23174
15535
9028
20753
21324
6359
11805
14073
5808
22691
14933
25059
753
5602
800
22156
14242
25421
6100
6720
5279
12478
19585
3867
21602
732
24881
5638
1632
6911
17248
18649
2636
3590
5344
2923
5260
12160
16211
2836
2506
6056
5222
11482
14488
2733
13251
20994
5141
16965
2203
13453
6052
20841
987
2971
24038
16239
1993
14690
639
15668
3845
2107
3115
