14090
7547
18596
15174
23270
18142
23993
15007
1381
24486
16983
1322
13436
19703
5627
16772
23143
2326
6494
12021
15023
7570
13314
2566
13144
13853
4690
2377
5876
2296
7028
8320
18702
11989
21412
20712
4504
1285
12013
900
7246
15410
14836
11413
3848
10625
23111
1469
22803
9522
22086
384
137
8387
1119
23012
24615
534
16730
25085
17873
2568
6950
806
7562
11566
2908
6788
3670
23152
4334
17860
1219
13010
11471
5115
11799
12511
16316
5574
369
16488
4503
24450
3130
17911
560
2009
23079
5622
6354
2556
5151
23607
2187
16640
14984
4287
4586
6860
9266
12270
18599
710
2344
3803
11440
805
