159
24532
20353
346
4564
478
5931
6045
2786
7932
6784
9812
746
24917
14199
13044
23521
1642
3299
2380
12210
13523
6822
4938
23635
165
579
3062
23869
8547
1732
10600
21663
22550
8476
15705
18047
1046
24055
12640
7212
1295
13817
2087
12789
8955
12532
10885
15185
20220
10838
409
8406
23835
25321
5515
14283
6140
17076
2227
6991
22983
18934
1947
10332
3561
12959
5333
21163
14616
17034
23138
3912
23144
19479
18290
2538
17541
24653
23791
24662
20957
12309
11229
7065
7546
7545
657
19419
2143
6794
18976
21420
2871
