21752
771
14087
848
10172
513
5121
3840
14416
14300
5437
9356
12397
5125
19054
4715
6601
7622
22242
1922
11084
7524
21688
18893
2205
25415
1406
15102
21491
24276
5276
21773
16391
25509
10028
10859
3454
7836
3423
13190
22024
15261
5765
19819
916
15183
4920
588
24286
5324
6190
22871
4990
23737
24672
284
3602
18363
2726
3089
21097
8940
20689
24352
18731
10314
5438
20118
842
22306
5375
20256
22840
6538
15445
337
124
6867
21008
17413
6462
19400
8013
4024
5606
6413
2601
1632
10179
20451
3309
11883
5488
13482
9189
25362
5532
18263
12839
2901
1498
14765
17026
23459
5769
5276
19197
2883
21448
