15199
14353
20441
19792
4933
579
6913
20225
653
5801
5407
9362
18339
1330
22874
364
1657
13547
3967
857
13286
2103
7099
23601
3175
18879
5706
14158
21478
8766
20160
13941
11015
225
16267
13355
8120
3839
3795
5202
22297
1591
20981
690
6067
22814
2884
9109
14328
1382
13084
12806
9692
4109
1141
4178
9517
2791
22827
18103
10895
3574
15022
4097
5619
416
14716
10989
20670
1070
20658
17656
1081
5540
14661
7933
2723
20179
11658
18785
5108
2068
7576
10417
896
21986
20650
954
23035
7570
6066
914
14
3216
16490
9243
4556
3972
9951
4416
2065
13912
6033
5468
18379
6248
9348
18645
