5232
4614
640
20152
1920
162
4740
6851
21513
2246
23470
31
15982
6390
4534
13631
9982
3335
3329
11013
2423
23851
22346
17501
5474
9627
9496
6804
6570
13606
9838
1541
7029
501
3200
16968
1242
10452
10857
18839
3063
23461
19684
18918
6395
17001
18960
24702
6923
18910
10841
24863
16208
25249
6173
3470
13291
12668
23246
15789
23682
12013
17187
4697
4514
13713
1331
3078
9677
735
1364
4081
1472
9781
4857
20507
3914
24593
5212
5171
930
3647
8780
3829
15746
23929
4751
2246
4542
5289
4320
5059
4272
6162
6462
9296
14511
2027
24441
