23503
12654
2878
17326
15796
11217
17240
15235
5446
25202
6511
23122
23801
3059
750
1324
25444
11335
5429
3315
24475
12135
20803
6705
4194
15992
24419
11998
8587
11156
15117
25165
11353
9758
19795
14179
2641
5699
5512
13906
6548
16011
5917
5602
3026
4868
24585
20753
24719
8237
18797
12353
8579
13154
20475
16196
11821
4573
13369
13780
15867
892
9410
20223
9867
5075
23330
4092
12206
24382
9811
50
22013
17161
673
20785
34
2818
5156
4483
8319
296
4204
9927
18818
24069
2225
24827
12681
14742
6362
18065
9557
23444
970
5547
2309
6500
12968
24863
7368
2009
16405
