533
8444
3810
14182
24410
5521
17708
10398
403
5402
6356
6795
15084
11861
24016
8574
18093
10938
19363
12281
2968
15305
21729
23797
2276
13867
1948
5664
4997
6771
8170
15582
6782
7975
11745
17468
8146
6217
25483
5658
13786
1094
15633
10434
8141
19994
25305
6251
15078
1355
15028
14820
3480
22382
10458
1076
7911
13536
631
812
563
7141
11859
5199
3740
11477
5020
21620
18867
3287
3081
15667
303
19574
12963
3752
4850
10813
10350
16358
1261
19255
13489
18115
7981
20354
1468
23142
25051
1632
5313
3917
3864
18169
25379
5043
264
8631
12346
3996
1117
2218
2227
24075
3911
21678
23518
16112
2683
