5150
3859
20517
7414
6077
8704
2515
23742
12151
22287
6819
11849
10832
780
19032
18535
11149
6921
2163
5079
16043
15955
2177
20524
4854
8536
4006
21583
6413
23526
21496
1389
4447
9749
7138
1330
5724
4935
3163
5772
25174
12302
6696
4084
10705
14815
10399
12049
9560
3575
19833
19831
19724
13222
20367
1438
23699
10831
12086
15242
25225
17975
4344
11907
16312
5973
13732
6599
5824
6103
25015
6710
11164
3800
13565
11603
13217
623
3516
1385
5124
2630
13102
19749
4504
936
6312
23218
3542
10061
22606
14130
1614
11434
18992
16252
12883
9070
24055
3249
21789
4736
697
