24895
15100
20416
13309
15532
12201
6763
4950
17464
19679
11810
2955
322
4776
12581
5080
21795
15226
21235
23717
9832
675
20635
4451
15876
3064
10994
18922
21987
5923
2951
11403
21911
11410
23320
15844
16182
4920
1500
142
20210
16642
3627
6199
17939
5460
9142
18071
1664
13862
5526
24785
12940
14708
14985
8225
9309
7098
13798
4571
25130
15008
16414
11338
886
11124
15222
15119
4912
1832
5947
17709
14538
5032
14057
19673
1841
3047
12964
4995
2202
3177
4698
11520
20209
22389
24472
16234
20874
5090
16391
4456
24115
252
23066
7870
391
1076
1938
1091
18909
12353
3181
810
105
16784
10357
12707
23471
