5123
6650
8076
14831
8520
12703
6978
15016
518
20973
2693
8638
21421
9355
2471
23884
7560
17184
15301
14639
325
12382
20717
20432
1153
15876
4938
1238
8006
297
16022
18333
22447
3216
2849
2601
19988
17141
18375
18356
14217
25349
14033
19713
18995
11628
5595
4273
6184
20183
12721
16311
23529
22667
1197
4374
12826
10086
456
9529
18191
15184
8415
21843
3418
6839
5621
3847
15319
6494
5857
5011
209
3569
2882
9019
17648
1155
5709
3725
12191
11081
14324
10026
14955
22453
13078
8370
5734
13498
499
21736
11906
10573
14491
4416
24060
668
22996
