5403
3842
20504
8179
62
14484
4107
12632
6281
7833
7402
20805
5333
12939
4759
5295
22219
4529
24054
24989
5552
10921
21759
17017
4788
2071
6246
3639
12040
25176
6352
7182
4517
19116
594
15475
14439
3992
5520
12628
6593
14767
25440
1562
2386
20244
1611
23194
14179
8794
8686
3278
1354
4874
2661
3401
18593
15310
5603
5362
6869
4893
12821
19207
21053
5809
1941
19240
16546
15594
21173
4381
6430
127
868
20454
579
9199
1034
11758
1281
3827
18655
3077
21644
3521
4402
15684
7680
3966
15250
11905
4804
21442
22895
6540
6418
5591
21302
7191
13864
