971
22047
15342
19770
350
22487
4864
4413
3812
15664
1479
4793
18277
21783
13997
2336
24896
14203
14294
8057
15748
2300
6427
6831
3375
16353
19779
20413
20441
18355
2357
3909
18665
6568
6129
5416
2558
12412
2958
18448
11347
320
3411
9546
14580
16778
20984
24434
10250
23528
949
10997
13983
5668
5552
15512
17533
834
3619
4695
6698
5883
7521
17221
13423
1398
7433
10766
1358
7127
2100
1142
1332
25051
15610
3249
17614
14176
25360
2350
20295
14652
7251
9941
274
19393
647
4975
526
3131
11207
4044
24657
18506
