8618
21190
13744
9586
10139
21991
3255
22353
18297
13107
20081
5928
2703
2234
7145
2175
3317
18672
17744
6053
17017
14859
1023
8493
2319
10628
14996
15408
16497
19579
3434
9423
15073
20888
4238
22506
9988
8700
9932
20375
21401
21440
3148
3595
5406
19109
5848
21826
19625
2559
8622
4594
18797
13808
11174
4235
9082
17617
2093
14631
2577
24930
1842
9514
3034
6087
5295
11298
10903
2509
9329
19486
4041
6176
16208
5715
577
23181
12893
1121
23826
6867
2908
21778
22057
7621
2814
16768
22505
9
3647
10684
13116
2268
3429
7465
23127
18703
18601
977
