13568
10607
476
11614
15110
1999
25181
1400
5447
13983
5395
5636
2840
6608
12541
5831
7571
5165
19058
5547
3056
638
20558
1836
6474
697
6607
9747
21450
16358
9327
15174
10951
2686
115
23734
6116
1201
2935
5284
8947
10646
12245
325
1747
19173
6743
1387
5778
1381
16004
18936
20204
4665
23668
16225
3568
6704
22439
3203
1406
22522
419
18407
13509
1754
2021
24556
11686
21576
616
6561
2594
12176
24196
1038
4610
3570
16223
18141
4175
2630
14881
1357
15456
2672
5799
3229
6620
12575
23772
2033
13244
6818
4790
483
19963
8735
10647
23493
3932
6458
6949
18846
1094
20915
14312
7656
