23113
3982
21061
5964
11851
23500
17111
20790
2113
14496
14013
5265
3559
2403
22257
4449
1358
8994
16607
10449
4216
4447
3108
11363
6343
17992
51
13724
23951
20063
5424
21269
8641
20738
6462
16300
3210
2008
843
25275
10751
15458
1150
666
14349
4432
4883
9354
9382
6310
19439
8328
15157
2855
16499
24669
436
12328
14964
21126
17979
699
1049
3104
23929
20694
7007
6288
3732
12525
1112
6500
12711
25430
19930
1367
6563
10736
13933
5957
1061
9742
4170
24777
24911
106
10866
6534
6050
17232
1588
4287
7611
351
8238
16489
7247
7165
4962
7828
