19222
13685
6987
15124
11082
14562
1631
17978
17813
2238
3416
2474
19642
2075
4940
12979
8813
2410
6701
2461
1079
3541
11612
23492
6302
7743
878
10409
2244
1906
8224
23764
21297
5147
21603
17579
10110
13550
20030
16759
6611
3651
24180
3738
13419
32
892
4299
5921
4914
119
2030
2000
17457
474
12437
3554
20782
1723
18370
21334
552
25551
3260
1097
14686
7145
2036
4204
3342
10090
24126
23666
14171
11021
5289
21653
8418
880
17436
3219
11885
1858
15495
20369
7460
224
6195
7658
19965
13077
16462
7898
204
16675
24283
6844
177
5294
9975
15785
15984
2358
13953
3713
23888
8724
15354
4447
11545
5901
11190
792
