5014
23489
6657
4351
2487
9923
1604
1289
1208
13108
25452
1432
483
349
915
12569
608
2053
9817
19331
61
15230
3313
7790
3651
4245
16700
15721
1009
14469
5564
21696
5924
4721
23987
1340
19894
7304
16054
1574
1178
17559
18043
24674
9400
18650
4012
25180
2743
19440
21760
11542
14296
12573
4277
1830
3105
727
25282
15536
3748
19170
4043
2967
6154
22841
14657
21466
1887
6482
11701
58
12320
10597
301
6298
21447
4152
12390
2149
21357
9969
13221
4546
2028
8026
773
15332
21547
20194
2312
9370
2094
1677
1913
9664
21431
22779
