17231
1274
19349
3469
8541
21972
5348
23366
3682
1413
22394
1126
17226
5292
722
14334
3308
25285
11718
19315
16962
1961
20305
12689
16579
9273
10552
16897
13651
3902
24766
11762
23332
1399
18380
9436
16972
10062
22478
11149
24362
9953
22985
8376
19910
9366
16533
3809
16990
15793
12854
979
11041
18609
16792
17106
450
17400
22356
2328
19657
3700
19537
1371
20697
10341
12761
5953
4023
19392
19549
6280
18957
6853
15550
6850
24189
6647
22824
3609
7703
11889
14038
10243
6420
23590
98
1482
17650
9539
20641
14794
