10958
24549
17473
1029
15301
10567
2592
232
1963
4496
23681
3819
24043
11453
22702
19659
19676
3441
751
22986
12861
1334
23827
19706
14646
6667
16626
14655
19412
6105
18330
8371
3370
22314
8687
22355
7150
15749
24212
22379
2599
22156
8905
1211
25045
13041
20869
24610
3160
21597
8858
10926
6700
2088
10884
5623
2488
13449
20923
14711
3030
4505
15510
8773
217
22306
8848
6618
10699
22223
5467
2181
23512
2089
14600
7142
8050
932
1993
5855
13613
2802
23344
959
9166
22295
4004
21937
14662
6768
24656
2159
5393
5230
23676
5181
5913
447
8695
20759
15649
3830
9668
11761
25009
7091
1916
606
24121
3118
10754
9627
7177
16965
