3115
452
21248
24923
5799
15922
17058
24266
12747
6892
17014
9313
2284
12576
20289
6152
18762
2906
11310
10900
5451
6071
1871
15925
9383
305
9715
15207
5948
3612
1734
22267
4522
16326
20565
1767
25006
3893
17825
10386
6013
24166
1556
21971
2573
2227
18108
1737
13458
16346
3392
14751
2916
6650
15131
4227
3906
20349
18025
15580
4422
10073
8934
2809
5935
5561
23679
4661
3363
2303
24716
843
10000
1026
4753
17865
3896
15588
1490
3120
6402
5927
65
2130
19949
5389
4713
17483
4411
8904
20775
21016
3132
1223
12549
5037
8780
619
4369
11843
8496
17108
1191
12660
5783
18709
16125
