20285
20788
5300
15392
3209
1776
3279
3181
19559
17905
25425
20490
20798
5768
2603
21351
13925
19460
5318
5600
17299
1885
3142
21789
17873
936
4890
3611
13878
1717
3499
19912
3327
359
5804
955
18749
20333
1684
9201
9695
7163
15157
15850
6757
4383
7008
6566
162
6879
15857
8534
659
5046
12638
5964
968
1010
4255
20836
21444
811
3854
20176
22931
15451
2446
17596
2641
795
25391
1861
744
14553
5098
4363
2522
20560
434
12469
5709
8149
24558
3315
12786
25325
1530
8869
21163
1897
4675
7202
3408
464
4462
12008
20436
5835
4235
17453
491
3889
5828
21173
11818
17700
9251
