5606
698
7002
7023
22127
10922
14667
14852
800
4321
7420
19
3375
20892
19365
1243
14075
16143
4173
6575
1548
13752
5189
15770
18465
1165
9890
13123
3888
12483
9355
14353
2257
11762
1614
1925
19192
4420
6572
22318
6728
7089
24347
18134
2243
19193
13065
19295
7069
14520
10230
3359
15581
9807
3806
9494
23453
14911
12901
19494
16160
3073
15896
1606
1851
12669
23146
9504
24102
10546
4292
20848
23108
15479
14235
24742
3879
14682
14387
22995
20375
13746
19338
11225
7740
7004
4783
4882
20589
478
13032
11648
24125
3845
16357
16867
352
12190
21710
13336
22644
18761
24106
11215
143
17783
4959
1125
6515
9084
8080
18114
9094
