7277
15321
25381
9236
24449
19243
15348
11268
11548
9055
19623
12104
6831
19109
19546
20233
2272
2509
16898
2757
20351
5581
2933
3887
7148
1580
4553
13981
7050
20267
11934
10685
10625
6303
17148
9126
15899
2874
6063
256
6300
4992
17940
18404
3708
521
5254
9152
5664
8191
9059
23724
581
15820
7095
9640
24805
6496
11476
3720
5388
19413
6927
6044
23883
904
11384
7932
19977
2181
2331
17901
14112
18919
5445
12437
7024
16708
9379
19278
1010
21098
13126
23418
18766
267
2011
16728
21817
11834
23323
1701
16021
9001
22708
3337
1539
18599
6585
2933
4746
4773
5139
101
23698
6185
438
3761
15306
23935
5365
9813
22100
19948
19653
9010
16338
