3644
22920
24540
16514
547
13928
155
1025
17235
6829
8537
4672
3482
3672
10106
5461
6023
13374
20039
2683
20557
1982
2707
22947
5284
19020
18833
6101
16018
8362
9892
25295
15065
17513
6359
5055
1606
3769
5818
5157
12725
2730
5328
22239
16139
20964
6412
10246
4939
6817
6288
5054
6441
4239
23615
6120
4016
13791
12773
23438
3807
7106
4830
9138
14122
5031
20900
1984
5074
15280
5098
10830
4009
3919
6012
15978
17714
17426
6920
8630
21135
22725
4399
19984
6324
20827
19610
21770
7011
9510
5067
9183
3857
23714
