9350
12794
10573
8292
4278
17522
19676
22055
15934
1525
2284
2615
6832
907
2007
24961
5731
5028
184
4540
17148
23627
14519
22929
5619
22532
1123
20746
19323
11311
6855
13417
9145
4457
23413
1533
6343
5412
7188
14503
2727
21713
17024
9370
18024
11729
3427
11699
679
19087
3524
5945
22151
12776
20956
3008
2110
9782
15446
20570
25144
12670
4088
11210
21865
134
10100
5969
18807
16776
24689
5020
8038
24009
13232
11116
25219
11191
7044
6393
10734
5545
7231
3661
10892
7834
5844
11183
5163
22979
5610
6460
4638
23935
25505
2038
5825
3651
6779
14973
7975
3226
6924
389
16852
17317
6443
2287
14261
21402
3689
9725
11495
3813
9957
4408
14344
