16417
1072
5328
1243
24952
711
11779
15132
1208
4473
22968
13414
19160
18090
17384
18357
15929
965
2762
21335
5910
18613
3397
4860
23533
6502
12698
5604
1508
12569
8503
4619
3906
14954
25030
11408
1536
21530
3501
7589
5840
3252
12235
22848
68
25434
5650
1376
24839
5524
3016
7806
6242
7364
3528
19937
15476
23437
18226
2907
1349
6033
5819
17620
5276
5650
24575
24373
13213
707
20823
12403
1882
20543
5609
21377
1228
25254
6587
7278
4909
13240
10161
12608
21168
16651
101
5976
11349
7582
815
3796
5028
20329
2012
3661
5527
23648
972
25330
2044
2141
6836
2789
1130
17096
12442
13696
24011
17263
19349
25155
23920
22695
