19801
23456
19002
1308
14745
9763
3321
10946
19413
7142
6012
11050
19092
25130
5660
9838
21955
14661
1565
2823
6146
11850
25357
11316
10104
9899
11623
13418
6079
3397
23855
3803
15135
8870
18414
10849
5432
9536
3667
17074
5892
4350
21952
4759
25525
2973
12753
3071
2536
378
15878
1015
3148
22581
793
12355
1935
5654
25419
9718
7123
323
24232
9722
18710
2940
20978
25010
17515
24557
3441
17340
2954
4502
3596
1155
10385
6244
23038
3493
5596
17127
13599
24640
3274
8420
20115
22298
22913
102
18660
24503
1937
7019
18157
3627
1952
4538
17695
13921
12246
19578
8902
