24305
18784
3143
8665
17930
21048
5771
3071
13427
6450
3631
5998
9872
18279
4438
6178
20562
11988
1349
9143
1472
16755
10095
25497
1431
5439
22465
722
12654
11709
2343
24905
10815
24451
1848
21496
19759
2000
18443
21164
8666
13495
8022
6427
10087
15162
21582
13845
12931
9196
9771
2600
13918
12144
13344
14384
563
8875
3133
1072
2012
7373
511
9017
1798
24665
7330
5855
9523
2366
16325
20252
1615
13740
2269
570
7289
7266
18382
4586
4302
5436
12096
13523
22190
4111
15229
11941
4371
6180
13398
15345
5318
7963
4274
18118
7763
24420
15153
9549
17249
5030
3984
18803
5860
8131
25322
24788
1944
9909
20807
25424
18740
