5808
10579
13458
6175
15983
1374
13120
17237
260
7709
1260
7852
2381
650
5654
19509
4863
10862
3008
992
10697
4051
9672
3001
534
5992
5471
25213
6233
6118
12618
6164
23207
1400
7957
22422
2930
15424
4317
8494
19456
6896
12954
13079
20702
4403
18272
8999
15604
13682
23477
10239
17869
9655
20321
4948
2410
6547
1135
6052
5116
9048
11830
4903
5523
8657
5775
13669
18129
25124
12911
7613
7052
3254
14480
20835
5665
6585
1895
14758
19397
7567
7110
2326
2330
3974
438
10202
6777
1312
3808
5264
16982
18612
16583
5210
21186
1028
15448
732
4888
14359
6182
17820
21766
14166
8599
24079
