15443
12081
2875
7733
4493
4992
9543
23220
18397
9139
620
5185
9344
14439
3128
5765
7816
5249
7519
9913
5423
21967
3996
3646
13416
5681
5484
18044
2629
8636
6650
21308
19853
1544
23883
16193
21100
9779
13591
928
12265
7772
5995
3837
5592
21299
7729
6334
20855
13537
126
2508
1184
12222
911
1644
2393
19953
18402
6052
2127
2469
6167
2233
16083
19667
2224
25386
3967
9518
17350
14307
6804
9085
1840
6530
12152
2668
21140
17792
13732
592
17421
6657
3441
9713
9796
4317
18970
2222
11565
5874
158
5558
202
22232
25258
4442
