1968
5994
17931
15712
19214
21769
5163
7143
15775
16751
2202
815
18319
7333
15012
3828
10355
11546
16764
9591
5355
22722
10794
18169
881
2965
7246
20718
10835
8683
12427
8072
11667
12044
4491
12632
6165
15019
9289
6487
23370
22354
2327
8404
10585
16551
5363
6155
17865
17511
9636
22658
12508
23592
5785
4763
23113
4772
22831
8361
7271
3240
375
13598
2057
16211
8973
7127
12991
19141
12056
11447
24793
4423
8966
1838
10096
21600
10883
15276
661
7835
18916
4746
19143
16483
21088
5152
7242
10104
2315
1267
14793
15520
5846
23785
18513
3282
599
5428
3775
8815
7131
6851
1219
3776
14641
25053
4112
9419
4803
13828
3367
24734
16640
12072
24766
593
23938
21501
24523
