21827
281
9681
6168
14764
20580
1109
103
9383
7794
16335
18484
4089
2356
2798
5627
16842
10802
595
7079
14843
458
12816
16169
6112
1982
4748
4163
22892
5297
17499
2411
8408
17173
5940
22711
17689
11086
2536
75
5354
9417
16084
3278
18201
21209
1639
5972
7139
25264
6333
19443
12261
5503
6813
12188
6197
20295
3554
2075
1880
209
17358
3667
18862
2377
7866
6844
15239
3520
18898
17944
6354
11489
4619
653
20876
10063
25175
4239
11229
626
6255
4897
5390
857
21171
18294
9147
12173
6008
5965
18599
6957
616
8496
12404
637
15864
7389
21861
1511
11289
