6386
3014
13676
3514
14182
996
3844
17142
13149
290
15519
1996
3692
15095
7812
20748
3080
18702
13207
4406
180
3561
93
9911
21370
10439
6528
2114
7329
12827
20170
5082
2045
10713
12188
6954
14606
5501
2752
4505
6218
19360
17347
23854
2807
4044
12487
3683
11864
12627
17570
941
24998
1035
999
3904
17453
21208
221
23983
15209
11140
12461
6470
17609
11692
14605
4737
4651
11093
6200
14031
12004
4065
20748
6129
6323
20893
510
20924
10220
14968
7131
3475
5683
10578
19060
11141
11186
11756
6557
16979
1981
10701
4945
6665
15602
15839
13947
7133
24103
1072
22460
7343
5423
20285
5612
