12689
3244
6957
1615
5681
2906
16619
1290
10602
8216
14623
3095
3859
23702
12606
21741
5923
11502
21053
6170
13208
427
9830
25397
5095
17517
19105
4472
24204
6937
20187
4116
7655
11748
18790
6568
19513
18741
5904
5210
11517
5267
19689
4464
22400
4973
23129
9497
2954
11319
22961
15009
3693
2851
4760
15768
24119
5898
11086
19518
25036
6067
2362
13458
2653
2530
68
8593
21741
2636
1430
5640
15749
5944
15574
1846
11812
16194
6728
10686
17874
17217
13636
23897
9805
16416
18374
15848
3055
9535
17485
25156
6441
22490
18062
15529
20090
2640
1793
18539
13565
16647
7468
1202
14221
2029
3532
3951
11109
22479
23842
3426
2931
11347
6747
2584
24566
18667
13928
8952
22967
