16339
3834
17220
6966
23151
4586
15093
14013
3737
4507
14675
1220
9712
2208
1852
6487
19359
419
1879
17506
12794
5362
16403
21085
1058
20274
2756
17621
24029
386
25039
3900
7342
1928
24635
8074
10594
23525
25393
6299
7241
19605
4988
15320
366
6325
4411
469
16837
5228
20508
232
25243
9618
5128
22763
16633
15025
4304
5083
9270
6439
14879
22222
22165
13041
13190
5294
3157
18323
3668
3870
5161
14000
14099
20188
3911
7253
4966
8144
675
4776
20282
23477
24804
8237
22999
25234
2570
18745
5216
17467
9885
17571
11912
6837
5440
23974
13277
4825
9805
