22888
20817
1685
22184
3599
4991
9968
5109
13181
3575
2945
1292
4259
19914
2881
24796
1582
826
21517
5072
17767
23957
4565
4062
10742
1785
2412
4570
13840
17210
4155
13585
15566
12094
5490
2821
11995
20211
5863
96
13647
4069
2538
14469
5719
21172
4983
2908
8678
16505
9923
9208
4533
20539
7405
5927
15113
6520
6115
18238
16568
10913
1870
19033
5269
15177
5813
8499
2993
21855
8588
24887
19642
22799
7007
609
13960
1325
18799
20303
15544
19819
6465
11749
7998
24321
7162
24949
10260
22434
8675
9710
13435
10485
9253
20829
2567
12307
8997
16518
13302
5595
3190
