12509
14854
18487
23171
2856
1033
12881
6709
4187
20000
8632
10875
11309
6438
8763
20698
8099
12101
5940
14435
23708
1298
12116
7611
4364
4791
12977
7103
21605
2100
18116
7081
8270
1504
3993
7821
5990
8790
21480
6885
20513
8043
2870
2629
5915
20589
3512
9960
6808
12009
4146
15260
3281
8277
6123
20968
4835
2115
14736
24641
7180
24612
20457
18914
12580
10162
155
2741
4017
20282
24508
5553
819
6105
25016
25087
24792
19864
6454
10456
23707
5592
5993
21090
22321
2953
6035
5011
1425
23849
8834
15453
7643
15081
6719
13119
20554
14892
5161
9577
3608
15773
9833
25050
21726
11442
8953
1102
21370
22223
17798
9615
1917
2645
