6227
11515
340
2464
15725
13129
13868
11405
4641
1083
306
4031
14857
783
23782
21181
1472
16488
22120
8159
5827
24692
5508
3619
5376
5492
12969
9306
13001
18526
15386
13814
13196
3560
2194
14797
16932
2100
3557
5509
15139
18273
4765
17493
6802
6504
22546
4383
3146
8830
7576
7742
21671
9875
10597
3298
12713
698
7762
18636
6076
22389
255
3949
3564
24779
2689
7181
11967
253
6971
3708
7249
5737
24401
4913
17840
22089
4950
353
11557
568
2357
2818
6623
5838
12353
1021
5631
20958
1776
7190
7027
9224
5088
23403
21689
5985
13622
15566
14781
15802
2158
6191
12226
1536
25106
58
5049
5908
8566
10590
19024
1783
2823
6651
10261
