12241
1005
21684
6726
19350
4956
12516
17763
23873
5122
22496
8539
23178
21284
3426
17549
2007
15061
5639
2255
15200
12615
4992
20415
5948
6295
14686
5262
4133
7763
5861
1076
5745
13958
4436
2894
24765
19356
3025
12432
22280
6712
9752
4568
19501
16281
21347
834
11733
4821
5111
19813
14465
1339
20570
15342
5647
23192
4027
8331
496
23586
9276
23423
17611
25273
13257
12784
11231
1309
17335
21184
22390
1026
5025
3267
4172
194
9665
13244
1397
12000
5665
13732
4083
19767
4355
24796
20431
6881
6106
22908
17027
5510
15547
15851
12500
23226
10494
