2595
4919
9051
15733
7700
18782
3186
22038
6903
21054
17958
12659
10788
20842
2050
2419
5706
24029
3705
9111
2724
3089
2840
12646
13580
23664
8742
1166
79
17030
10963
12836
2481
239
138
9391
11284
4308
1676
1450
21711
20459
4078
15647
25180
10987
10664
14972
4327
11351
6755
17921
11002
5247
2885
18090
21802
11211
19704
4016
4709
18758
20929
5306
24679
4973
10026
2282
7006
22469
24502
337
2505
11285
23806
19012
11822
6290
10308
22970
12747
13080
14518
1762
2294
11289
11341
19541
12375
18605
2675
6454
12224
20188
20130
18806
10709
24885
2825
97
23518
18790
17413
490
