4436
3865
5340
2989
9562
4417
15821
25024
6959
13549
1093
7953
2261
1171
2871
19892
4740
1095
10410
8570
10037
677
10692
4690
5280
13556
527
6270
5837
19127
6899
6043
15906
1878
21168
2425
16392
10019
7802
7657
16219
4399
19781
14185
6447
3959
6261
20441
6785
24487
10765
21257
15454
15485
6590
411
14293
16973
104
7289
5590
22323
14339
17382
5170
24712
19831
1199
5341
10588
1524
5291
21957
4842
16130
16813
23393
19901
21042
3562
2499
1458
18468
6820
2676
24532
14636
5923
14442
4917
24354
2560
212
11144
22227
5061
5168
490
4407
2338
6316
24102
4517
5322
11054
13494
12728
9347
22460
13637
15870
1840
5521
19576
