6842
22002
3474
8989
395
3344
23106
2557
25351
2833
9956
11524
16835
3761
18994
21377
5837
17723
3337
17883
4699
21615
12377
2189
4827
20952
235
12484
21899
8306
23340
3197
16100
21987
7854
22481
1558
4871
4355
13819
17361
19457
12974
14729
6213
6888
126
8499
2934
22989
10492
23336
1715
22162
12020
5137
4881
15789
6564
14086
9740
8308
1719
23961
23555
16347
11097
11732
9125
26
14334
11060
23238
8936
7748
4559
22569
6576
17708
5235
1148
4726
8445
2520
14265
7339
22186
6381
12369
5201
20077
7330
17092
6559
14597
8091
9072
5248
312
1284
4542
6917
12511
393
480
18045
17243
12402
14069
2052
1632
24367
15866
