17226
8375
10572
6243
20458
11563
3048
9882
14920
1630
15348
24845
17702
6971
1869
21882
6755
18658
1148
887
25241
2198
20774
3181
4185
2087
3969
12839
22595
6850
23756
780
23409
8952
8224
14588
227
14586
17188
17824
6786
852
25046
4284
4580
11932
7203
399
2449
13045
2341
3768
19514
19237
1283
10053
16472
6129
4710
5395
10805
5138
2282
13995
25131
2456
18268
16987
4689
508
9756
21058
16282
7225
2583
8827
1162
16260
10327
6804
5488
17226
1785
23991
19605
22534
8495
13123
4255
7478
89
1460
12427
23382
9356
3850
7199
2039
3024
14049
8439
6667
23920
