20702
2734
14519
18537
20958
5369
3577
11509
20051
6848
13661
11940
945
25096
415
13519
2819
20448
5779
4905
4931
5927
11847
433
5546
5533
22328
2896
21844
24819
2917
18542
21988
1237
19720
7892
7880
3142
4440
20156
8258
4745
22631
4803
406
10841
5178
6915
4356
16673
5185
6867
25201
23046
18814
9295
4550
20313
1590
2164
9812
24297
4980
721
9521
1307
20310
24192
18262
23680
5544
7899
5914
21996
23177
4240
4955
2013
3852
25092
11668
11170
3584
5306
16028
18843
24593
747
22291
6217
5888
5396
5068
2340
22044
10056
16281
1415
3069
585
9481
16575
16287
12251
3784
25491
14412
21139
5827
15491
10857
19590
5706
15968
12470
5245
17312
