15536
730
18237
7209
4760
3967
687
600
4188
5679
3051
3020
10224
15555
3075
7168
15248
23356
7318
1996
4984
9363
7906
5596
22919
6436
1594
4562
2802
3873
7273
10978
14384
1331
4401
4308
18403
6274
11032
13578
2088
7186
7128
25203
14043
24523
607
20442
3324
6495
4331
2965
6748
6851
6887
2100
19705
13897
10067
19651
11283
21759
24446
6677
16581
15379
4183
24349
12378
586
23574
12081
1117
13713
6884
2217
9735
12234
20771
3868
1598
7546
6900
19616
5016
12988
3917
16497
14101
4150
3246
6772
10342
22922
6277
10973
15214
5736
24703
6840
2230
6965
24101
11208
6581
18631
3548
20881
25226
