1187
2922
25127
3874
3150
4623
7116
4124
1253
23115
655
2081
6890
11791
77
22654
22563
19663
5792
16093
15110
23007
25434
2982
18539
5402
7815
6293
7977
7036
3611
24226
22942
7249
21857
19560
8208
23870
14784
15726
1593
16699
24866
8474
2665
7749
1300
17359
18066
2134
574
216
16400
8872
24097
5821
23591
15742
17469
10683
873
9018
23828
1750
467
5620
11503
23735
3147
6525
15119
20052
7159
17224
2423
3575
17835
25344
4065
16639
1212
9353
4277
5678
25032
2962
836
2702
4413
4372
11667
24604
2206
25255
2542
16900
2391
6241
5442
6825
2458
14522
9306
