7310
6286
5591
6244
18370
24878
5212
5938
24704
9315
10606
17983
13137
23419
6737
5467
14829
14090
19381
24904
21103
4178
5527
5951
9076
6543
15107
21725
12924
15480
174
23858
10419
7507
4830
5983
18771
15711
24626
22581
5745
19938
6078
23111
9813
9715
18482
1339
10631
803
22874
14543
8275
6244
6747
3782
16403
8387
6874
1634
2058
19620
2877
2771
2180
10421
22837
2890
22181
23405
2943
10885
12935
2061
9258
17394
23936
21011
19631
23941
7750
14757
6084
3991
5014
3718
7343
3554
3167
4335
6251
21319
14199
17200
23405
10131
20149
20123
932
7142
6652
