4993
401
25016
3223
13695
6109
18615
23716
14740
1542
505
19141
6656
16899
8062
5296
8301
1817
24806
5309
15847
403
639
24291
21021
12376
6480
11975
25170
2985
13511
3499
16978
14515
6641
5355
10824
11630
14104
63
16148
17139
12614
20413
2587
15128
14284
11882
24546
12673
25267
25406
14377
316
842
6461
4584
5799
25319
16115
7319
13323
4029
7889
6028
9343
2410
11891
16648
24446
24548
5122
1466
7358
12717
18619
16681
22340
3677
2806
13111
16617
18206
24858
14926
9864
8758
24135
7125
16966
6587
4695
15186
126
3095
1372
16876
12808
23327
8662
13647
12337
5981
4742
166
3331
3901
2908
1833
2146
19275
1713
6741
7917
2799
21480
24570
21250
5053
16648
6330
