22296
5875
1759
21000
10736
7017
3420
7797
16745
15687
16459
4243
19913
15040
10717
12363
17379
19350
1841
18984
24528
4589
833
21911
6397
5460
25141
19834
1301
1343
261
5030
11108
4849
2754
6805
18688
1693
19082
10308
1166
2152
12928
21235
4157
1463
7012
5489
15990
19681
7661
10886
1487
24661
12936
4407
3888
79
23541
22107
3445
20844
17114
5025
10970
13725
17096
6680
12855
25090
25377
13799
20359
2898
17664
10505
5896
22797
6551
9482
6520
309
24805
13171
769
10931
16331
483
337
1049
4272
14502
17207
1526
3135
17292
12144
20188
14732
1863
14125
13694
1201
2827
2147
23341
7548
3770
9246
