16689
5266
11507
14040
318
20368
3841
13454
2799
24381
6735
6612
1508
13105
5757
8531
24587
6498
11272
11513
7379
934
17829
9199
3857
6591
19346
10706
24435
5658
464
23529
16142
10807
1545
23274
13160
15417
11080
1007
14570
7098
18711
23159
2034
4596
1533
8519
6646
4672
5187
9483
23387
3867
16245
13384
691
9928
6493
18992
1704
18440
18684
985
18101
13134
2575
7161
21171
6918
20089
16472
333
1008
11041
24442
13595
21581
4544
20389
21036
1457
4577
6349
115
5369
3181
24594
3740
5057
14580
11531
1786
23216
11508
10133
25400
6262
12221
11976
484
