24203
2033
3389
5840
14020
166
20113
2826
10244
4823
25500
5186
2490
22382
22614
25413
8992
11067
12178
14174
6709
4797
3427
19150
12024
16242
395
3241
5957
24568
1171
2532
6497
1762
5159
1852
7977
1435
4126
19181
15918
9378
6745
5485
6969
20192
17482
19316
21653
14904
20742
20368
13882
74
20503
2953
876
6189
16096
10720
6823
16871
4752
6895
7750
2526
18325
8694
1694
5552
19104
14793
14727
5257
23278
3526
6171
16795
17782
9655
23159
13509
9747
15379
2837
10424
4298
11654
9955
3768
16947
16391
23399
17262
10447
3043
5466
4117
640
1865
718
23810
10762
2164
7533
4596
5273
5460
7007
10295
25383
13988
921
