19456
16491
7698
21874
2124
6732
4010
8097
12933
4866
509
23280
22901
20405
8627
12160
24371
9534
11226
1519
6660
5698
14599
6955
15252
17145
5438
23214
17647
18905
24083
20730
1447
5465
14801
22487
25020
7369
17929
23353
12646
4864
8962
290
22391
1707
16728
13275
4313
3460
15676
17364
23763
13724
11193
17389
7123
4584
21611
7202
1191
6464
24018
13699
1900
4688
1189
24121
8230
17708
6858
260
7108
10973
7337
19940
19085
6674
562
20325
9164
15482
10389
22404
15640
2869
7128
1265
23617
9311
18216
3481
19833
14246
14729
5813
18449
14836
10085
6320
16606
9098
781
2038
11926
8668
23566
6493
15445
13458
19103
15721
2772
16110
19240
13515
13492
