679
3871
17828
920
1397
12367
961
13212
2861
16776
9057
21981
24018
1138
11361
6186
3108
19194
4206
21927
7066
9155
20382
5021
1273
21593
20331
1613
25341
627
24287
2673
20154
3465
2201
2267
2533
6132
2019
6161
11951
16641
1875
16002
14579
3544
22712
19239
1933
992
5350
5018
14378
3473
2418
11351
2089
793
6865
5380
624
24933
4704
24398
23738
9218
24744
11523
1128
16528
1096
13879
23910
20843
4359
6780
11912
25495
4127
25167
16358
3869
23531
12426
10017
16917
20818
9130
17914
14460
2647
1133
5214
9924
25246
5365
2909
4920
11719
4392
16638
24283
7144
20178
9745
7208
20564
642
544
