10290
12743
4273
19129
5408
5637
11380
2670
9765
24775
5882
498
23177
21989
98
17100
3163
6674
1862
1417
7589
1937
23252
20113
21942
23640
21478
2674
21098
24574
1437
1146
21467
379
10254
21689
3468
19843
5620
17528
17318
2509
6185
3932
6355
2941
13770
10072
2874
16226
20605
18030
8878
21299
14587
5075
19891
348
18211
8973
2846
2891
16251
5927
6764
22446
1616
25505
1167
23320
21926
2282
7597
12770
20524
6547
24818
1466
2348
18430
20689
5713
1509
15694
9576
3067
6115
1809
10675
17573
11949
23940
18528
1636
8408
24933
19133
415
20695
20578
17587
18290
21492
