17783
17681
21069
15357
5709
20533
13739
5792
6069
1046
8108
1767
4260
13897
25055
9083
5210
11675
554
6415
5347
4488
4384
1470
25524
18792
18744
2094
5455
19516
17625
23675
18395
17199
2967
8914
22158
18548
3249
23300
3624
1341
2749
2827
17089
13401
23241
7198
6830
15787
15865
2562
1335
2265
273
8588
18891
1975
10017
105
20210
23534
1419
9858
24678
12527
20375
14586
25458
20866
4484
4006
2807
21359
7381
19226
2227
2976
25270
23550
12201
3369
16490
6279
4922
6532
14856
5080
24420
6970
9948
4976
18605
1213
