12948
19259
18674
10608
13112
6857
3188
24492
19498
10502
6571
56
6985
2824
1446
11002
7170
1725
8740
1338
7833
21929
23757
5392
6205
5472
19059
19267
2683
1484
775
15020
6302
19679
7137
916
19376
4951
21663
2352
2443
7043
25418
11417
14778
12116
316
18014
6823
5794
6292
16911
11093
22507
4712
1431
2753
10861
398
20684
13381
5809
17497
4608
12004
18779
6908
13450
14686
5001
7119
18393
19259
7462
7448
11379
8206
17828
5317
3346
2867
13842
14812
2384
6840
8758
21022
3673
16147
15072
9040
24517
19342
19989
12783
21264
3277
6567
11453
14052
3784
19472
2996
2640
4415
14037
23927
14289
4325
11869
17332
11195
11320
7551
8722
24478
2805
