23379
793
376
3643
24725
10003
13941
8427
16203
4115
22516
14518
3023
8324
22566
21450
1732
18581
17338
3337
12031
11183
367
4294
5132
4437
24715
6500
8224
1878
22183
17460
14877
12842
2042
24328
21562
20505
22788
3999
2637
1512
22133
346
7738
12905
5892
24038
1144
7285
5107
4969
16603
6249
23425
8343
17822
1835
14960
14626
8289
23482
24017
182
7495
2310
20112
4100
3471
4386
3768
111
11765
17904
22789
13648
1325
10714
14968
18202
3910
4109
9062
8059
2485
16624
21387
13555
25092
2297
19305
5722
17886
11899
2250
8660
7105
2838
4359
3378
18890
17798
262
3183
10601
11883
4839
10446
4565
1109
3383
15431
