15343
1524
18519
5031
15065
2515
18974
2855
5661
21986
14689
23815
17937
22345
20247
1824
21971
5248
14743
18131
1295
6423
13575
15345
21950
17216
4395
24842
3014
11238
10899
7434
7692
17629
20748
6364
5073
4892
8187
9316
21834
11949
17616
2557
2034
19519
14150
20608
12153
14925
24890
3296
1267
19560
13449
4948
24108
13637
13504
6324
21812
21679
2384
13762
303
3364
22563
19822
25079
25254
14370
25062
5450
12646
23951
19079
5342
7788
24293
5434
592
8119
16547
10954
14744
19670
3115
3922
6132
14405
22407
22765
20972
15843
15536
16843
3256
15166
16698
7117
1400
15756
11877
9546
