1393
5365
1174
5957
620
18192
2712
619
16203
24879
10506
13680
3141
18377
1638
22107
10754
12762
19048
14042
12485
7768
6058
25441
1002
13887
13127
15921
3115
8311
2596
3080
2686
17758
6435
2663
9276
728
14303
20169
2075
20064
2781
15532
22796
18961
1227
13830
9848
18314
21477
114
21390
15171
9823
18313
2680
8111
1921
21064
4986
18962
818
4438
6451
11473
21841
6355
20642
2774
2192
3143
854
7346
1836
23869
1801
8599
6397
9756
6690
320
21644
18434
19029
12634
6448
6032
19705
13102
21109
4863
17697
19887
21025
24982
6460
23720
175
1461
2839
1487
6419
8286
2266
19949
10882
