9131
18853
6953
19220
20284
6617
7679
18146
13914
6154
1012
5896
10585
6041
1979
13175
8003
25051
17758
8649
3095
17830
19122
8492
528
19257
899
271
22837
6302
11004
11584
12613
4423
2182
525
1799
6943
16542
10274
5917
15155
379
19043
17367
11014
13252
17358
15264
18613
5086
9708
16497
3077
21071
17995
7723
18250
3189
6337
17581
6535
16016
14268
11520
3942
3773
7813
2715
4493
7980
4801
1054
22524
10730
15749
17201
14203
20457
4509
7152
899
5622
14066
25069
8100
4531
20427
2404
16676
18350
13920
12897
17380
14631
5460
14824
22969
8405
684
5313
16545
24710
