24990
1131
3567
2039
6496
8699
3048
1412
1704
1762
24985
3514
7979
8846
16936
6860
24991
20469
4742
204
22646
20868
24817
858
4247
6767
2162
10413
2675
18751
1996
15567
4119
20414
1740
4854
1599
20015
2762
1546
1678
7119
16490
9972
4027
55
8103
3995
22328
7590
5221
21787
318
2425
4244
11133
17859
5917
9111
10930
5836
20343
2017
24596
5762
7252
7071
4190
474
8556
12532
10229
8915
17670
22759
23961
3074
1678
1317
900
2196
23212
13147
2151
14208
24382
24617
10777
23191
2575
4658
22003
21312
12372
15547
14942
20545
4826
