19501
5610
16757
4858
11353
2169
6288
9234
15061
23313
1664
11730
12970
9263
14170
20033
3625
5653
18165
1349
13627
6744
18516
4610
23037
14486
5574
22100
1931
8366
10511
5256
24192
21876
19681
9464
737
2196
18120
1174
14699
6162
23016
1984
13622
22005
20550
11528
5366
972
20690
19195
4279
6015
148
13591
22377
1683
11082
15325
7309
2416
17146
12762
21775
10491
23489
15562
9487
21436
6563
22375
6712
15872
6512
806
1790
14857
9239
10427
3779
5182
813
11074
21215
15723
5634
10156
16925
9222
1741
1133
6160
15837
8525
1068
6817
16678
1261
