23660
10956
19081
22206
23391
23458
9503
20767
51
9446
5234
3898
19854
1227
8122
2933
7137
2423
20478
16511
5433
5927
2207
3120
4915
5061
20010
4452
2403
7219
6693
24446
9748
3483
22694
9534
86
3790
10583
14364
6334
19856
12042
13855
15858
15626
5421
2353
5797
9792
23235
19489
22466
17765
10725
19375
15790
18680
7973
15261
5181
23889
354
2762
3961
10149
1423
5348
16587
12859
22414
14471
17369
18287
16187
1706
8160
15759
5709
10761
18297
12707
12767
1459
23008
13251
14321
2417
4028
25258
19344
5145
2359
4753
21069
13968
2761
15271
7235
23030
7374
242
2210
21421
3547
3242
7298
23974
25376
