24546
21434
12067
2264
19831
2788
25433
110
14076
4346
6056
6305
22535
4103
25456
5912
3280
7642
13310
10443
513
14716
6780
15506
10817
15566
1313
5717
19748
15028
2058
6003
20332
20127
20100
5392
5221
23724
20503
3770
9354
16579
5083
18675
24968
2731
10826
21818
10638
7051
2218
6806
1750
13361
17897
15914
9735
25492
3898
10112
292
22758
10669
15106
6538
9421
13984
12500
4572
23638
2150
11963
11031
18439
10820
3235
8668
1094
12436
24041
6587
4092
5098
5462
15999
19644
6315
24425
11203
2492
6646
6561
24608
22174
16829
2952
8210
2666
9498
12320
19124
22915
16956
2161
7294
11841
2231
13794
25247
4559
7115
11564
7949
