10345
21081
1613
13794
16973
19577
22441
4072
4615
3821
10144
6230
1223
5003
5399
23556
22282
7933
4935
2741
15658
25136
7500
14988
15694
5177
10170
400
14577
441
13144
6031
9639
5401
4356
17375
5191
10524
18045
5966
15153
7110
16353
10997
23702
22253
12710
14877
9192
13339
10527
13342
23761
18742
20140
9965
12528
11185
22363
12647
12476
14985
9702
16362
3485
13086
7343
5765
751
4863
7818
24670
3207
93
16706
6594
8554
2590
11801
3334
18931
25271
13394
234
11410
3739
2502
5398
4834
3444
15463
13475
18336
19588
21638
24582
2308
15439
9646
7032
18567
2033
20619
