1468
18644
1475
16998
21503
23168
8794
21090
3420
9492
23246
1159
1178
8434
3413
14823
6398
12570
14598
7601
537
7439
9447
22426
24893
6576
23315
12141
2241
5857
16228
8618
21234
9693
1452
25111
15027
6752
3082
20192
539
17147
19974
21990
4375
1122
4113
17832
6006
22535
9600
4912
15719
25302
5844
3020
16898
17551
11601
5730
2924
554
5072
14168
9831
13326
13610
12692
13564
16777
11978
23920
20196
3357
3630
6607
20690
3918
5882
969
7056
25266
6097
14757
17478
15987
780
3844
12972
25397
8729
12280
12768
4499
559
13342
3025
18629
5324
9013
1700
7546
2613
1035
21304
18825
13987
12836
23455
21813
22885
19908
4532
1765
18206
25325
529
24107
