7058
9293
12911
6897
2378
6082
9562
6736
20704
10632
5561
1794
6655
54
10081
7521
2160
1429
16746
19109
585
4650
15680
15039
21094
5345
16959
16233
16738
4363
21636
15801
2417
9060
4551
940
20387
21681
7973
9208
1224
6826
18040
11155
20022
2269
17382
20105
18046
13217
17204
3240
14079
16413
3572
12456
11189
9812
1163
17508
3167
8965
7624
141
285
22736
16796
4497
2441
8616
6295
887
16497
4219
14572
19414
21200
8799
22397
12278
9197
8405
17570
8832
9391
12949
6574
5731
22260
7418
5930
12109
1256
13847
