7131
14490
13717
2180
3023
21044
15655
6670
11744
5603
20772
3025
2284
18177
19962
14893
1649
18618
12730
5023
18833
14587
4069
2592
7752
25293
12662
20295
9181
14273
860
9899
10193
5526
2484
4350
9086
15212
11618
6622
1523
3016
503
18113
11279
21690
227
24844
2905
3074
8430
14189
2763
23802
156
14503
3298
13768
23681
5698
10418
9853
2962
12360
4869
13030
18477
13249
14553
11450
3134
1239
2090
22617
18257
11587
1513
17153
3395
9963
1539
18421
15139
7245
4953
17942
4981
1425
5209
1287
13419
18426
1644
19270
1750
9182
563
8978
8766
