23097
19149
4670
9557
5979
10366
2343
13567
9571
14497
102
8259
20740
17160
1703
462
24664
5183
17257
17582
6648
4226
23317
3042
15514
14279
2133
24564
761
6246
21020
4952
2478
13297
4895
13076
9491
20946
3681
15590
6092
16997
19097
25163
11611
5044
5145
410
17051
13287
3244
619
12574
1313
11128
4534
18045
24831
3905
5847
11235
3148
2470
13528
15783
6740
17080
3969
21138
16300
5640
7906
4218
6060
9438
14490
1180
21853
1202
24317
22433
1396
12654
7437
14866
4846
3557
20710
1136
755
21028
1141
4688
15913
2148
2839
9842
7914
20011
14457
13283
3068
12106
20606
1569
18901
14933
4315
