23148
4593
11656
7181
23402
13822
1521
18291
10408
13362
3707
696
19840
14837
23608
4845
10382
6028
11957
16255
17416
9270
12457
2114
7391
4227
10815
2040
22945
10984
4851
6415
3861
4815
12770
2394
18868
23521
11408
844
12489
8783
2019
15574
25092
3335
5468
13214
988
17010
21715
22490
3626
19305
16948
10036
8413
775
5770
14989
14895
19563
4811
16038
20767
25053
4429
25007
24065
23803
12937
11748
17848
22289
16059
21849
20928
20861
9506
2455
5708
10338
15833
6540
19342
4853
6750
10375
5114
1231
17424
7743
13276
107
2218
12138
14731
18748
3091
11885
5189
5919
3915
414
7126
3152
18085
25051
