2781
14357
1178
14559
15088
23237
7164
23373
12767
963
14046
24028
5930
22714
17992
19543
6664
18084
4610
7175
15130
3109
6564
11088
17797
7470
9754
2358
5339
2904
2993
18029
24853
15363
6780
7740
25405
19790
16542
6186
4222
11322
23663
840
623
22899
15388
5150
4425
24519
20689
9155
7243
5307
3964
18796
1390
24983
738
2204
22494
25385
3012
11820
2114
1301
21596
24002
2507
4139
3206
13148
2308
5801
11857
16017
18297
21730
6906
885
20438
2919
12384
18714
9570
12764
14566
5524
18928
12520
24660
23753
19293
857
4575
23928
7531
24035
23419
11855
9049
12546
11105
6202
1178
8625
1463
