2911
5433
2257
12805
16058
13566
2145
21986
25374
15285
11813
15212
928
5020
24276
21802
6345
807
12317
14805
348
272
23879
20874
11412
11457
1957
12888
4007
8072
10737
12272
8626
13874
14298
5773
12381
13398
3559
6765
11818
2677
25359
4342
22952
15458
6022
12304
1775
9193
5679
10152
2895
10601
666
13299
644
22480
2142
1985
3116
4660
16083
16019
61
1865
22537
6517
6684
21828
18623
2338
3225
20160
15073
15835
3220
25424
8875
4154
10877
13752
8345
25407
8107
21784
4574
24452
1576
17100
21377
13411
2195
10226
12929
9724
1764
14907
3405
18755
13396
21067
9980
