289
10815
5344
12609
20203
17856
19091
4273
5497
14830
4520
2854
14133
2867
6600
6032
10044
10849
5096
19692
2014
5903
18234
1304
11576
4709
7031
3388
14158
4985
3756
6812
990
19368
7382
16092
3123
24328
6155
15326
13495
156
3167
19258
3376
3005
1256
17064
110
3497
9627
18931
3823
12647
20725
6460
13530
3398
1190
6966
5033
24283
17076
7230
10530
11247
23886
11669
15553
2239
19712
6456
4759
9913
5625
2408
11164
5953
3354
15945
4273
7775
3507
9523
234
18141
4346
6185
3859
1778
10081
34
8489
6251
25089
699
20852
6288
7608
1033
16503
13193
23142
2661
18269
16145
554
836
14254
