9614
18899
3020
2836
13585
4559
13334
7297
17979
11332
3574
6474
20252
328
6906
6833
22968
20201
3085
24068
12797
21577
17947
8685
16713
10609
6378
6083
7922
18987
9314
1641
19056
20049
2250
6677
7134
21677
1025
19060
24441
6910
4157
6629
9167
18629
20638
23176
14212
997
4658
16561
22053
3527
9812
8877
1597
13998
13353
2067
9980
19889
528
15565
11435
645
6620
15980
3894
9687
3544
8768
1050
24055
24462
21453
15611
21932
17126
23298
450
16816
21945
2371
16964
3070
13690
11653
400
7832
5676
8564
18078
2320
10534
20284
23218
7595
12984
4258
