10231
1118
4177
5447
7452
17140
999
4413
7674
4208
4181
3179
1917
17784
15072
1587
5532
6480
2083
10116
7528
600
8891
22739
239
11213
17949
18242
15911
9696
13618
19133
16254
4697
8917
23264
15831
16955
2340
3467
3658
13542
3331
23977
25261
9117
10219
2413
5356
6306
1952
10928
14499
20079
6219
1140
18108
9413
10317
2251
312
21223
16942
1625
3058
11919
1911
3541
9124
15620
5430
25493
1880
19829
8621
10425
7527
1179
20440
4293
12299
22788
14904
5163
3404
6554
6376
1509
2340
15484
11627
17447
5971
17849
14364
7774
8280
870
25032
22396
2759
14692
4664
2508
