2509
25099
1143
1156
17209
20383
9361
4355
3119
5862
20296
12471
16694
20768
5153
1933
16099
1231
4070
18964
3944
9678
18485
3314
14887
6027
6332
2728
2531
74
2942
25282
8190
3713
2592
20189
2912
18179
1834
12502
11890
7771
549
10772
6832
16980
4106
6056
3332
4960
12547
5844
3833
19966
14792
25077
2815
185
5809
9782
12508
2047
5435
13045
23751
25333
5685
12189
19694
376
17451
7143
19630
1969
9861
478
414
2628
10512
22553
23624
5292
398
4668
24615
21486
5870
25268
702
24806
14446
11400
14501
15496
475
9398
12996
2188
3620
9118
12038
17
11868
