10308
19398
4230
6173
4807
6296
558
4652
5823
4060
15308
7520
9368
17789
9581
8517
21680
2618
22666
15742
21751
14619
1231
16144
2470
3408
18857
25161
19945
16715
2227
17313
199
10046
12021
364
17195
17978
22635
3478
505
17312
5478
12049
1338
6158
21102
12962
22878
19674
6451
19885
12596
3985
19143
11986
8521
16572
12762
16230
24786
23205
7655
5462
22406
24337
17897
5203
23239
4212
24819
16321
6948
23360
1374
15298
16976
3045
4632
6970
16355
2761
3027
13208
18345
3419
18553
18886
6841
5668
7785
14391
22407
5279
25327
2714
9086
10321
23556
4518
19383
1032
14912
16773
16739
8080
24239
13523
6772
