5775
7068
22198
21015
772
6469
3984
19056
895
8378
10159
13045
9715
5355
16409
10072
3894
166
25290
14121
24473
9621
10478
23602
140
662
1579
7926
23761
10046
13013
2226
6960
2847
3526
7043
10016
12964
19801
8994
12642
19372
12482
6981
13612
19833
825
17595
18469
727
4528
1986
7505
6670
10648
16002
13961
3591
24842
1249
17621
1967
4306
21993
15074
6545
6745
8008
3748
464
13187
22960
10841
13750
2832
2988
3558
8536
906
20711
8359
4914
7427
15102
13093
23428
3186
11255
12341
6159
1968
2270
6919
12935
15932
4045
4696
3673
268
20386
11968
426
568
5414
22266
21896
1870
10072
3411
7982
5508
1623
5440
4439
1381
5461
4485
10382
3628
3956
6678
