24137
14194
13398
22194
1150
17357
1180
13806
4410
2451
9613
594
723
7398
16626
22161
11018
20064
13993
13471
2841
5448
4225
4203
2643
7015
20909
12937
9269
5461
15187
8562
3371
4436
2911
22511
12919
4915
4799
10522
16275
10172
21282
22146
2948
17142
1375
22103
3320
16841
9141
18486
9985
14236
20540
6666
2920
2014
12778
24461
19670
1465
11413
21842
7803
2574
7560
6230
11021
22228
408
2612
17121
6789
8502
841
4634
6279
5258
2778
8712
2957
16955
1137
2524
11724
14002
11106
20774
24560
183
4591
92
7671
23415
2970
25486
2130
1898
25280
5860
17766
21723
15374
7095
23601
23568
4581
17519
1280
1132
1757
6895
21923
3820
16223
8252
3759
6352
1650
4360
