2996
11191
9549
10960
10227
665
20513
19919
3305
3686
15266
23721
11368
3101
5554
23377
9830
9387
3174
23317
14535
1256
9661
6799
3040
5758
3132
22541
961
23471
11325
21134
23718
9446
20843
6188
5513
15926
5519
22834
24641
4843
17133
5557
1568
11545
16061
17171
7191
10909
15516
19390
14958
11027
9665
5059
368
5994
11845
19157
5452
2766
6494
2491
7866
24237
12509
4817
6375
4093
1360
16549
20238
7248
13984
6264
2326
15018
5307
6563
1723
5941
14796
4736
6710
23860
6612
16806
4460
3429
2630
3069
5183
22615
5414
2862
20670
21945
2871
9068
7677
12243
3503
373
1965
11423
3482
7688
20852
