20326
13060
14645
19977
10302
22294
5676
16597
6853
7873
1453
20609
19012
5532
6863
22202
17630
11993
24607
366
4005
10748
1810
4016
24349
10636
4060
16472
7174
5308
15358
3041
21610
6786
8875
25212
11736
651
5117
18252
9971
4253
10351
24859
20326
2484
1195
433
939
23634
18514
2660
5269
23038
12867
17406
3673
16318
3220
12633
12237
24220
8297
15003
1050
4331
1046
24023
8022
24556
24695
11563
1927
23059
4068
6284
17276
5904
17254
15577
13196
2868
4472
3473
7033
24075
2173
4911
23363
7133
7370
22560
22811
24487
3576
1524
7020
22027
9818
5811
4451
18187
93
24828
3226
1863
6162
10356
1973
3308
2990
6190
3507
12655
3776
16819
20851
6386
