8642
2966
12608
23382
4236
10461
25234
9108
23512
20639
13036
245
4513
23395
4481
6424
10565
22788
19243
2750
6369
18865
14517
6706
3558
9269
308
434
21558
2687
2712
3233
24348
12226
6917
10817
4685
2436
3700
5115
3691
2230
695
16717
18987
10585
24209
24161
16341
6679
20246
4531
4255
4163
15483
14090
1298
19987
7013
8586
440
15167
16428
10352
4190
22921
312
307
6928
15497
2117
7938
21542
20665
21565
2153
13261
20330
1720
5997
20571
412
14292
5072
14863
1905
8898
17018
9709
5508
19718
13922
18019
349
1113
20295
21811
20335
237
