2180
6487
16259
12041
6569
15132
4098
20469
6710
16375
10465
25070
6021
5855
14208
1236
6076
2357
15539
12219
19135
22462
4617
21813
3809
15016
3092
15901
22902
17002
20389
7090
10525
10634
96
13452
19784
1932
23056
18507
18280
4090
15634
11173
3902
17024
3475
6381
14286
2490
11314
7852
12065
19319
13890
16832
13699
1160
20728
23016
2939
10624
257
1800
15082
8955
18399
2102
5878
186
23631
4647
3748
18199
6248
5238
3831
700
1248
24797
9697
1027
9758
13660
9826
24558
22961
13562
12022
3296
8230
17051
7624
13628
22975
1276
1039
9570
3522
12552
6284
6801
5232
2110
6363
4495
12458
1108
3199
