6071
19965
15646
7272
20270
6266
13577
9636
7702
4168
15229
2365
13426
9763
11497
23205
716
19881
5149
20401
12809
212
6468
17349
2688
13075
25265
3568
19319
13584
25345
3646
3998
1999
6519
18244
4678
8398
16700
22848
411
7519
3306
24830
2017
18734
10484
17062
25021
16392
21887
23340
10811
22096
15440
14857
13476
2577
23472
19897
18180
1287
15277
6983
25238
24918
11323
15432
5861
2193
4483
4518
6938
19462
4614
1693
598
5593
13381
5239
9869
24561
23852
22412
11807
14386
12978
22350
22355
12989
2333
5663
20295
20174
1939
11424
5722
18839
1182
21828
10459
24910
6204
956
17346
2418
19066
17258
