20825
12209
20126
11394
7099
23356
1344
3622
15390
954
8723
11376
14834
17872
2893
5407
5932
9197
872
4019
3038
6193
6122
16687
7522
7299
13475
17410
11295
3386
22441
7111
5327
854
4670
12104
673
9520
7201
3332
3144
21044
17236
24816
15396
21631
20983
6764
6932
23989
1739
16603
2436
13518
16357
5717
3969
5054
21436
16131
12637
13404
6769
17036
4477
3752
10095
1307
16769
17948
13052
7186
17424
17993
5984
9524
15979
4547
10381
2822
22909
16009
4341
18959
21389
9209
6074
5032
16908
14386
2160
920
737
7589
19076
1342
23918
24730
6896
