5179
2688
6247
13779
8232
22597
2906
5965
22715
14384
5263
5722
2239
20042
7304
14276
13046
10636
4048
6871
4890
23498
21532
7023
1814
17564
2825
9723
7084
2494
22774
11501
18456
16812
1649
1256
19089
19451
6746
19064
10454
23552
19702
7654
24143
12584
198
22759
11877
376
2276
8081
16590
4716
7501
4140
3140
768
420
5907
17723
17457
22930
7444
10381
17313
12120
11262
15258
17594
10323
2652
1298
1616
1893
13394
8244
2679
13515
17999
17793
3717
7765
434
19641
9340
4777
6382
2171
2563
4109
827
9946
1709
3009
3556
24594
5374
1591
4181
20980
7958
16359
