15276
7304
6115
7772
1146
501
25392
5294
20758
23338
16003
11610
17855
22039
24489
20758
2485
14475
3231
22117
1786
7930
15262
10005
12296
23963
10001
5468
4110
11700
23723
24952
3585
3009
9172
2847
23624
17541
1922
10889
7101
12817
514
8171
11515
10810
509
15922
12478
7006
1126
20119
15023
23207
24249
6410
12955
8241
14015
14843
368
13913
4514
10226
17890
21882
14930
1483
25013
12888
11887
5507
6807
15461
22797
23869
2545
2296
5912
1902
3532
4036
17485
15986
6292
1292
7978
23880
4498
579
10250
3746
1055
9486
22379
24493
13412
6142
23458
22732
8502
