14415
25285
10861
6356
13843
217
5293
17234
4932
9476
19144
3022
11350
3808
18990
1680
19219
1723
87
10966
3372
3427
2265
3480
5761
15438
6674
15458
18234
18004
9137
3688
12776
7106
7040
17833
13168
15596
6054
12705
14731
12191
2547
8142
11056
16594
11295
17398
8215
4709
3322
9597
17497
11795
16357
22464
2757
4112
15353
333
414
6888
23816
692
21763
163
12580
20145
4561
6018
4856
25480
24091
1641
18485
713
3367
1966
6350
2757
7139
15796
12651
3697
9549
17834
2881
103
23064
24409
8548
10907
18340
24415
7203
7656
19546
17773
551
2137
15941
7224
13720
1528
16310
3306
8742
214
17571
