1953
15433
611
23093
21142
15668
21411
1517
6167
24675
2451
8673
8353
2475
4089
19756
19537
11392
14957
8284
17345
3932
18055
22851
8112
17079
6995
3248
5584
17990
3686
8790
3887
24046
4580
985
17225
6148
19379
5536
11677
486
12459
14022
6054
3645
2674
6946
21106
10844
18678
7092
8104
946
829
25285
12022
6487
3520
7484
4537
21450
1274
5037
2797
4974
13686
19127
21414
2733
5573
6339
22919
8008
3362
2193
21742
5479
16433
17013
1086
13539
10384
16354
1538
3589
9721
5038
3703
24657
4603
3608
5698
23945
8905
21706
24767
25049
6007
4646
2241
2139
2434
20904
23500
17243
1994
3583
25184
16950
10884
20948
6370
