20180
3983
24769
22028
1938
10900
12982
17911
11203
1234
3977
18351
20982
1998
21684
16573
4148
10163
18763
3374
16678
6788
23537
6628
15268
7169
21488
2474
24403
8340
2976
5043
14493
5582
3977
2199
2466
1020
11071
726
12927
8168
22695
8408
13730
15715
4706
5347
3832
9877
5022
12807
6342
24369
6345
1524
13253
19623
224
10844
3062
1559
1976
19265
4874
1470
15163
1098
5866
18968
1943
11182
7013
23241
2869
3317
17283
11446
4545
5550
10186
5140
22284
3052
267
2595
24680
3419
3052
6806
4802
2304
1081
2407
23936
7591
23016
1098
12273
783
7099
2906
5036
11075
6439
946
3687
6592
