2958
6152
6407
25173
6264
2745
4789
1270
13289
14373
15392
18869
390
3449
12914
3552
19965
24396
21614
14369
13023
10374
17384
15969
656
831
18888
14528
16308
14439
17472
10953
1058
6465
1774
4799
22852
24686
10877
1355
6921
1761
19405
14529
8828
1884
15322
87
2168
4380
7789
14594
8371
11319
5931
8897
4303
19603
14920
11722
10763
21956
6164
13850
20823
3640
206
11603
22229
623
25083
14448
15614
22984
1401
14635
3439
6207
13379
19238
3494
21359
3166
11938
329
21786
1281
9242
9260
12078
2097
14156
12181
16070
18132
6171
5814
8306
2621
14306
20649
4802
4229
7124
676
19026
9173
16627
