5641
595
5435
9076
5452
6939
14825
17131
413
2751
2159
3774
6585
2362
17434
24861
15836
7176
5936
5584
1860
1866
1309
1737
15625
21441
9746
24732
19637
11817
5739
3407
4156
19363
4686
19690
17057
7155
17756
7100
9715
11042
17889
376
22915
12789
17537
194
23966
22777
1066
11211
19175
10286
23319
21885
14042
10880
2977
5287
18781
15747
5474
14922
620
5124
24972
20348
12246
894
4089
24020
4547
22552
805
1640
12741
420
7049
7483
883
14529
5480
7557
3126
7234
1926
6336
360
9778
5057
6552
13354
7063
13928
25491
7143
3064
402
10155
1968
1372
23467
13091
1912
3882
6615
4660
6643
5175
4149
4051
19630
