22537
8497
5320
6208
19653
4780
2177
2130
4256
9272
24712
16622
4494
22825
13808
14653
12514
18441
18133
6772
4307
201
144
11566
4630
5498
21922
20494
410
20664
16857
14433
22712
3970
170
74
23151
15681
3983
14908
12923
6756
13459
24220
314
6270
24522
12512
1490
447
1482
7163
6083
16885
21100
1410
5419
21164
25199
2474
7685
22063
18430
11949
18687
21472
16625
265
8373
17128
7397
6241
17918
17130
20683
1477
23663
1366
16102
10832
10497
1047
10746
4766
24268
15579
23668
8470
7344
17914
6519
11281
6805
23598
5315
1865
1943
19165
