1985
359
13479
2036
24347
9058
2611
5518
2399
9422
24904
4470
6154
23319
431
23978
413
17074
25496
5383
23576
3182
18144
14604
2751
23248
20468
21580
4589
12124
3610
2010
2181
2348
1587
3840
733
12457
6328
18298
18900
14097
24529
2148
5771
8701
478
9843
7134
19016
25029
10642
1346
1442
17418
13117
6172
21929
2107
4974
5233
3615
5001
3512
17427
18492
1198
20512
11161
23228
21850
5750
24318
7785
6256
593
796
10567
24161
7807
4417
4279
14110
5519
14518
4771
1379
6035
7554
17708
17422
2740
3328
8145
21651
17530
3735
6664
6181
6573
5107
5343
14505
