2511
7375
7584
17215
8282
10731
14762
9850
9130
15137
242
3132
8501
23454
4129
18471
17438
19724
6888
15836
25067
14575
9634
20089
4219
22073
6013
13082
12088
6091
14358
18593
23674
8875
8008
19219
24390
23774
5456
370
6583
13725
25179
22774
17101
1596
3266
3184
14849
14879
2548
4851
4948
265
23887
9816
15218
4011
10133
906
223
9606
2619
17178
6298
11150
9478
5425
5113
3183
22771
24508
14443
9555
6130
4365
14554
6780
9281
645
24183
2828
16461
7378
5157
25221
19827
3170
6681
24150
23613
10807
59
12625
10991
11009
14362
1402
5808
23078
25066
25183
5514
18157
12524
11363
5531
24008
