3658
6632
21421
9480
8297
943
5640
1029
4544
9973
8349
10649
21140
24183
14736
12308
1250
6814
11741
818
2352
25547
2996
2521
465
2790
25067
6476
23597
3090
23085
24709
9690
8099
18626
8123
4936
5852
6681
22504
13206
9490
16957
17705
22368
10695
6123
6527
9736
19211
13172
22160
25244
861
10281
1194
24995
14421
13857
24354
12024
6856
21955
23884
25290
14828
18598
15808
10159
17127
5034
24920
3014
4160
6908
21398
22745
15542
2280
1268
17810
4346
12132
13398
7966
1278
12717
1962
19566
3874
10332
22171
22462
4623
4067
9056
17266
24936
23132
17457
4279
4402
19658
15632
4103
15396
3111
18728
14734
