13053
23588
10356
21239
9839
24604
21259
13948
2435
1814
20997
6876
15453
16306
11451
463
557
6384
22947
21287
4491
16370
13571
3466
6788
22428
9867
6662
6490
21795
4654
20572
11873
10768
20683
6817
17188
7592
280
997
9839
22172
20881
19308
11281
5034
8924
21108
7072
5673
12889
401
19767
15106
3774
1988
5055
17444
15785
8357
11425
21202
4495
9405
2167
3986
11978
19399
3410
1328
16668
7552
12787
10536
24938
5077
7855
5722
11078
2243
7100
4485
586
10611
11628
5610
1877
17222
25266
14841
16101
2846
21072
3526
390
15001
18500
20803
4526
13974
9088
13012
23866
