13682
411
14493
15037
4549
10627
17658
22747
18507
17841
5084
12513
15750
4819
6656
7373
2501
5278
12866
10437
14360
17187
13069
25507
12816
3473
9600
25069
24127
23021
11446
2742
2568
23524
3736
2052
22733
3502
2606
523
3592
19694
23572
21367
19912
20035
4278
2175
14743
3277
23607
21973
4034
4131
19492
23679
6932
14984
2977
3553
20035
24978
23462
24074
4744
6077
13659
9511
17665
10016
1487
12445
95
14600
16332
1239
2386
12536
4752
20055
1472
13670
16473
1019
11292
1552
20683
14233
16401
22294
14781
6284
1085
1679
25362
9321
5955
19028
12123
2021
