21699
25549
3541
1043
2901
23242
15445
565
21644
9870
17692
23843
8943
7115
8328
4443
8557
4169
18122
18030
11186
3911
21938
23857
3434
21342
8746
21155
20066
22860
15732
16045
2495
11334
916
5633
3074
19080
3561
5849
2599
20766
5331
5832
4398
13160
12964
16331
4089
25037
2604
12244
9813
25279
23073
6031
7223
22623
4700
7209
8144
5546
18480
18217
7523
5153
18079
19024
19866
22821
21921
23590
24680
15757
6886
23499
1954
5811
16991
43
299
20614
12393
5075
4237
964
9771
4861
23017
3486
21774
14750
8240
4863
24874
3517
3809
1652
22048
9417
14784
25271
2618
7128
21924
7205
3505
4390
10090
4537
24796
6730
3517
24482
17262
7338
20426
15576
