15304
1877
5559
4501
14654
6858
9579
21086
5669
270
14963
921
7062
1201
5584
733
3469
6174
9946
1961
3623
1669
5963
12365
24655
16569
14445
21304
3344
24392
2625
24216
23736
9492
6229
2509
23639
2963
17644
8979
17516
2234
814
4674
2068
2608
1079
5429
11360
10430
21095
5192
13882
4800
23489
15868
21078
4177
21096
12029
5829
16220
9559
2141
2689
1973
16330
5320
14448
10004
21652
12503
12827
1488
6711
20391
1365
5360
4548
13719
7526
7869
5554
20025
6186
1483
7191
18124
2174
4307
2517
14028
10912
6369
18180
13876
1862
9904
25116
642
1703
3666
1685
948
4545
17176
3447
17080
4670
17528
17540
16308
633
13526
2823
11476
12664
10232
