17444
952
19333
11767
1580
4788
4882
19870
3046
296
19667
23628
24629
8171
22954
3364
6183
25375
22141
15097
3350
12082
1908
25123
16839
7187
8254
4403
2452
16362
24
13645
9783
16889
1310
1829
15754
8920
3328
6892
15488
12286
9763
18590
11380
10671
21696
4026
4765
6549
13324
20501
5983
22112
6405
3484
24969
15186
1439
6157
7804
3085
18930
15237
15569
2742
21751
18912
21719
15916
14005
7279
17079
559
21004
2850
3118
8441
15711
16551
19509
17244
21647
725
5270
23082
5890
4456
7549
25247
2668
13090
5451
12058
5605
3948
5308
6291
10362
