14917
11540
4818
14322
1308
17230
1233
23900
3460
6158
7736
11730
8692
22545
6379
7937
2151
4229
8595
1819
4375
17989
17596
1251
12263
4440
24284
5888
24920
1605
23143
21862
16630
5443
7452
19846
20010
3066
9565
3127
25022
14456
22511
19430
21477
1007
6675
2583
20777
23022
3207
8908
24549
4975
5316
17911
5747
12261
23295
424
56
1524
5831
6108
12867
4993
21019
22886
4854
3615
5055
16254
19888
8950
1119
10198
5270
22384
1423
15960
1600
3517
17713
3020
16352
14048
10387
20103
4667
10408
15640
925
23228
15976
4559
8590
2417
11023
6274
134
19040
5922
23943
4218
6159
17371
14822
5603
20901
2135
24265
15651
11741
18473
913
10829
9071
16818
13376
24150
11628
