15807
285
12736
19310
1365
20279
2457
13335
16010
25247
2250
918
7242
6266
24574
16548
23809
4895
220
15762
16644
20303
2046
25080
12219
1564
11266
9250
3214
15644
1814
12969
15781
2495
22728
19833
24693
403
8592
20426
12016
23560
17265
1614
5802
17332
2972
2479
6316
22700
17355
4387
12938
24819
6331
4727
7887
10907
7010
147
4048
7582
2069
12237
16686
6182
5901
22775
4840
21629
2558
1661
2606
9308
23216
20146
22795
10151
6850
15430
16493
23385
4420
19366
1270
12116
5715
17323
5584
869
7737
4371
24655
11022
1057
3472
15028
19313
19225
19070
10112
12473
14690
14249
7551
6398
23932
16089
7817
23819
2361
15638
6340
