69
5122
1858
3124
1992
19329
7767
6202
6468
2323
20549
3147
24526
19168
10788
89
9481
19194
8262
7204
8899
3766
719
2378
17450
167
14078
10808
18581
6662
2639
23844
3973
20506
16024
4910
10874
6812
11962
902
2200
13284
15025
8212
22719
3999
15917
6882
2327
1712
5364
22777
2121
4556
318
21869
5845
358
7231
4724
1213
2205
262
19881
25094
14689
316
20487
7736
21369
4702
4567
6188
4412
18228
20017
7211
374
10881
1520
21697
6425
9814
22517
10849
5740
23733
3493
4451
3768
2419
17652
19238
5873
11782
20453
5265
8525
21278
19462
18026
23594
1342
21339
