13398
12948
7219
1667
5518
5509
5970
12531
9232
21939
24782
15944
16108
25247
4468
4907
3717
7101
12397
5788
1183
24967
2659
23365
14237
22529
683
5734
13202
22308
11454
6844
17492
3366
2869
11849
6247
20311
2799
22326
1714
7258
1176
989
4780
19644
2356
14258
8185
4538
17553
1394
18086
5292
14179
14172
19559
18149
5674
10580
19101
21044
18480
21223
5178
11823
16444
7190
15543
24889
20330
14936
5858
982
20422
158
7214
25340
22037
89
11829
6713
11766
11464
20397
6094
2424
19127
7388
5837
23711
23023
3444
580
2135
335
12665
5686
2548
18405
24880
9191
1128
7028
1022
1131
16824
23654
1512
11797
3694
16901
6238
