14890
1319
4562
4766
10237
2606
16836
20747
11785
13757
3154
24693
14960
2414
23614
4897
8120
8817
4713
17727
3376
15903
11627
6452
4415
11246
21700
1579
262
12915
2920
567
19624
25075
3060
3462
14074
22684
1482
8098
3141
4465
12094
12167
7144
5915
25174
3816
16675
9437
3733
13937
15607
10784
3320
49
11478
12414
6536
14137
17785
12404
5975
16738
6536
18427
1677
3642
21079
6951
2798
4790
22213
5652
6321
13339
25256
7683
23030
9339
3728
9368
7940
11548
18117
7868
12900
1799
13318
979
14276
5451
4373
2355
6299
3407
4310
4168
13474
898
1434
19967
11786
22512
9942
3403
2244
5214
