17179
7822
5164
4376
8419
3621
6063
23369
24980
852
4541
1934
8391
6366
19081
3163
2488
9830
21492
9794
14622
4408
2260
14901
4792
2635
6265
3666
789
16018
536
3583
13333
4827
25477
20911
12219
9552
25541
10239
4277
1333
24881
6726
5077
5237
11704
14527
6618
1142
14707
3418
2716
1884
12170
14628
6937
675
13
22207
395
12438
23819
1165
3558
8792
9336
6588
19493
20498
15709
7775
6243
6191
25117
17419
8744
12028
23523
15970
24523
6858
12134
3141
3837
4406
14142
9249
5620
17693
12177
10532
21752
5658
12796
5533
23163
8763
8397
20332
5257
17938
684
12929
18367
371
19859
1510
4792
395
9023
198
17811
4170
6132
5219
21234
3480
