12109
10413
23909
3417
269
20940
14085
12387
18730
16752
2652
14714
23882
18612
142
1047
4682
7118
6571
454
17494
10066
16422
923
25487
5657
2255
6270
20100
1592
9483
6770
22986
2960
1070
1973
2895
13963
9449
18159
823
4857
5907
2754
5467
3819
11325
22791
4636
15582
23303
12770
16791
3282
20099
1381
2753
17209
10465
7806
20386
8431
4513
5324
4284
11151
18455
2485
6744
17219
4494
5471
2270
1228
7830
575
18133
12479
19177
2615
265
2477
24945
3709
4520
7103
12152
6748
14255
24186
17501
1748
3338
19853
153
16950
4214
16537
10601
14119
24138
3809
21824
668
6851
10652
21007
7658
2805
