5799
2052
16069
276
18933
6724
6061
1201
3122
220
5868
18498
2823
19605
6538
1169
1952
21861
21516
16600
11205
5036
11467
18516
5643
12618
12909
284
7105
20909
22334
20411
10442
4159
14186
1948
24563
7044
20794
7962
19813
4681
11600
286
865
3229
4416
4713
11188
1639
5541
21699
1629
14159
11565
19705
22875
20306
2490
5082
20372
5040
1066
10930
18783
2284
18069
1850
6890
21457
931
11813
15574
20600
473
4028
1772
25137
16796
3851
12963
23865
965
5821
4613
13676
13394
6870
22258
14681
2288
3335
6674
16091
12227
16605
4258
15929
16447
15748
19086
23737
14948
830
