20043
18718
15168
15791
14121
4346
19125
20681
20225
16285
6122
7085
7154
4673
8076
4019
16698
14452
21339
7179
3456
4031
17780
11566
22112
15291
1737
12061
22343
12801
13561
24612
24584
16671
14198
6049
4860
2875
11461
4827
288
24172
2076
3743
15251
360
24352
4545
23782
5516
1011
256
2269
10286
9207
15473
18369
4275
16853
5141
22461
14265
9967
13623
4841
25217
12109
3806
1148
19498
6539
4298
11956
13625
9573
24697
25352
5203
24849
1789
4886
2103
9817
5450
6214
4299
18502
8776
17919
17696
3396
16772
8392
20849
11925
3148
13412
2799
12539
23364
7108
9652
14177
12234
10831
13373
11880
12563
24633
