4181
490
2083
6653
16049
1540
1143
1805
12700
420
6399
14379
9319
16863
12586
3415
996
3669
18543
22551
15166
7810
15968
16026
14313
3455
17751
12517
9431
12007
5015
4589
16239
7062
9189
9608
4109
18942
486
3520
912
2491
23067
13433
7463
24320
9930
10336
103
16593
4891
1049
1019
189
5224
7107
2722
15859
8343
17713
23381
18503
6081
22064
23119
22722
1509
16087
12883
24929
20849
1302
24558
9606
23288
8679
18514
23874
3015
5440
16945
18495
22341
1984
2878
12709
10408
12262
12701
97
9969
17712
1676
3058
4773
10812
22597
3159
1212
23346
17901
16688
4192
1365
19027
13328
7019
589
