14152
13988
6732
10473
19352
24581
4574
22993
12416
14322
1572
13812
20595
15343
14317
15581
19439
19549
7471
5350
12020
7915
20989
4712
22157
24136
395
3995
1663
6540
10430
18248
11800
14060
20305
2446
24285
16660
14845
1902
3407
11744
4613
19138
22845
6267
1222
24627
11905
23053
12035
5232
24331
5624
11000
3111
5660
16519
16124
24485
21080
6627
15789
1666
10519
1476
1508
3024
15942
22617
20827
18982
1236
7294
12519
453
1759
12983
15232
282
1674
4821
1647
7137
6214
12153
9767
9758
5623
13269
1947
11380
6160
14518
16543
20863
15108
21478
15579
22272
5188
11910
2731
