3275
7301
6127
2723
6673
1446
7899
17492
7069
16263
1589
3392
18163
2679
19977
9726
4410
3634
9355
10765
25428
19792
23459
1069
2480
3227
14446
23254
18259
6012
18739
7256
2118
2450
1312
12426
353
25446
8072
7160
5988
13217
2177
4610
5706
6928
7812
23886
20346
21975
4017
16706
15953
4174
2123
6368
5219
2359
624
10021
5316
14707
17695
1715
6932
21832
1570
1115
15072
17866
11678
7085
13743
6472
18661
8516
5484
19805
8236
4295
1011
4595
5815
6493
21103
303
15822
11675
9002
13270
5542
25054
13498
23179
6946
23770
23963
8823
23369
