22563
5383
6761
5976
5536
7029
15779
3394
380
7087
2357
4334
9377
16252
25048
3383
15576
10709
1127
2433
2156
5442
21680
13839
6312
15779
19899
5838
2584
5427
16074
6185
10225
50
6703
3787
5219
1955
8694
14474
15781
22493
2093
7185
18551
10071
2340
23896
576
6045
24068
2369
7734
24154
14086
8619
8895
5203
184
18291
1873
19699
22600
13385
263
24980
12978
10977
359
1551
12626
1749
25375
533
10053
3655
18322
5859
20434
3226
9361
2622
12917
648
395
20730
14852
5235
446
1835
5369
3029
4048
24291
7863
2102
14854
1565
8084
17673
11918
857
1595
7087
23637
2646
6503
7186
16564
