12310
1269
6351
12864
5809
2792
58
10775
19291
9653
18316
20041
2181
643
92
4064
831
13681
15788
5912
14035
24214
11338
5142
1069
23792
3602
17785
17156
14373
16719
6846
16028
20475
14550
6703
2885
5936
25351
21993
3865
16153
180
19880
10222
21305
2741
17367
1458
17738
22951
7257
16168
1116
1694
628
6826
23207
22804
10483
4281
337
5098
16383
22781
16963
9994
2153
22895
23815
16606
10605
5246
5902
2310
5534
23865
22252
1631
23647
5120
12045
17668
3074
15587
15766
228
21984
10877
9653
11508
19928
3969
20289
2553
25203
2947
12562
3936
2752
10384
