20032
15055
10681
24273
8070
6713
17146
1435
24332
501
11281
22970
14962
24514
12171
5098
12326
6849
4961
1162
15932
3445
15877
18614
580
3566
20444
2027
18652
8150
10531
24414
3212
1342
25272
3542
534
13439
13536
12268
1832
11563
20299
12398
6846
23549
8179
253
3939
13105
2794
23656
18759
2801
4640
5760
12873
2968
2190
12944
15255
2504
3304
4545
16651
21021
7079
23429
5154
229
23531
6893
20147
7974
943
5201
15843
23274
1101
9948
1275
4797
16501
4082
23519
20724
13529
4243
4686
14086
3945
802
7673
15721
13992
20878
7024
3165
16551
5558
15629
7100
23454
7062
10901
23940
9438
21023
20678
23201
3250
7932
8261
15661
7157
5207
15880
19678
10881
5614
8673
