7968
2414
13705
9630
24132
22137
7979
3265
22631
22054
4123
11679
2435
19200
1559
16849
7330
6724
4531
20804
11144
1836
20875
844
10942
3234
17241
8187
1970
5163
8072
16854
4812
8931
6413
14229
2685
24704
9969
5357
22552
9570
9066
4323
2059
21327
902
1625
15641
24384
15590
8788
5739
2823
22740
13912
22417
20118
8217
11064
12169
3512
7383
9507
19935
21560
9340
18400
2899
1707
11429
18652
2120
25386
20997
12318
6282
1123
2887
19023
20888
12824
4494
18963
14585
10631
4136
6495
9200
1546
23879
23358
14644
19897
2661
7378
15558
21949
2896
14129
3968
8276
2988
24936
23187
5315
3736
3375
2858
15175
6515
19302
20637
18337
13042
2375
4880
