1903
13735
7684
21128
19183
4306
19497
17770
8579
3803
13399
3963
15933
14038
25251
2785
17233
130
8023
5211
17476
6242
24
8773
4673
6809
265
12895
15114
6916
4249
16496
13541
20104
2371
1858
15693
21992
430
3639
618
14981
5768
15569
21158
2343
3720
18668
9724
15875
752
6953
8145
23575
21796
3896
1534
14299
14175
14593
5494
3320
4559
4475
18979
6566
1642
11281
8579
5052
6531
16822
13823
5998
12821
14506
24324
2462
5311
666
8168
22557
14015
531
17566
11976
5660
15419
12183
9605
24703
14869
22258
17965
