22653
10714
19582
22079
15731
4101
636
3982
18594
18898
1997
24471
10138
23481
24159
4892
1054
4243
7269
2340
5046
5817
1859
17720
22255
19745
23301
5110
5902
9388
10618
25018
23779
23726
4306
16281
15944
17051
5471
6286
6186
16489
7405
6055
15765
6637
17494
15518
11542
23087
11522
1516
4684
3447
9450
4165
5064
235
21049
4636
9670
23330
11961
19482
14624
12187
12230
4215
24502
1179
8372
5162
19380
14089
11225
17754
21993
21626
5165
25060
20090
2114
7986
12002
6801
14728
11742
24273
22618
22510
1518
7042
23538
15700
19589
23386
9752
1540
11830
711
12816
17151
14864
3285
19486
9314
1505
2903
12761
6670
23282
8602
333
20410
15187
22323
11121
