2838
11496
6339
22366
969
6244
3168
4223
8343
4380
12697
13095
5501
473
24724
5663
17776
24309
3973
12677
21348
15460
16550
2406
5280
3361
9408
5946
4314
2843
5092
1350
3756
206
4154
5207
25428
703
4311
7117
24751
2997
18354
16628
4687
5518
19278
11022
3131
23698
12487
3550
5619
22702
1627
15797
11701
24585
23171
9900
5338
471
13233
20652
5518
9076
5367
21203
21488
11709
18117
13759
132
10076
14766
18799
6401
16657
9263
645
5641
20654
13750
8613
3098
15469
4894
3739
14956
22379
24092
16926
2756
11244
11307
3974
106
14323
2764
20926
6260
6068
18774
5501
6228
8689
23565
9853
19988
3965
4960
6339
16323
1352
17766
13882
19142
3537
25340
19594
13034
