4899
634
21177
21425
24438
2316
3870
9178
2998
2416
18873
6052
1084
22917
2496
9943
8469
24639
8563
750
3007
10609
1547
10036
18171
10458
9104
2070
3969
7919
1772
705
13955
19111
3911
17265
21584
19112
2020
8353
393
12148
18438
14597
23939
15383
11167
15518
17057
22653
1462
23260
11369
12813
2030
6186
19720
3486
1423
10687
21101
18717
11464
10850
23725
3345
14618
18787
8766
11708
6687
20497
18013
15500
4970
12378
24262
18961
10464
24054
10187
22419
10907
22473
2116
5152
599
24812
5943
8502
915
2044
6867
12012
