4632
4691
13947
5971
13104
20194
2222
19388
3150
21704
5614
21602
136
3535
5681
3398
16314
25474
4295
4569
2266
968
8142
19682
9390
23550
4592
2467
9095
11899
3316
122
10685
2666
4636
10915
11099
9277
25006
8405
5660
19115
24500
20349
2970
4366
22631
17276
23706
5451
13965
15789
8648
2816
6534
20956
2871
21179
5567
5069
18786
402
14892
1903
15556
22818
12009
11584
12351
11870
3714
17829
1673
16716
21916
11733
21510
1129
6926
974
1866
21711
21308
21715
22160
8366
945
15954
18143
7192
646
6252
2338
14870
6354
1200
17389
16323
5095
1918
20490
4242
14523
23003
18187
5084
6583
18178
11526
24304
23412
16689
24708
2492
23735
723
5266
18603
1212
4621
15686
