3533
3978
23498
14818
5465
9670
3365
21907
22884
19266
12825
3130
61
1406
8765
15165
5054
8475
18338
2404
10114
5597
20197
8886
4723
71
23511
9909
22791
4599
2990
17785
17656
23697
9616
3529
5139
4812
6401
1545
7083
17126
421
19708
18279
1308
1147
4599
3874
2236
9372
1940
146
4953
4256
11856
5464
6312
18664
9649
3651
7040
15516
19060
3061
5376
24591
959
19456
6563
7178
16401
4713
8718
17045
9121
14216
278
20614
317
267
6408
24395
23357
11385
13354
17914
15221
10125
13716
2092
1461
5717
17051
18414
8950
24541
18212
5346
12950
4569
6494
12319
1945
16229
17384
11655
22148
14443
9350
5945
4725
17932
