3538
20714
13953
16823
6388
18442
14991
21046
895
21226
14699
958
5148
21346
25021
6115
19898
5925
11714
2632
23769
1359
19347
4619
1930
665
4142
1504
24250
25364
12930
8620
6869
7968
7538
14971
8470
5821
6285
22205
19626
2794
24254
20750
17903
23880
9901
2317
4112
23283
6506
22465
23684
5233
15047
8061
1477
6251
16296
4999
21053
7141
14983
6665
20093
1697
24540
3629
25114
24832
4623
997
6125
12237
5274
5062
1196
13344
1697
25231
25033
14151
4566
12562
24733
17751
10296
9689
6335
22878
1461
8955
14891
5263
16225
6199
19907
15735
2309
14714
25477
