15249
17333
7813
15955
20540
4169
12775
21094
2427
8925
10670
2463
6243
7224
24134
21378
11796
14856
6012
25299
24130
20719
24796
16365
23161
4590
4283
2652
13037
22080
6435
1564
81
17519
24467
12261
5050
2816
2761
10700
72
18699
7840
8555
6989
10156
6914
3930
23056
1950
1471
6256
12470
2340
16469
4320
16664
6174
3104
23308
14233
17977
9418
15212
22869
21565
13133
2351
16561
2158
18350
25218
19430
2369
7416
12103
14667
4955
4331
20721
4808
9936
18341
1355
7091
3814
456
5108
7043
2976
8725
472
7860
7324
25433
7869
4660
10160
15492
2693
