4557
4785
5597
3468
13365
3879
2611
6510
10939
2175
5231
5819
757
3029
3635
1375
11044
8344
18419
761
2309
122
21075
14639
8386
6295
7159
5868
6604
4709
6542
4956
10275
21021
20805
24872
21974
24360
3930
4610
23226
17020
24213
10906
10429
20474
7293
9618
16378
25335
17527
19134
3587
2477
21826
8410
15681
8235
6412
9399
4207
23777
20060
3170
1364
19175
1976
6079
3826
13887
6793
9468
2399
1860
20060
24934
18405
3594
7762
12176
971
15800
11521
10715
11945
22594
37
1262
23624
2519
18491
22154
1085
4268
6137
4113
12610
10996
2900
2420
7896
7675
24524
19797
