11922
4470
5977
4377
4207
23605
25340
14560
2433
16069
9566
18838
2679
3733
11997
12722
21916
21245
4813
10617
1234
20134
17000
23325
4054
24656
13614
5522
1440
6201
6933
3150
525
1386
22595
24111
7482
4109
5685
13003
19940
13208
4422
5170
11314
7532
6496
24136
16660
14665
12203
5145
17841
8553
22902
5231
21427
6177
11338
1341
796
4575
3942
20213
6104
347
6557
22419
3844
16188
9119
20383
7153
10741
5258
13042
2230
24425
18043
4104
4820
15075
12991
23221
3910
25180
10371
12535
6562
16561
4328
3502
5790
3451
5405
2080
21171
7069
13136
23170
131
16282
14190
218
