9531
7865
11627
4616
22327
16423
25462
4652
19793
19098
5248
21165
614
6992
16810
17504
19024
3332
2174
4510
4486
20015
5182
2431
6026
3089
582
635
629
6632
5787
2368
5232
2903
22121
5255
774
11588
7116
1521
10332
3650
4161
8807
11714
22187
8546
3397
3484
9325
1361
5221
7738
13056
3832
10040
507
6435
1262
529
8310
24067
18410
1722
4886
2088
2261
17857
24931
8694
23859
14571
16456
6701
18491
11278
7877
10234
15388
22154
10796
6584
4657
9492
22254
10231
24189
12942
13697
8974
14364
3919
5509
6280
6141
2747
11202
21272
640
23284
5410
24337
13982
14313
20272
23660
7109
21724
3025
7250
20546
23784
2746
17553
