18697
8564
22993
16715
3778
12512
17498
19568
11832
9854
22533
9200
21490
24046
4122
21804
15391
16441
8879
1021
662
8413
4552
7998
5176
19256
3091
18116
16722
16803
20191
24971
11539
10346
22788
25095
12567
565
4260
15432
7768
2524
3560
3016
384
16287
1429
1161
13501
5373
3994
1977
8555
15833
25543
767
12481
11834
3377
18635
2747
15382
6097
12891
22750
3267
1292
15531
102
12955
1106
2649
10828
5678
7960
24685
19931
739
16286
5572
2519
25253
9193
6787
4473
6625
17245
11664
3741
2377
15425
16605
21079
15142
3692
3990
9568
13613
731
142
15512
5582
18221
3240
23429
25016
13675
