19071
4266
653
2018
1737
8735
1845
21608
20265
17424
3993
21665
12833
119
15434
2533
18726
16432
17957
21978
5442
6433
14776
8157
13692
12088
25321
3456
5393
3319
23092
5992
4152
21911
23770
8609
4125
2935
22472
24875
795
9131
8451
3612
18591
7458
24556
6921
6083
776
10279
17910
15899
14572
16911
8961
501
5472
9471
7025
9603
282
8311
18606
17344
3501
13712
17996
9958
22456
8347
6136
5087
21287
4770
15957
3468
3564
6791
6419
266
16099
16161
12831
1502
5189
18538
3370
16029
8670
14640
17729
23626
11123
5245
8028
13928
594
10731
9288
11446
4798
14854
1560
11503
8546
5284
13518
1101
