13827
10864
895
22592
17520
25272
18492
14264
1371
10567
1432
3991
1828
850
5174
5504
617
1759
1007
10153
6570
11233
12079
484
19560
4284
2693
9395
6168
3814
6255
1316
18724
20928
6280
10694
6614
15285
23229
18756
21782
16991
13063
14219
21558
20138
15032
18897
4092
1845
1910
16137
184
8224
1300
4662
6882
1087
3343
21065
436
4771
11952
21037
22258
3272
6271
21437
11702
13082
8839
2888
5042
4942
2945
10015
25151
1450
21521
9982
13271
23077
1460
24666
9829
6663
6748
13350
19403
8973
5135
4334
19551
18615
13890
5715
14271
16941
24802
1471
