23285
6222
5878
4126
21303
25476
15226
1565
6525
12288
14649
7170
10808
22320
5489
5934
3846
10911
7238
5921
2884
1587
4286
15878
19116
644
5773
2635
24458
839
20347
17277
13627
15545
5870
17121
2459
4726
25275
16286
12987
6627
21107
1203
5138
15604
24325
11529
17572
14286
23051
14427
25403
3787
6607
6393
7502
23905
22434
7129
25462
11083
15711
21497
20370
3680
8665
22091
14816
6256
5284
8457
7013
18972
2152
13923
4378
25001
11942
460
4134
7833
4711
17615
15038
25358
10455
23041
22548
22534
15623
4563
6076
24213
17446
14833
19666
12824
10882
22250
7952
14596
8880
3868
13575
1774
17581
