25320
23378
5265
801
15292
6140
8310
16021
3828
17089
4509
11203
17190
10428
21110
23149
11046
19723
4456
10478
19774
898
4107
6709
55
3840
5125
23369
4744
7219
5505
5484
15155
12771
325
17747
15041
6569
18543
2080
11651
9062
22152
14646
3076
23833
708
3941
24090
18011
18776
2778
6912
23147
10476
22862
15221
8767
19568
15886
6071
4391
397
18507
19118
4949
12937
14321
3078
18968
15697
5036
22396
5870
16409
2671
6353
10863
16790
23419
9329
2570
23810
5846
9966
179
15646
22623
6803
897
17355
22948
2148
709
532
3075
5718
4775
12696
6751
6834
3291
3035
3335
2423
2951
5749
7420
23065
