22135
24552
534
5401
15028
18693
1447
4084
22775
9573
8655
14141
4554
23831
239
10980
1499
22099
644
16570
2470
5417
14556
2260
3667
1855
12610
22181
22994
654
21201
5555
17016
3584
5340
20317
14306
13020
15368
24887
16941
9203
256
25003
1999
24749
15259
13703
7813
12472
1142
21849
3337
9098
9289
17424
6282
24574
2220
13008
6494
8118
782
22460
9880
24096
697
3924
15762
13679
20393
1069
16265
2223
5527
12332
5391
13067
7364
21986
3173
4272
13121
21672
1475
571
18278
368
5961
17946
12402
19512
6231
23211
10251
5401
6113
11175
4307
