9208
20246
11235
18255
17294
20467
18571
4066
7647
11121
8838
6697
21653
4282
20918
8468
7322
24814
21905
815
20857
5626
15645
21686
13490
4328
285
5709
24739
17681
3495
3119
1518
22466
6154
2878
11986
198
5631
5695
23881
6408
736
6034
8055
19297
6614
16898
150
4869
24008
4158
6467
1227
6454
4162
17257
7747
10321
10406
10189
3148
684
24935
17387
16083
965
5217
18526
7053
25088
10057
7089
22136
18397
6702
6491
1091
4126
5181
374
21212
12388
17414
2753
24613
18146
19329
5391
24369
3948
3970
3519
13201
24466
4360
4098
4856
6281
7548
10473
3676
652
5574
4444
8808
797
25214
13670
