22990
11042
16832
19965
25428
4797
3964
5808
12262
10165
7274
6636
2300
17572
4356
17574
3028
12655
7138
3085
7340
23055
25270
21410
22056
13081
9055
21139
20298
20515
1640
19106
1572
10314
8016
12739
1830
3287
8058
428
17534
19886
6489
9595
4047
3927
8783
17446
13916
20506
4716
579
19147
7828
1302
7358
4880
6707
2202
2555
16829
6102
2927
1224
24625
4510
17198
6919
745
3749
1442
5771
1654
22004
824
24617
9447
6694
3565
14863
448
3192
13062
397
4994
1191
14500
15290
4029
4299
5706
21443
9305
6333
13951
2045
24982
9352
23952
2027
21406
17056
22949
16645
19250
842
368
23657
22550
