3041
4633
3539
3006
274
2580
20443
22586
9414
2287
2895
9954
20048
19364
4273
12958
15059
23985
19054
14999
3209
5690
10815
703
16952
15062
25158
23715
9298
2198
20269
1827
10811
17308
4459
2680
15048
8446
21947
1502
3255
10256
20609
23369
11003
2599
580
21000
20844
21850
993
11938
17180
7958
11038
10099
5466
9371
10697
23747
22450
18233
829
8159
12544
3248
2966
789
4317
2423
12055
3908
4676
20571
2515
9740
2962
15298
537
2195
13486
12199
15877
6678
9706
13245
4635
10731
24179
5875
18248
2185
4993
23037
1269
12477
13450
20435
23851
19193
