16933
22375
6048
6633
24562
21536
23767
2485
20702
413
2930
14270
3673
13167
1739
14287
14111
10890
3777
20049
24383
1755
8974
1946
23089
1545
19948
18159
24224
17723
1083
19492
12152
17294
9967
12668
4246
1476
20123
16993
2477
1238
12112
22852
11664
5585
20927
2230
15132
18138
22055
4277
14138
13629
160
23510
24740
15404
4955
21249
10264
10917
11981
11207
4899
17523
2649
4234
8943
4095
9604
19360
5795
10902
21729
17179
9126
4347
21006
8325
2718
14359
6363
11146
12018
10350
4798
21185
6614
542
17599
499
445
20653
23032
6578
10964
2668
