14137
17064
3242
4512
3572
6674
21762
23315
6762
18438
24131
20601
1641
2415
7505
21733
1955
8833
624
10026
6130
9552
8741
8972
25251
10946
5331
3242
13240
5517
3698
8581
21643
7094
3957
17610
18937
1820
23778
25068
8566
557
664
1893
10936
10689
18449
7034
9533
11316
4745
18324
22980
7925
14880
7050
10174
6587
19383
19454
6944
23986
15689
13519
19548
2348
4493
1200
21759
4707
1941
12230
568
22799
4152
5734
7104
4072
23916
15109
4299
5017
10909
15441
1375
12672
7527
23247
5614
17258
2241
14340
10529
579
5083
22720
1107
3602
5235
13391
3343
1171
5630
13412
4788
5367
5365
9493
2726
19201
18325
4991
7855
4335
4131
7477
22642
12401
9648
12485
3619
