2674
1009
5968
1881
332
5850
19104
11732
15640
3256
1620
5427
1125
7155
9927
701
13734
16166
639
2015
162
3240
1956
6408
18968
3031
14626
23581
17697
6010
14562
14834
20810
5047
2947
7173
1099
1299
7483
2208
4640
2636
22155
12810
10170
10468
7985
179
9600
9810
21093
22673
15881
17084
8494
4314
532
503
938
2806
20625
24805
2555
6401
20808
6887
7610
4353
24854
13032
9745
23218
2316
5779
3351
24990
15522
5795
13398
23061
12545
20099
19676
4538
2176
5897
14799
9201
2966
9426
209
14136
9363
1337
7211
12113
23540
207
15118
18931
13842
23511
827
12553
7114
9456
1829
5099
6470
15350
22493
2929
9689
7179
16254
4937
20785
