12280
19272
669
24816
6188
22388
6588
4874
6200
7036
22044
13422
3479
4161
1297
360
17861
11588
14978
5256
2062
846
22396
15716
3239
19919
6171
1564
15610
23952
2439
890
9597
2710
1262
12068
5996
3575
1223
5752
5830
24716
4175
1635
19629
22777
21158
3226
14915
1988
18846
785
2781
5970
12279
25456
5995
5774
6504
19879
3239
11290
12044
15691
23323
19752
14695
2895
22821
17361
22947
4576
5307
10659
3872
112
21779
1188
17386
20529
19213
2224
12562
23767
4289
12128
15627
10824
11099
18837
12966
20259
1576
2066
6922
10520
14737
24256
14572
17180
22172
