1362
10476
22652
3121
18102
3448
9293
21865
18577
10767
22325
168
23759
14993
10144
1443
4595
156
15417
23876
4116
18985
16388
18640
21787
1497
301
20615
3075
7115
22461
1464
7620
25199
9417
21208
22857
18577
2373
14811
42
7184
14509
1463
13144
5008
3740
1140
5918
1035
13353
2392
1392
22879
12703
2263
493
10560
3957
1947
15999
44
15232
5899
21540
17892
2241
5673
16779
1258
570
3502
5192
5315
12361
17265
21783
23626
18862
909
4114
20094
15520
1617
4977
6974
20328
2976
19042
6664
2100
11767
23277
15874
8172
13333
20846
2886
562
20956
15639
16617
5012
19309
14941
8129
3999
9561
3092
22622
8690
17145
4999
12438
5929
4810
15352
