6923
23241
25476
13299
14014
732
18409
23290
1628
2339
22473
14782
24729
23431
10971
10287
22845
15453
20315
15834
6667
23472
15381
24059
24225
19334
3628
4747
18723
5110
19546
1764
12382
2319
1268
13536
18363
19481
25404
12465
19242
4003
7738
6462
5691
20289
2867
14258
15980
25490
20670
16225
2618
7105
4189
23504
23708
8876
24294
2966
6847
5091
16140
6810
1720
9719
1719
20173
811
11489
4605
13478
20325
9165
8852
3996
3685
747
22070
5561
17978
17302
4737
8450
11063
6045
19421
23403
3127
19786
17061
24178
3458
466
14730
12120
4396
22871
1064
16460
20702
3974
7377
15778
10160
346
1419
2925
2911
4397
23072
4040
13682
