4178
10204
6210
5623
9164
19358
5451
4352
5845
23639
1060
6789
19168
8809
24224
8377
10338
22616
585
5421
9899
13943
12453
5716
2414
2635
17162
12084
40
5376
2781
24537
10162
525
551
12286
9486
5928
6806
12987
5769
6693
16100
5931
3810
20985
3960
6419
22154
15933
14341
25406
10890
1647
2684
21182
24470
978
9603
7242
3444
4226
3614
25007
4738
25341
13559
10398
8090
22732
3032
24085
10363
13232
24023
19128
13644
17222
17483
4352
9037
480
20794
4408
18336
8070
21801
14690
8217
6522
1677
14693
3486
6355
2958
6199
22275
1287
7429
14773
17145
