24152
19132
1597
8001
10806
188
1148
432
9608
1300
11649
21089
14863
17699
7223
19434
11184
6468
6916
23827
24261
21002
20748
20687
19774
20275
21784
6150
11325
24517
15085
13399
16554
21670
8949
6674
637
16833
6444
24790
17363
2910
8467
4623
12770
5936
4354
7276
20109
10789
3288
1128
17593
2044
12921
14141
16526
2034
808
6484
5490
1078
17614
15393
4820
12904
15957
11951
2812
4076
23228
8483
1730
10528
18018
5878
11548
22170
3989
4905
22233
3859
4935
4160
21744
1525
7075
6247
583
19767
11582
649
23442
14253
1096
23568
3113
23655
16969
4969
19250
18978
19269
17070
14650
23429
21537
21982
3783
