5607
5616
2519
10842
60
3439
23547
24159
2199
14868
22625
18245
1449
2846
5693
21566
11503
1006
15917
24055
2973
23332
12331
2616
22750
4280
22607
23442
16255
6018
13598
4084
8034
12148
3180
1012
10574
2407
20692
3446
7199
22664
14464
8722
9420
210
38
861
5824
1874
25480
14170
7821
5187
16534
5487
19757
16665
2599
11275
10289
20747
16331
8146
2300
24501
16198
7089
10283
23618
3381
4208
23717
9808
5617
4845
2300
5244
18476
20711
14300
7050
9932
20137
1799
9894
20862
8238
5777
3957
1480
1847
20867
15365
5666
2710
12603
897
11571
