16871
18385
6564
5985
18370
12797
7854
7491
23928
22496
4436
23466
3761
13162
6178
4197
6366
19445
2521
12817
3583
703
14130
5156
21089
4336
22145
8650
4566
13697
7790
3164
4152
4389
902
22441
6521
13756
16790
23146
5779
25300
5312
14543
5639
3858
9102
14151
9363
5539
6219
4995
10248
4101
1693
10881
2104
21694
22363
20017
20288
5717
3551
18876
20006
12878
1429
6298
3535
8875
2494
19081
3578
15132
3630
6897
2063
5870
3002
13319
3253
13795
13627
9817
6534
18951
9411
3363
2203
13660
30
204
1244
14178
5169
3655
19599
18943
15456
2102
8810
12116
2089
20589
2981
12201
22759
6329
