12284
19310
4657
18082
3123
4119
1860
12715
18255
8735
5600
2504
554
17898
24739
9492
5900
2955
8327
15721
2350
17046
13151
3007
2238
18275
19775
4204
6429
18525
4864
3419
22297
555
14544
4756
21508
22382
6175
835
15901
23718
5162
4030
10144
24447
7277
6896
7703
17622
21844
5287
2792
2836
24096
8669
7111
2502
882
15154
969
25030
15533
6328
13614
3326
22791
15986
4231
5170
16384
21978
3358
3286
3880
14425
11290
4336
14484
10020
3515
11207
3808
13866
10649
16477
21426
293
13440
18700
8448
996
10942
6957
19319
8586
9525
5699
7418
20121
24278
22326
5859
23455
1653
17930
6686
