22670
6168
647
3573
731
2603
9520
14884
1416
19782
601
3459
1182
6038
2129
16305
2094
8460
12392
2569
3421
2352
3288
3919
18675
3049
5301
4748
5927
14278
7907
23367
7955
4161
6800
19390
8872
5819
2153
9747
204
23267
8552
548
977
18222
8400
3964
13116
4179
12037
23555
894
21908
6542
4875
5721
24600
475
1998
11346
12760
725
17792
18193
17068
20227
2236
23955
2476
9952
1375
2163
3441
22329
23125
2377
19742
311
7326
18574
8824
5459
14876
18781
6295
6229
25233
6061
8341
2983
15689
3427
14767
1157
20203
4495
4980
556
3713
