19545
2402
15064
10942
14260
9111
17379
86
13194
186
8582
16090
1200
17869
20390
16075
22432
1051
19989
1551
7519
2160
5809
6891
25371
1474
6335
23258
7040
13583
3811
11382
18420
13768
19579
10486
5265
7206
129
7968
2834
9004
22193
7371
4167
10591
2856
17654
781
24236
5304
21465
3536
8602
7081
21889
5597
3394
4215
2966
20604
13879
22398
378
1366
6371
16451
21198
4105
13825
4476
8555
936
24702
13730
14617
2944
15286
13308
924
3125
1008
16169
6879
18334
24427
6980
3517
20202
1642
2968
17402
1716
503
3109
2021
2123
6554
15200
15176
