2924
17112
12272
8123
23269
23099
16196
10713
1205
3864
4371
1001
9778
4888
1226
15324
6121
2706
4936
21425
16498
2343
18395
6461
16986
16500
1702
11223
8512
23616
22379
12216
16838
4344
3036
6436
2892
22775
23744
20331
10777
24903
24907
21880
11872
10383
3201
16383
8555
19209
4719
23314
4197
327
21835
6872
4441
19694
10444
5366
4622
22034
4448
20505
18752
5672
23197
3895
18990
1657
13624
4040
18526
10703
8076
9850
6309
3760
7281
20310
21583
10671
2685
14398
22323
14310
11272
9106
13631
1891
20465
21122
2297
18428
7596
14563
18938
13317
4362
172
2553
12718
5420
4179
14466
20315
3240
2491
16466
