6660
14833
2104
846
21286
20210
4447
2629
6503
2193
2236
15698
10178
7277
1729
10820
336
2569
1341
4859
18590
15062
20009
25316
3286
20002
3096
21583
4035
5785
6444
18108
286
18712
17735
17098
5633
22673
4748
12636
5690
1147
12470
16408
25179
5643
10617
4994
21026
19934
11304
6997
6902
411
10158
5452
40
1249
5140
13043
13596
6685
2261
24961
2783
15211
22560
16451
9241
23512
873
14894
546
789
10817
2033
2669
2861
20839
14047
771
75
12199
2721
1457
22772
18204
22305
16113
10479
12266
13302
20607
11290
4036
13378
21494
22407
17724
2800
