5986
9962
1565
2159
24218
4026
23379
25475
9855
24598
7100
1642
7733
1924
3393
14776
3602
3595
5579
6652
5774
15258
272
5943
24651
5287
10138
20651
15079
17624
5314
136
11466
5804
22051
7419
4044
5528
7205
16531
3479
3970
23482
7230
3784
5560
20427
23408
2263
13769
2120
5083
12529
815
12248
6193
7268
5338
5651
14296
17355
3186
18553
282
4788
17891
6352
13889
877
13173
5295
24793
63
2164
2548
2818
24542
19171
20554
12910
6026
2340
11218
6860
2444
15440
1465
1032
6208
2572
5172
5392
17698
1432
3192
22309
16469
10218
482
3535
1374
6888
1525
4601
15156
22751
22707
24619
12650
424
19916
24763
4648
