5451
1870
8539
1710
3489
7051
18576
10730
988
1367
2948
5254
12456
22744
1083
1211
6198
17441
21860
14499
438
27
4880
1016
5809
8990
25022
10140
11294
333
11931
17930
20657
6067
5225
3934
909
16041
4146
1307
5259
4157
21153
2017
18844
24518
18224
2090
451
3519
21542
728
14985
17045
13455
4699
1526
1646
5509
15301
24672
1671
17378
21325
5424
25433
17991
10193
4491
3176
1415
14937
10167
17914
14936
574
17341
3865
4146
4651
3421
1701
22705
11984
6485
1805
6990
17655
24036
5535
3240
17576
17096
10037
25001
1420
1256
5930
13543
141
2652
9071
7807
5495
9361
17275
5161
12955
10421
4481
21484
24188
8358
677
16537
12383
17042
15625
