5213
21332
5343
24066
4224
3171
20878
20325
23769
10459
6329
3917
8261
19421
21093
4243
15465
15377
4850
1403
8378
12581
6645
6044
3673
691
1553
60
19228
14856
5535
4690
17828
15866
4120
9770
10270
13806
1210
3922
23784
1959
1139
1349
119
6751
16391
5878
18007
9663
9018
203
19479
3762
21098
3757
23671
2108
5992
13509
9017
20187
12513
13820
20706
7278
11723
221
11683
13885
14475
6073
7533
15992
21345
23803
4862
5420
652
1708
4087
10054
1432
22437
1685
11704
21385
3930
11267
24011
13249
1239
10959
1957
3058
22739
14409
9954
19269
24950
6885
24764
6149
5127
4232
4426
3133
