4087
5204
6519
745
25543
5034
4237
8902
25113
18986
5558
17584
14448
11866
25048
16021
6771
6283
23498
9064
19252
15514
3099
7724
16623
22483
7331
15882
7272
6670
18304
12591
4404
9815
6820
3163
15304
23158
21730
22964
20124
8536
2440
16241
21988
14461
20545
24311
17275
25014
25495
20303
1719
1936
12535
23353
4952
20553
22597
19843
22861
8717
6927
11298
11167
5533
15582
94
6552
23127
20764
87
13250
2521
6341
10450
17822
1778
8933
14389
6310
9463
2058
3385
6618
349
24159
3760
3210
2904
17972
20034
3848
8909
16013
24323
961
2940
887
399
22621
13664
23875
16239
9470
7408
24975
4835
21478
