19395
1406
10181
23563
14293
17981
890
18330
19545
18177
5013
23234
14552
15566
6953
4628
7032
2908
23521
18591
14723
14992
19899
20859
3912
17083
20895
16475
23333
21118
15674
110
29
2747
1739
2974
3105
5597
5914
21148
24252
13578
3275
17806
10951
17760
20957
195
3221
8271
12895
9818
20291
7316
16689
23762
25198
12560
13416
5910
25086
4151
17684
4054
6287
3692
24221
3282
22572
3386
5814
11672
19785
13839
11868
3522
18318
10223
1780
292
24044
11555
577
6381
5859
15767
15380
11897
24272
12068
15242
11695
11636
6036
25095
7068
23135
24140
2782
9395
9087
6583
19513
4550
25245
4011
1099
10151
3673
366
5986
2733
