21705
17741
5157
3251
5209
14601
8332
6296
6655
2304
15255
1399
14399
10258
25393
14325
3833
11448
18932
5436
4944
9490
19506
1633
18376
7756
12398
3351
5389
22659
6789
10699
17846
11511
11119
16305
12790
9143
21501
19768
2977
14458
22042
5367
5359
20638
4566
20596
23327
24827
23061
11417
19762
16987
8594
5210
18583
14285
8308
7186
110
9225
21248
7440
1899
2823
8
4098
6310
6679
2567
23989
3308
2192
3036
2760
4732
3620
6838
19592
23102
2211
13202
5213
7736
20652
19977
8429
4920
9006
4029
23606
20368
458
11872
957
14687
2446
4793
23194
16212
5934
6952
12466
16942
3064
14577
493
11778
