2972
11186
23350
7224
1160
19916
5021
2895
24370
16500
22488
10302
7242
12332
6532
18890
7112
4311
4934
8000
11469
1141
15074
3276
10398
12495
5116
20197
6809
4633
872
10701
11654
2173
3853
2458
13164
5955
610
4292
450
10322
4018
6229
15432
11067
14372
7933
4073
18009
15857
10548
17189
15308
2113
4012
24439
4971
5238
16445
7968
21417
10500
2162
1844
10466
2751
10179
17055
6217
4577
5900
7205
5886
12036
24338
11237
3787
20891
12324
8652
17936
23818
2946
21679
10487
2668
7876
23916
637
15728
1223
8928
6143
18105
721
21699
20619
6128
13886
22485
19486
1089
9390
8492
1996
17584
11322
269
18142
6112
428
24417
