6755
4774
16665
14873
3624
244
13803
4327
13418
15012
1570
23706
9179
4825
20731
194
10804
12241
7154
20322
12945
3415
2117
3129
4868
18628
3824
4731
24465
8123
5696
7259
6222
7406
6998
281
20036
4711
2924
16374
9137
6266
19878
4123
20701
1219
24689
15885
4485
11418
20637
6788
6349
11452
13867
18077
24244
6926
7006
4411
543
1180
937
8933
23068
6501
9026
11288
13992
2999
14762
64
14026
7232
2845
5985
5307
22559
3555
5214
19500
1774
13812
2752
14225
18363
3917
870
10025
23965
1778
1165
20186
4833
127
1106
15427
3869
3948
17106
6136
2993
23808
11081
5783
6306
13024
33
6934
12454
9673
6929
1991
20670
3462
2160
16278
