368
8054
704
10743
7294
3965
3795
1667
4450
6738
17718
5449
20857
13931
14528
10634
3601
5101
23724
709
2068
7196
5310
2188
25313
19708
5297
13719
18100
2513
17162
9846
4919
605
4911
18276
2936
18293
11319
13626
19992
4216
5405
15581
2555
5333
11787
10848
11475
16248
8003
17561
1471
860
20042
6317
10574
21848
8144
18662
4252
6061
1324
13890
23741
22203
4165
8625
14994
2099
24703
10302
4933
6134
2211
17265
13289
2247
20109
5919
5995
2798
3079
2903
21048
24569
13167
2180
22063
24728
11099
25148
12849
9031
9727
514
10335
21759
20445
