5126
754
18271
19850
1726
17685
20709
16170
15082
9715
4515
11556
17345
18542
5474
139
24265
6207
13463
21100
1427
13871
3660
10769
24797
21196
8150
4507
18155
6077
7493
6654
11424
21275
23429
19718
1040
16626
9643
4642
2972
2469
1464
336
3758
23501
6317
9868
5260
19275
9898
6384
7071
15474
22552
11460
7236
16449
8159
1762
8961
24316
16770
4517
9556
21643
7329
3288
2545
15217
823
21826
20412
10258
580
17946
1128
13669
6368
24530
18936
6937
24535
6324
8449
3178
8361
3513
16177
12082
23987
9548
7511
19381
18866
4487
18786
5433
11903
13949
18207
14895
17842
7138
