19199
12351
3416
2502
6770
1116
5266
21496
374
19677
559
18451
15071
9269
20661
10289
22256
22459
17397
1409
9152
11301
16285
24139
18204
21578
1451
1827
1992
5496
3094
6984
18369
7737
6707
17731
11389
2651
2852
265
5627
6649
12633
14151
6613
5564
1591
24109
22663
343
20659
1050
19231
21273
17170
24142
1826
1368
4269
12901
23996
7989
23771
14618
3507
6516
12426
22507
16981
18129
15221
9
6154
2417
17986
11627
2205
14351
21171
16313
9597
13585
2833
19690
247
12770
13467
19292
11011
9643
6613
17643
2384
3962
16915
20976
13467
15623
11430
