963
8048
22640
24014
1047
17597
10503
22809
6271
23230
5957
13771
3681
15651
4588
5379
1751
5483
3585
16747
13003
158
1347
18213
1128
25478
5492
1563
11953
3566
20453
7704
10630
24903
11136
24201
594
21148
5942
1185
8989
110
16091
10489
8301
5198
2680
23955
21175
10753
17310
5659
7971
4602
4638
6480
3536
2565
3472
18711
688
20665
7269
256
9045
9024
21970
9296
25038
12160
9073
22873
9969
3681
1479
23856
12021
2188
1606
11678
1378
3130
19655
14998
20202
21225
346
192
17096
13976
23860
10264
21717
14140
2279
6698
3656
12332
7258
619
5902
15932
20045
