17097
19522
6199
151
7749
24409
7252
12781
12182
1253
10580
10271
5001
7832
6497
14250
12755
4382
25332
18347
8243
5478
23580
6676
5058
5047
4266
685
5248
17582
18630
4011
20086
20894
23074
8040
6263
21827
546
1484
5420
19726
12876
4495
7006
2208
19265
477
10403
6118
18586
23939
17633
10442
23364
11468
22075
17793
5013
9006
96
5181
19624
10374
19190
22777
13603
3931
24536
1134
3525
3220
943
6462
1019
19415
9971
9990
20585
15010
15603
3987
25146
2623
8129
21879
5965
19772
25394
23423
14704
19175
6241
5200
5780
2580
492
8626
20214
4978
13990
300
16550
20280
13678
6463
13372
6104
1225
