14001
6764
1402
6377
2428
13801
21613
21228
22351
14480
3858
14324
18666
19733
17904
17178
24904
5030
14209
6564
11226
3517
899
7765
11722
5302
9451
9158
1043
6315
1236
20783
17179
4848
18083
9689
4110
2342
11518
16329
17830
20990
17820
11788
23871
1023
8150
13895
854
3738
4435
1633
14083
5877
16180
22749
22349
21260
16781
2189
2423
18109
6929
4855
13299
3881
8564
3528
17202
25050
21355
2093
5281
17644
1278
24530
10371
7040
9386
882
2431
8159
17991
10087
17088
20612
15110
1063
6460
11754
6318
23946
20976
5306
12595
8170
12598
23876
5694
14969
15196
1472
25446
3635
1837
20356
8440
9871
5777
