21910
377
22859
4742
15866
1504
14612
17957
21743
11449
19564
6665
10402
2839
3197
19833
23736
2014
11669
18534
9032
8952
12818
11309
904
24092
11004
12368
9306
3826
10787
12635
3648
14076
25225
2469
15293
13345
6001
3486
11335
1923
4048
14248
17705
19128
25325
4297
10655
21603
15916
5192
5830
3782
1393
1272
3792
6409
4991
1394
12592
2977
7655
20365
17524
20159
3879
14677
3211
16093
11814
12409
9582
18093
18601
15230
14756
18226
11826
18255
12114
8305
7818
9270
12073
1829
15872
13393
12956
2453
22729
18474
23651
17910
21271
11457
653
20387
19215
1320
1029
17482
1696
