51
19879
1323
6437
22187
6866
5586
19863
1309
19070
7139
22003
6412
8321
6048
7641
4876
13018
2263
21044
24165
1764
11086
15299
25070
3873
5619
10014
22465
5878
752
15252
12261
5270
23768
17308
375
22673
842
25466
16132
12318
7029
16660
1701
1167
9725
6986
10546
23454
8882
20903
19458
4340
1425
23586
20480
6743
18448
12876
17625
4562
12554
8722
19649
19768
21563
6324
3254
10862
10957
22946
24839
9152
4080
9511
11676
2701
7762
20917
432
2621
9908
20800
11056
17023
24659
10932
14907
7026
12723
24688
22503
13062
16482
18310
14489
3988
3155
20419
21009
24713
5842
15249
8214
11421
21011
17995
22354
