21754
697
9497
3138
24241
15936
24297
5239
2046
19195
6677
7389
9612
9747
321
910
23956
14134
8260
10708
4900
685
2149
1378
16707
9277
22067
3945
18110
25107
9593
21086
8699
5352
1470
11314
7029
7033
20289
11095
25211
5146
4752
13274
6145
5154
16601
11403
18836
16652
2021
8309
24207
23097
19756
19673
3604
9041
23652
8626
7607
23496
20256
12433
14481
10152
3581
3280
7070
448
6351
6718
12400
4698
22689
19756
6386
4342
201
22951
3717
24212
13351
21347
23565
10697
17442
15545
7248
19629
10369
1626
1566
13814
4461
6953
9979
13402
15656
12856
4063
19708
23919
14632
2974
984
1479
5448
7704
