2955
2452
3058
8527
7528
11929
4761
6907
3746
12347
7522
25213
8369
18709
14623
2437
19581
5119
8603
4564
20918
21936
2314
19071
21111
24367
2108
3873
24138
10872
21527
1573
2677
3964
3240
20027
20385
16198
17583
3324
250
19358
9071
25178
6051
7673
19447
18338
3117
24500
20516
21489
3718
20818
5071
2818
5058
4643
8584
7407
3355
22224
2431
5615
10622
4768
1802
6575
20378
3373
16559
422
16636
1887
16193
1783
4004
9446
7114
9105
11929
2860
18638
12
15159
4154
4478
6426
5774
10990
20962
2950
4028
4007
18270
7081
20289
22189
10389
2804
17200
