3015
4616
2741
21080
20544
10775
4382
4077
22792
13450
4610
2505
20920
14230
10787
5157
21749
9733
15647
21532
1857
3783
13681
13624
5901
22396
5571
20015
10248
1300
9845
10351
9196
18784
22638
4835
1928
10769
25047
737
5040
24706
3785
14597
23642
21357
12034
188
22976
21887
14532
10142
22804
3411
9727
3983
24018
9167
940
1322
255
2696
8482
9130
13204
6200
3844
10189
6224
5166
11453
13528
6431
12561
5773
1458
4830
23785
4827
4898
18974
10868
13908
9375
1416
45
15895
22037
3207
21397
1578
2607
5393
21754
17597
19807
4751
2792
20650
11073
