21705
21379
8891
1592
20845
9120
5656
21494
22214
24627
7252
13548
2500
3568
22221
4035
22418
1979
3194
2595
14077
6545
24928
11775
21864
2221
6480
8048
14387
152
1811
15945
19339
24415
15239
15050
25058
4100
18286
6240
9093
6857
11858
8584
2757
2412
9168
19325
9464
22881
20837
2384
2707
12233
3894
3884
262
7695
2725
1713
13998
6685
24198
12754
13650
16079
6681
6964
21453
5736
14437
2735
6034
22050
2239
5584
4928
2682
1285
1016
10622
12674
6677
8339
875
18403
24234
7034
5929
17114
15087
4710
3417
6372
162
24236
2645
3916
3634
3066
22371
8592
14606
23707
6797
8236
20387
15278
17128
2012
22209
1464
15550
