5361
700
12100
14535
4574
3051
10882
5765
1158
7164
21379
12620
3437
6501
2654
8150
21062
16241
3071
6995
15889
4475
12751
21526
3198
7019
11446
7672
19641
10874
6082
5500
23413
2239
4602
8471
21510
2064
9044
4212
23403
15027
20891
25122
3806
23910
1029
24367
4812
3175
1435
12761
6290
7247
14728
21681
12809
8554
3116
1891
10601
6262
24081
4357
9694
13038
17635
12473
18337
20963
15104
16260
18467
8981
16580
614
1221
2634
1771
10956
3779
15115
150
2146
4836
535
5640
1928
15656
16165
2424
13503
3785
3362
6054
6346
4856
7684
4755
