15508
9338
2759
13560
15678
6554
443
20703
7906
5737
1865
15249
10426
21527
25438
7962
179
6604
16366
13856
13140
1378
8016
2269
2590
12497
8062
23346
1094
22789
24579
18823
6378
21876
12817
5837
4237
15259
6073
10657
6680
13916
18057
14706
22630
2529
1511
11659
11606
19168
855
10371
6236
16985
835
18205
25107
938
5425
3432
1490
13066
5505
1143
15577
5660
24407
1891
221
11269
11630
16639
23096
7844
11349
22987
13594
11488
15077
21645
197
2403
23765
7332
18721
5825
23575
17261
21066
6200
6421
2463
496
23423
3583
3010
5892
15449
7056
7442
25363
11615
23726
17986
24888
3588
21625
