2816
22899
10397
25458
13907
1970
13194
22486
11759
7927
444
10818
5093
11215
1396
9606
7405
1325
3983
24458
15586
4880
11427
5126
1453
6387
681
2660
13418
23702
7248
21012
2606
16895
6515
5363
4379
17460
899
6221
25052
3747
13433
2824
15010
14285
2672
15435
2392
22285
4977
22471
6659
4903
840
2773
436
2164
19886
4691
15175
13864
2855
20009
25485
14487
3927
4661
6531
12851
11618
6597
3545
356
11733
11152
13077
6286
4407
24101
15305
1462
22162
10453
18359
7101
7601
9902
16668
15802
16437
1735
1925
23231
17737
11755
7756
2614
23091
2278
13985
4751
6366
