2659
12448
23694
7303
282
22797
2838
16365
25028
6368
20274
6124
14848
15922
7247
6259
7627
368
777
10385
23429
3756
6493
1261
7221
5373
5526
6371
1276
12358
5842
12544
13606
19124
7968
6616
15484
22453
15469
12738
1491
5648
25143
611
8019
7335
4176
10002
4944
6159
6422
24993
4323
14342
6784
24389
5751
19915
5744
12168
2135
6139
12217
1299
4224
16752
4913
6549
12690
3647
1559
16955
1943
14800
16400
9174
14851
742
3979
3036
7255
1793
1529
4668
115
8544
6842
13930
14283
9265
6258
2744
17680
2679
4769
13061
8315
854
9511
24904
22841
944
11607
9277
14357
8848
1368
10946
