24102
15160
7599
18708
8820
15970
15393
12433
13423
7525
19171
19968
23750
5758
18004
23711
18523
3838
7006
6653
13584
15307
8084
5384
20290
6184
25080
11803
16440
24811
4514
14396
1741
1682
4980
15507
22591
2213
18013
2486
22578
11196
23841
15346
19432
9846
4590
14582
9188
3185
24638
9978
3765
1763
2207
15023
21836
804
18340
3660
1386
22381
15135
16660
8411
24898
4905
18943
10122
6585
19175
5492
6166
847
14673
10360
19519
4211
6845
7803
22836
113
4253
7914
15730
5932
6641
11305
16067
23080
21841
5517
4815
6769
954
2907
4184
11567
632
2703
14154
22091
7360
17483
12962
24860
19156
