21362
25409
7856
13770
12210
4814
501
644
11015
7034
7050
416
397
19505
15589
20437
2776
7811
23056
1804
3750
23519
22861
8134
8813
17656
5736
10502
23800
2234
5132
6016
1198
1173
23546
16903
6033
3673
4568
3883
22307
4769
13271
14140
8983
12617
3398
24148
504
12022
22211
14168
23322
2939
2212
3019
24589
14560
23509
19865
9659
11672
6232
6830
2897
2382
1268
4688
9299
2043
1718
11144
7106
5234
25104
23153
25290
3320
7911
11287
190
10318
7038
960
1837
6513
16771
5758
9214
7280
1786
5968
810
5734
8555
1092
9901
4160
507
5559
17119
10463
22947
24097
1211
6889
4869
2623
23861
21705
6849
3063
9952
