12504
24510
11312
1299
6655
909
24555
9903
5711
13813
10868
3269
9463
6337
1778
22768
5251
7922
1435
4303
10085
11011
6545
6132
9841
3691
7110
17311
18497
1797
23994
9364
12884
11444
6869
21059
16706
16798
19759
8877
23464
25167
110
17992
13589
10233
1523
2899
652
11082
2606
1068
7535
5019
14553
7251
5877
5779
5538
4113
15329
1038
6975
18112
2104
6224
934
6797
2558
606
22005
1265
13711
5915
3154
21605
10457
7456
4566
22103
24140
19948
11482
2227
20791
22997
23051
5362
4356
22318
6523
25268
17436
5810
10254
116
7230
516
11510
5793
14722
2152
14142
8420
6795
20376
22659
9856
20964
7140
798
21141
21757
18080
4896
6685
1261
4586
6955
6538
20081
