20144
3790
11346
17226
20899
7047
5945
18393
22343
9492
14538
13427
10874
5359
1975
24653
3641
16823
16071
17371
16038
4618
3492
2876
3166
184
889
6724
12426
690
814
7112
14844
5741
7194
22513
16464
24409
17001
8983
9166
12677
5611
1321
15436
3082
24033
6225
5497
1657
15688
417
3179
10868
7761
8277
24027
9256
14126
4545
5360
2840
22077
9574
23805
3587
14454
16190
17050
81
20894
4191
22156
361
994
866
23923
23721
18120
18054
3147
582
16045
2854
2244
18083
17642
6352
1350
11835
24329
21079
5354
10328
9662
9965
6105
15204
7543
23315
3118
8071
6345
1586
16033
19226
57
11143
5605
