21792
4757
4701
19654
16185
41
30
9339
784
22722
7819
15220
14152
1374
5771
915
889
621
25319
6240
20904
8003
16656
258
12265
24413
4275
4914
25040
9832
6311
2222
8508
6197
21182
12828
4492
9199
4124
20884
24350
17084
6316
7884
4585
450
8414
3705
3901
4415
11152
14705
19043
11779
24778
7571
9903
806
1972
22581
2291
382
8827
14440
6387
5053
25323
22910
13004
18145
6288
1866
2247
2126
5192
21659
4129
5215
1019
24565
4939
4417
6778
18833
2778
17199
22489
22723
4028
5514
4666
20859
2072
11698
830
5487
19679
18368
8126
19813
