3084
17299
1795
1280
16533
25413
18632
6119
4656
14469
13144
8173
11017
16599
2235
13246
1704
13612
15104
6380
14035
1376
141
6572
759
1827
25389
6534
3484
21141
9736
22669
17817
20615
13337
22524
1984
5084
22651
25340
3254
14523
10463
17649
23686
7890
7719
8928
7121
6909
24280
8325
20931
358
14404
13980
1874
14331
18213
14261
2132
4962
21086
1509
18566
314
21546
5318
7903
14073
13145
3456
6389
15318
11419
8590
6262
1651
2214
327
4869
19259
22668
3802
362
5267
2411
6151
3537
18176
4128
23336
14599
10415
16782
8189
15716
14102
23674
11432
