1407
24406
19399
1693
19526
9163
22432
11019
23750
16693
9667
3556
12826
13988
15055
10704
19617
998
10005
593
18249
4868
20561
4143
14496
10553
1839
9573
17684
11851
8992
21968
24436
3177
4939
11441
15215
15570
16391
4730
2707
1137
2116
25169
16645
17977
889
12008
12646
11868
13616
14626
9070
25379
15172
5193
17286
743
14514
6506
5935
20771
3611
23826
16033
5102
1935
677
858
8765
679
1045
1850
8256
3251
22294
9380
2590
22837
5368
3006
17183
16191
3335
22731
7047
773
23546
554
9397
20389
24029
12918
1867
24692
5824
6070
10631
23062
