300
4496
4480
14846
7445
2757
587
17402
13353
23495
1388
4511
1153
5925
1417
24377
9196
6616
7887
2632
12468
1887
6559
5791
6194
4707
20842
14970
3226
15594
3516
17219
10389
7159
18755
4029
10955
1764
1983
14914
1883
19115
2774
3297
726
13927
6009
25236
5640
8740
2143
2263
1256
19790
850
3707
9000
17513
20377
23922
19008
4764
19858
478
6838
8846
15390
2629
17503
20665
3920
15618
10138
11245
9547
22154
2718
1192
2820
4560
7243
7062
4123
25439
5897
385
24057
24896
5481
6487
24033
23894
1602
15041
4824
12055
17694
1595
6368
11209
17710
22820
17262
20879
1946
4235
5873
8169
13620
