16483
6773
6700
4836
6587
16602
12508
4954
11334
648
14698
24910
1353
6419
5756
21279
2727
23533
245
3127
6004
19214
2344
4391
7150
14732
922
9716
3171
10540
4916
20754
6656
18230
22966
6696
3774
13905
17992
20467
22912
1999
13264
6384
15225
435
5861
6243
5886
1518
2912
2940
2953
11057
21376
16254
2296
4377
21258
7081
22809
12243
25057
5613
8287
6447
9591
7028
14929
6735
14000
18775
6685
20414
4905
2710
5271
13119
5277
12408
12307
736
17195
21741
19729
12192
7810
24465
18641
5285
16459
22420
5218
17955
1949
451
10163
14386
3073
866
2217
2247
17627
24617
7383
1783
23881
3005
705
1901
15107
11365
13588
12188
13096
2527
10373
