17457
7945
3604
2971
23665
24911
23476
6416
14361
4665
16466
597
4922
4908
1804
6982
876
49
20497
4782
8322
11199
5248
5358
9884
733
4139
3710
3672
15708
12758
11701
7090
1587
22638
1476
14666
2866
1535
25198
4992
1524
6572
15623
10494
18336
21471
6685
13689
5032
3476
2315
2021
10257
7048
21676
19826
5178
694
21349
25202
5184
11641
23449
3164
17929
7022
708
14630
22289
23341
21765
6543
3107
2927
573
12679
19971
9932
775
17541
734
18448
6616
17904
6337
4010
22020
5926
15886
10860
814
4436
19215
13330
7346
5400
23480
4180
6678
3886
6617
7706
13604
20017
13637
3365
2664
22451
3623
21983
15424
3922
