24230
4677
14981
18487
13111
5654
20110
21887
13789
1914
22962
8614
2421
18363
22143
12438
140
5846
5626
6429
5343
20057
4278
12340
19399
21027
21064
9730
6778
18516
7605
3989
257
23661
10729
93
16540
4054
9482
754
14735
20009
17492
679
321
7660
17168
6154
15601
1744
21136
13616
2559
5314
5738
17198
21605
7608
242
8698
8000
5540
8748
12948
15127
21030
22173
21475
2875
15776
22872
19680
3590
5929
17419
10562
131
5471
3963
1061
15192
4879
4412
17429
9680
4444
1386
18006
4078
7096
20433
5819
1619
3386
18948
2441
6323
10401
18535
17799
354
15906
11022
11819
11926
12990
20674
13076
15184
4929
5846
2738
19169
6170
18464
21444
3171
