15326
22874
20888
24885
23108
12922
1537
11859
15660
22871
21290
896
18703
155
19113
4654
21326
3395
8995
7233
4626
747
8509
22218
3620
8741
12528
17027
3644
13758
12306
24361
19655
4258
768
532
13740
15056
12570
19671
2350
20174
22779
6951
20502
2080
8219
16083
5849
7101
5107
16047
5899
6323
2171
284
24896
8530
15604
16351
22268
7285
9999
11984
6784
16637
23981
13515
773
10166
13592
6898
24382
10073
5735
6427
480
25469
6647
21985
22207
2508
19557
24851
20193
15972
6734
1816
18206
14999
23122
10703
18132
6809
2122
563
17734
22825
9062
1343
15199
7196
22226
4827
365
309
21224
7497
