8261
21079
8624
2441
19724
6861
7196
21509
3724
22156
666
4683
7848
3634
17865
23386
14004
23020
20156
22015
13849
23275
19414
14286
8271
11658
10838
14135
8998
13300
13467
1392
974
1071
5946
5113
5036
5013
2502
2456
6175
4848
9502
1107
1138
2067
24146
25063
13206
24283
8370
24400
3555
21793
6648
13484
6146
20328
10085
1761
1251
9315
3656
24981
2053
2609
716
6367
18424
9881
13104
12445
748
5167
11645
7729
21135
13884
15416
578
15832
4075
7896
15237
6015
1557
18129
103
24747
2413
24559
17432
1849
17606
2995
19689
6734
2931
18588
5419
23264
1077
3590
13146
20508
23485
5056
