12990
403
21681
7944
24249
935
16699
2195
14204
6069
1531
15594
3260
23328
7024
88
1066
22568
1836
909
22178
22855
1730
20096
501
3768
20994
15537
686
20602
5887
11884
22395
5162
3984
158
6975
7832
23532
3734
22846
19376
2002
10192
5953
7666
13732
3558
5653
23188
4596
15062
8236
5203
20912
16661
14489
9920
1093
25002
11390
8944
96
16178
5128
10613
2036
21489
13806
14084
8972
4631
4966
24501
5728
18780
14659
5655
7462
9723
11083
14899
12627
1348
2089
16253
17261
14637
18259
3544
24817
14836
15124
5547
19675
12273
8263
655
1742
4881
7937
8905
16977
4935
