4084
5114
3037
7386
17540
8713
10920
6851
14775
19644
18384
6657
21109
1143
2664
22267
14543
16357
22976
14530
2339
20519
7519
20279
2684
9056
2427
16347
21834
5498
12345
5245
1867
1357
11335
6129
15793
864
1386
8189
10132
15123
11819
19001
21189
3785
17870
9901
4031
21100
1214
21412
7818
14703
2913
2348
234
78
7667
5273
5418
11152
17668
17416
18557
4451
20281
16833
1012
2039
16818
24509
12460
23249
11061
21215
759
23462
1056
24491
21229
10421
6709
4209
25310
3724
16799
13319
6000
12086
8495
4389
7842
13855
13555
10280
2065
5818
2348
14414
19298
5143
3804
21316
16502
24029
9853
9722
1795
1619
474
2115
24006
295
3538
6244
1584
1369
