21391
24133
22152
6114
20216
20022
3778
3195
3828
10983
1689
9516
21227
17543
22921
25498
1040
13061
21274
729
19821
1598
20141
634
5608
456
12459
15690
24148
7844
9629
21857
6623
9807
2647
14600
2396
1816
6424
2770
18745
16541
12768
1914
6505
5954
22657
23108
8742
21544
20305
22107
10814
4130
4684
3774
11485
18120
13480
24551
6852
7171
22499
23368
24235
13362
23559
15942
6496
19269
10361
22892
2099
24029
15208
1487
993
1243
17827
23732
14469
6804
13532
3020
22957
1251
12462
24968
18675
18369
1419
3448
7144
12295
7084
6941
12502
14200
13969
4871
12456
656
19036
21700
942
8807
3363
6239
13540
