20603
18313
23861
2703
8102
6800
17871
6816
15704
3087
19288
15804
5684
11555
4349
7848
14346
6340
9356
12624
23762
4888
398
6658
11789
17530
19683
3991
8940
13927
11094
8431
8871
24725
23202
5425
13410
9289
23284
809
7796
14034
1380
461
4856
6801
4941
8300
8278
23592
5848
1649
15703
1504
24763
22633
3170
8603
23081
14281
14758
6921
18846
5813
7432
1048
3179
6276
1831
14995
15723
13681
20989
7097
19591
24485
3372
2463
1606
2055
24793
3270
2817
4937
2954
11057
14128
12547
9465
5065
5744
16220
2653
15279
7613
7812
3971
960
6781
4175
