3138
18104
2281
4597
23524
18270
1822
10608
19780
1406
17587
3758
4328
8376
3106
2871
7067
12367
4564
25180
8793
4022
15029
2971
14325
1581
4395
14543
3143
4355
1787
25420
23344
20124
15525
9240
6712
17202
9157
774
18498
6211
5851
19707
5872
12716
20174
13459
3085
19679
23241
9111
6451
1342
582
15678
4032
24741
11449
3702
2386
13373
9041
3312
18856
692
18800
6804
5842
12971
12797
25004
2254
19707
13992
11266
9189
1353
24118
4547
6065
4194
3738
11716
7616
7219
17477
8381
2057
4964
9041
16676
4227
22826
473
6680
18035
20511
18949
