4859
4707
21252
793
2331
18630
17246
20716
8838
5967
2519
697
18665
7316
8159
3478
2319
3268
13643
4130
12567
1348
2501
827
7311
6897
8360
7019
13244
3642
5677
23320
6011
7999
5878
21306
7265
11636
12701
5449
18737
20491
8238
21715
12596
3998
2002
14488
17713
16641
5314
23714
7153
15091
2654
683
5312
1097
20037
4481
3301
23208
19001
6003
334
16374
22168
10310
1492
21362
2979
12865
14379
23526
6409
11818
2698
106
4994
21664
5491
13052
4395
7771
13456
18522
18376
4943
14445
17168
6022
7772
3575
19511
24555
14598
16807
23702
1175
4815
5643
6033
1828
4209
706
21199
5980
