4447
22918
3278
6121
13829
692
15660
18513
23328
12496
18570
17411
12943
3773
21543
17464
11715
13948
16081
189
21804
5208
21678
15954
4057
14922
3571
4550
23294
9281
15893
13014
3461
1919
13612
4078
25148
1039
19699
3806
6966
18323
1712
22545
23568
3872
2046
4376
8607
3663
2236
2496
5868
17200
8802
22167
20856
11712
407
23601
8642
5019
1857
11941
8616
13181
19441
2928
22401
1285
11817
6256
8946
15808
21509
11969
13149
3645
6240
5954
3133
1663
2240
13543
20192
5738
9541
8590
7337
17776
15672
14524
13439
615
460
4726
9983
15549
13396
3252
20889
1815
6321
6111
759
3428
4568
7788
182
10339
649
9250
6474
13158
18858
112
2480
3260
