23292
23861
17026
24492
20320
14005
7275
3844
15374
13439
24264
563
7691
21538
7035
15818
24127
6894
6782
12215
20955
13007
4013
5513
2387
14217
22128
5257
9096
13702
1919
3953
5887
21955
1563
7363
19093
15447
922
22845
12256
5510
24384
12604
11627
21406
6110
899
6506
7194
2870
19304
4494
369
14653
5543
18477
17159
21984
9672
19020
732
20303
19574
7876
18708
23859
2086
1830
2821
22394
11682
241
315
17033
1375
4234
3686
1643
14161
1256
913
23012
14950
1704
22567
23409
4310
8343
23730
23058
6485
4372
17948
20575
14770
16445
15914
3177
7101
310
16891
2628
14955
744
11856
6541
3225
3947
6835
2256
21624
