24074
13210
111
8246
17448
879
1759
18007
4040
1943
19653
19472
2869
12199
20016
1580
4748
5434
3279
22658
10980
4217
582
18730
5551
21570
5928
16620
15297
25444
22576
6482
7644
6840
20009
12283
4751
1891
1217
21693
13246
16653
13096
11928
6348
916
13069
6015
5472
2012
9353
21611
21340
24552
17494
16812
282
8336
3472
5359
11846
7717
25035
20487
22902
1283
2424
24605
4330
4850
11817
21770
3002
3523
11720
3047
7066
2285
4157
13968
5953
8160
8061
22862
15186
6749
22336
16431
717
24092
20679
20277
23002
21559
1235
21915
18265
15415
5363
