7395
3395
18830
2631
22916
9048
1495
7612
20317
8085
6405
23466
11537
7281
21805
1962
17657
1188
25255
11132
25057
6120
6068
9649
19557
14515
11278
560
138
24441
25083
1099
5188
11484
10248
24440
19143
11769
5132
8734
23607
16460
521
19883
1663
17352
20892
8428
9412
6409
331
4512
8598
9283
16108
4494
24402
10963
21437
23405
6400
10480
5440
5701
7493
482
8886
4537
7157
13066
21133
11725
16830
22512
20595
4435
22433
23039
1575
18651
12292
21060
3088
1729
2660
7152
3666
1693
6294
5198
329
4163
9839
3536
22439
18768
6971
3227
2289
6326
3937
2956
2982
