20249
2672
3983
24420
7958
5256
13564
1918
13321
18136
10536
14887
11329
20241
8707
2858
6518
21049
16423
5682
11261
10343
3856
1653
20151
9469
19119
11447
12799
19615
16153
22524
18336
6841
24304
15561
11729
2477
4941
5039
2898
14052
8929
5960
23193
16073
21081
864
9527
12579
15276
420
12150
19803
16430
5476
5098
18730
16091
16534
20210
2197
22506
16143
14894
17687
8476
2691
5137
9586
18547
1977
20005
17519
10165
4647
4111
10748
18506
24194
18928
12468
22219
1287
2291
24308
1551
5961
23401
11554
25306
2657
1523
15909
6073
8425
21593
1629
8162
13021
8797
25484
1961
1461
6655
9099
3533
22997
3365
