13145
6731
3655
16570
14935
5399
15663
16429
12909
25166
22018
23170
20362
8455
7162
22019
12190
179
12486
14567
24709
14736
5303
5543
22650
3742
5578
17681
23949
16962
12211
5059
23665
5585
23242
23542
12549
3756
19335
4482
23672
22076
8766
15869
11915
20828
2933
1899
23371
21005
19844
7098
1020
3440
18799
2266
11717
8555
1783
5340
10495
1382
1241
20113
1602
3370
9665
13590
20089
11128
21176
3080
22457
21573
14645
228
20337
4571
20008
2289
24838
14321
23755
19058
8310
23011
1865
1091
464
20255
13707
11778
16428
9644
4415
12432
14032
1430
18237
18820
9889
1514
25364
9494
3039
2772
25235
15401
13788
2128
25453
16509
6336
