7502
22540
20525
23662
157
11688
4803
4719
1818
9370
1997
4529
1259
23977
4009
11786
4573
16657
15304
10394
3590
3679
15517
16345
2043
12806
1510
22863
4255
13531
7293
3157
4274
25432
7039
4007
21584
4120
3210
16788
11842
6490
19570
828
18769
6704
13698
1068
11416
24396
22064
6632
1712
4990
24241
16977
1245
5385
21547
900
7162
504
20442
13084
15911
20691
12016
6686
866
4702
12908
10483
16651
1780
3528
24689
4254
5598
761
489
18449
20571
17651
18609
24847
18660
3566
6111
20484
1244
18035
5197
19412
13235
2676
12508
1633
3728
4793
10545
21031
6774
6613
2728
15109
23066
10021
150
3633
24614
13847
15591
20476
17963
3035
6021
9405
4375
