1805
18144
3290
17861
25449
9322
21864
22689
1983
6455
5445
6566
3501
3210
14954
6418
3719
3673
4894
4369
3039
25240
24498
9570
25040
17763
6394
25240
10952
18316
3384
20160
4998
3989
1936
11882
7777
5584
15692
4077
22006
21253
14655
25231
3789
20350
10473
6763
1845
5455
6725
6745
5878
4047
6765
14114
5023
20554
24897
3932
17027
23821
2334
21347
428
3273
3267
6177
6535
10386
24180
21794
17892
10070
14142
9557
4603
8481
434
6025
16695
23781
1850
12901
6824
8994
11500
16469
5192
7728
7812
10028
25009
10425
1626
11989
3793
3672
2747
14744
20942
