20171
4481
16564
6588
6916
8653
20024
19125
16816
7472
10483
9972
4246
16022
8871
6643
1901
9315
19374
15768
14290
20960
4640
3896
8023
24728
3520
11375
23350
25174
6830
872
24847
3733
5340
21634
1176
4715
17559
13249
11501
4143
1715
23185
15048
16615
3073
3214
7319
14351
17891
21885
5544
22087
872
16098
12810
24199
8988
6923
2509
22563
7847
6472
1992
7915
6951
25248
2888
9924
18294
3637
388
1945
1509
4219
22845
4596
7047
152
6169
15389
14832
19123
4598
2002
7261
22151
6017
16711
14908
13687
3389
17628
20735
6970
23949
4237
23075
2123
25065
1331
4728
8708
2562
22421
24055
15746
12899
