5841
9578
20891
4471
4779
6724
9985
4325
670
3553
3936
3540
15080
13935
4186
6357
11256
1466
23600
16968
10481
2810
19375
2780
1782
11610
2114
23532
16779
20731
300
22786
2517
3928
882
10442
22626
18945
477
6367
23563
13269
6823
18237
24356
21465
5293
5932
1642
24329
14013
22314
5804
6700
2346
5561
1730
1995
3103
10279
16156
17632
4712
24319
3592
5729
15439
2070
18053
10254
19672
4807
5131
5202
5300
25346
5762
4540
2625
18351
1840
19964
5066
4313
13728
1922
337
22513
6465
7976
13672
1210
5055
962
6984
4339
24910
1686
1616
6515
7717
10043
5308
117
9974
170
25118
13329
6397
