5809
2632
4142
3400
3639
17907
2033
6570
1393
6753
6078
2401
1451
10369
424
159
14462
4001
23075
3707
14045
11114
8782
500
5679
11023
7891
6412
6167
11870
24543
7080
13298
12114
1448
1127
6289
7096
10385
2693
1773
7744
6606
7631
13450
6270
7838
23665
5027
19455
447
18091
9404
13422
11737
8430
7726
4105
4760
5753
3809
6683
14958
6236
22914
4215
3940
2682
13682
16121
20901
449
6255
325
15278
10140
10015
4888
22791
15203
6606
25149
2837
10895
3223
12592
16203
3941
10663
11719
21258
10460
18747
3812
11134
18355
20896
6457
5502
13328
18200
11379
11790
