3936
20052
16111
18242
13602
16215
11094
76
554
12698
1168
24074
19063
2752
21019
4608
4848
13795
20263
8735
18486
6198
21349
1698
11685
4821
10428
21571
3739
18310
21660
7620
7056
2236
19866
7228
2919
21750
9352
24803
22123
16877
6926
5727
10825
15342
11259
1454
5204
24299
331
13649
17717
5825
23845
16815
3619
18947
3474
19909
4914
4461
9421
14964
6426
13844
19939
1668
6415
18686
22584
4322
24234
3573
23606
18817
6572
22760
10102
17658
23225
22174
13054
12941
1361
11985
2974
16514
11851
15211
10724
25489
1822
2268
14436
10982
4274
24942
19359
765
543
18579
2642
1308
16072
681
17361
3644
4047
25317
5297
2494
1877
13032
