9571
2090
19295
5323
14302
22143
14700
2746
22278
4965
24098
1564
5286
2839
5721
22085
15242
4744
4643
18480
3882
23501
17199
8054
1513
1830
10013
16289
23906
22087
2171
1540
12742
4165
6904
21337
339
1457
7126
17582
13154
25202
16307
7558
5413
12256
20474
24747
10142
1308
5195
6850
2209
1573
17312
23127
1095
743
19223
23139
17215
18230
4731
23554
18468
3029
5514
11995
25290
2719
1497
2043
10789
16547
14372
23837
16581
21719
16999
6520
19115
18332
18544
19613
4942
21960
5868
12457
25208
2486
16727
14295
516
6309
7407
810
3910
18249
12733
23590
21552
9680
1408
