521
18883
2728
17452
19743
8908
14238
4229
10579
15908
5849
11204
21760
1613
5659
2419
9206
23160
22206
12687
21016
6687
5915
5328
888
13317
12016
450
4949
3855
1029
15455
1006
2332
22978
3158
7429
9243
5569
6119
12016
25497
6678
17235
4271
15595
20168
24290
9911
170
23236
18739
13150
7370
3730
6628
15193
22251
6453
5388
18303
6458
17241
21172
10202
3405
1524
4777
1428
14992
5948
17189
9544
64
20997
13891
22556
2006
1578
1644
7318
3739
16730
11567
3448
7153
6978
18400
21706
11338
20124
3522
5471
25232
1008
4261
9105
1335
18992
1639
16179
11332
16568
1295
7601
7682
3255
3886
1489
