24066
21751
8924
18006
1238
5969
6101
9328
8659
4829
3616
16391
3940
24760
14796
21537
5838
15845
9351
6124
6230
1282
758
17034
7259
22276
15159
1198
12472
4563
6387
20599
4676
12215
5936
9465
16547
10596
1066
9784
5482
10475
10714
11849
10620
12371
17434
25035
12389
18013
9646
4228
22868
3526
3495
18555
6489
24273
11658
5682
5972
15996
24168
4865
18106
19196
1497
5369
9733
1048
11452
3760
7562
5947
17183
4096
3793
5639
5998
1753
1507
12799
5899
857
13968
20815
5703
18904
10684
7390
3837
5203
6919
1051
10842
1040
1767
7121
20942
17066
814
4308
3159
14093
8294
665
20566
5678
8538
