20764
19449
15295
15087
874
10905
7120
5428
248
1549
24967
981
16385
7352
22638
4444
5766
17272
4085
10099
3351
21067
14663
21636
24512
16848
23100
13147
12206
5487
6644
507
18451
19201
14461
23441
15940
9080
14447
15582
5717
576
7217
14901
13529
5482
6891
342
7208
1631
11784
24835
12678
488
6127
10924
22749
15441
24849
2944
2690
18932
12132
16319
17397
426
9068
19711
6122
11077
578
1620
25350
23305
3671
16952
22506
73
4320
16622
1623
9206
5347
16584
14686
21283
20050
17368
23874
9052
13660
1626
12343
3202
20460
9002
9520
18913
10594
1529
4213
2133
6789
