17209
24828
1740
22405
18707
6972
622
14242
3326
12448
13199
13956
6823
17465
6053
3248
3041
7202
3828
7166
4935
18172
2117
15507
4260
11361
3352
9553
24367
4947
9353
2662
11853
5061
16355
22231
15290
6065
24742
11458
7304
897
18613
2926
4101
9106
3516
16033
6501
10287
14532
219
13216
22093
21969
11802
15538
6975
4092
14580
5901
596
4641
11598
1073
17440
746
1762
2247
3607
14462
8772
13772
131
1422
25385
20522
18346
19650
5689
2055
1864
8310
1191
237
21740
20756
9927
1143
4314
2722
2824
2042
9139
13509
4432
5057
7118
2948
6167
3155
22789
17643
5532
20574
2333
5660
2198
