21160
19871
22959
8457
13950
14664
4132
2146
4865
22916
10454
4355
4963
20147
3686
25462
20284
4973
12326
3598
14956
2988
9898
1955
14938
16362
20839
13855
1120
19728
20162
13494
4562
55
5397
14959
24289
9482
11837
12846
19557
643
19766
4002
9168
2484
23408
18210
18854
12744
24783
7780
4867
1628
3114
4984
798
414
24564
3636
3925
1943
14059
5900
15341
4567
16871
19710
12847
6412
24438
6324
12218
5193
5461
910
6188
9331
11093
11578
10269
22050
8607
337
845
8413
7781
4145
14723
5732
13277
5303
9802
13436
12149
7550
22215
155
12720
830
14750
22340
5395
3380
447
1249
22647
18308
14341
