2480
17832
12785
9925
14615
16559
5031
20076
2465
907
7455
403
18149
1295
23183
19042
15685
3643
23309
4878
1867
6466
13079
16825
10083
11524
11549
2015
20682
4022
11251
24011
25077
7223
15266
12678
3388
14938
21249
17422
12841
12097
17845
13873
1222
1052
258
18228
14161
7246
20681
16662
314
5239
6182
5857
7140
4332
22964
12742
6603
2961
17017
2882
17626
3292
951
19594
17990
13102
8545
18473
486
626
18545
1898
7668
8431
3116
2170
15859
5617
10555
10979
1815
22439
9134
12807
11761
19852
23799
7978
22870
23149
571
5108
544
12862
592
6999
10569
24063
20260
5704
5504
3848
20057
