4674
5631
18571
1902
6324
5446
8023
24839
19024
17847
5326
9167
6089
21650
16095
10086
22644
8348
13529
5456
5656
6619
14288
3759
4065
11630
19007
1966
22699
8253
14017
12556
14664
23442
2221
9750
8329
10030
3730
10114
711
22042
9575
3295
10495
24901
6734
6124
3336
4040
18308
10976
6021
378
18666
5729
19706
9821
5192
8922
23937
7422
3696
12433
5846
2401
4402
8060
17567
14060
21191
17039
4184
16717
12126
17197
17127
5420
25175
4441
8079
2289
8387
6250
5269
15576
16798
3962
23118
1387
21777
139
634
18361
11153
1632
23274
17434
19926
9608
2364
21122
187
23604
15826
3486
3720
1320
8388
2711
10888
11549
4387
22256
