15238
13474
6613
3895
6478
22564
5516
18483
23177
13156
22243
12609
24429
21770
11208
6009
5701
6727
1573
22903
16201
3438
868
18278
2461
8358
4836
6824
10691
24061
20069
6752
18579
4352
3772
3150
5110
18455
5993
4610
4222
20419
2730
1755
6040
8739
18821
11656
5489
13474
14882
21521
16274
18174
2130
6339
8824
614
12282
20961
7130
18036
10675
20255
18968
9605
346
4892
7298
5301
3546
858
2142
18122
22740
4019
5627
15212
10080
9633
395
6187
9811
18040
3687
2127
17728
15883
1643
4855
13015
2594
20666
15920
10128
25423
24770
13970
24096
5025
11089
17552
15810
