19267
11326
17532
6602
4042
184
19510
18073
13237
18775
6486
12881
5763
3939
6106
25104
4133
19420
22180
4261
9974
10547
16884
3257
10122
2765
5938
8661
7610
7946
3918
26
15882
250
9044
23795
12362
7400
1990
10805
957
12275
24887
6050
1466
7117
4100
7490
1478
10968
17645
4849
6792
16969
8261
3769
7376
1924
16469
23594
15631
3612
17133
10985
16944
20106
13024
15634
6985
6357
1303
968
3393
1769
23003
7752
5526
13110
22487
489
1760
6281
16394
1167
15686
7086
7121
21760
6693
22667
11866
22334
2951
6536
4792
25080
860
23543
7030
2067
24493
16878
20206
6370
16696
23283
6977
22803
