5620
5239
12965
24213
21537
5019
21861
15263
8873
1305
3910
1839
16667
14659
20252
9875
4083
6687
21465
10493
1860
7273
5276
9490
15155
4804
2611
11615
20085
3312
1501
2766
22074
10246
15896
1525
11677
19749
1098
7375
14737
24904
2246
11040
7122
289
21388
431
22184
746
834
2641
24592
4444
6415
12755
9687
7147
13324
1762
159
13927
8194
1149
5993
973
7320
4554
13274
19721
15452
4074
1036
22708
6960
3625
20428
21529
7578
14225
6942
2906
5119
19702
14857
16425
16111
6894
21593
13302
13609
21626
22675
2064
22252
1517
24462
3669
4879
16561
39
1734
18660
24820
4969
13263
24271
6085
663
1840
4864
1080
24295
