1464
18354
5793
16888
13461
9034
1983
21063
2290
23509
19819
19356
10054
23300
20307
8783
11995
14719
1470
4038
10625
8090
1331
6941
2574
22281
3945
20696
1933
3258
3385
6847
3042
16785
3614
15886
2809
2323
8790
1004
13328
19611
11063
2095
7097
1335
1952
21004
8961
17194
17550
7810
3566
14612
6797
22735
15669
5607
7188
17458
13306
21450
4589
21945
19567
3350
2437
15821
7705
7838
4518
8502
4768
5136
10385
906
11409
7524
22959
24306
6049
23295
2587
3145
16674
9026
5037
11470
18835
8997
25497
3353
2623
467
4250
21431
19130
21319
16160
13805
9648
14673
1921
5048
904
13668
11239
25189
2228
10557
17433
17808
25111
2436
2511
15377
1508
16129
18931
10256
2525
