2995
6733
8626
13797
14223
9569
20391
22305
2424
16402
21398
11875
15434
1145
16346
22725
5202
17593
4787
16612
24174
1783
22916
6821
9652
4037
1877
20129
11845
11933
23237
21982
6333
6540
1951
1233
19653
6801
2799
18371
6286
22867
2386
19617
24056
23099
7796
8448
1006
13945
377
15035
4766
2231
16731
4776
23319
5147
18576
7177
3312
4455
2199
12224
9072
13396
2160
22338
1711
15714
24895
5652
18570
17073
7918
5678
6280
1366
196
13321
3015
10414
10981
2776
21502
4534
14576
25128
912
3286
24152
2560
5837
3418
4508
7028
6248
9393
6784
17003
6071
5275
3934
5979
4568
9657
13471
15117
18444
2820
16027
3985
1813
13695
487
9915
17276
5980
