3583
18546
22842
7468
1228
2229
2948
24281
18269
24895
15711
15366
6280
23576
8962
6264
1746
6998
5812
5453
23142
19723
15021
20681
5960
20625
5234
6860
19786
3233
4094
5825
1905
4391
23838
13100
24355
16057
17808
7292
12332
11189
16126
1833
6338
11084
12145
750
3709
1498
20941
5561
19684
20708
840
2861
15204
5354
6225
3393
19001
9008
2062
17681
10726
6818
5155
13940
2345
7824
17920
16483
7515
14936
4679
19625
23908
5400
6776
8064
1448
10114
19591
4950
9550
20282
4709
22091
715
22175
13792
1439
5715
22862
3155
15721
12934
11496
3816
1357
24323
5761
4689
