4442
13592
6008
15666
22319
10844
201
4096
3867
11824
14427
792
7550
3665
6148
1721
7224
4243
21308
24317
920
19750
925
23188
6271
16984
9180
2393
979
690
6057
14022
4507
10093
5644
3505
14040
20365
546
623
5414
4359
10138
22096
24431
22032
22298
21064
12291
11881
4278
141
16016
3605
267
22022
9372
6434
2781
15729
4376
13789
12715
11882
1724
14030
1415
13584
25540
16532
20541
1550
7102
17688
20882
22701
802
18372
20030
22650
23151
11679
14798
21325
2011
5920
9590
6473
22952
1133
15236
5814
14607
3674
11047
5796
12984
23433
1022
15361
6027
11522
193
1740
25482
12819
17470
4365
12827
909
833
22850
8502
