3249
16730
3117
7172
5759
6274
1634
1625
3766
7296
12971
24018
11351
18410
3130
343
20151
10657
9878
10991
3771
1361
25431
760
3907
8451
5456
14596
6370
14214
5563
1787
11490
13699
25458
13986
494
9931
2808
1264
19664
21497
16499
5872
7012
4001
10588
8085
3474
13580
22043
13431
301
21407
1908
14456
14391
3726
5636
7498
15162
10483
2981
11921
2609
17312
23166
9729
17016
19119
14942
3628
15676
4897
13031
10501
9152
10296
18614
12829
24672
18772
5194
6303
4721
5778
23423
4421
20459
2968
2386
12452
6189
6896
6575
20650
4047
5774
25028
9568
17898
