5599
1074
6987
20069
9056
19928
17313
16962
10387
22205
16137
11360
10494
5095
3099
6618
10402
2877
24720
2693
8405
3665
21006
4737
16969
9748
12281
4262
442
8399
3244
4905
11477
16796
5091
2592
22294
7912
594
25189
16046
9202
19659
9356
3450
24191
1776
25395
7311
6285
16361
7650
1767
5040
14825
10750
1680
4710
2889
1249
22651
21933
13883
11163
5726
1666
17686
19436
24063
1724
13454
2587
6477
3636
3345
5128
1521
23399
11364
14039
13017
9147
16011
13564
4396
13017
1186
15895
6790
10776
8043
5513
20375
4136
13673
23385
8513
3251
4168
8956
20693
22351
5104
14148
21390
21530
15423
