4334
1467
24880
670
6120
2988
21764
18821
1881
25332
10989
8659
485
9125
24968
2250
17857
3939
1779
7008
1381
9196
5265
9687
2760
2088
19561
10445
20980
4014
4264
22297
6919
1843
1713
2354
4081
2094
15910
3408
6733
2558
9849
1986
1079
5795
5888
9320
1076
11257
12555
18433
19552
16955
15126
4866
1206
7531
3243
22629
4073
19813
11744
6737
122
24988
8955
21759
8716
18626
20077
4902
24032
25402
11346
2515
8899
17372
5194
3756
6985
8930
17691
1218
4888
6621
9234
9237
3116
1278
10667
18161
1162
4675
7063
776
2152
3866
19565
4119
18866
11865
13344
12943
4185
9938
815
