13314
19044
550
3724
14159
9143
4120
1350
170
189
24330
4072
7667
294
9098
19437
21226
13358
16582
18352
22978
4623
12328
7125
21774
2608
2746
20738
3603
16598
13398
4261
14243
6152
25000
16844
3115
9133
5518
10059
25185
8325
5163
19853
7637
14768
13175
2726
9033
17325
8137
22718
6741
6870
6469
10196
24402
8651
3074
10188
9277
6953
11391
1952
17072
6092
24946
4279
15550
5271
23912
14491
3036
18045
1106
10705
4034
6495
22309
10365
12039
23936
14684
5793
5917
9066
12100
7343
8582
12165
4120
10747
442
17259
5766
3044
2530
3326
673
12735
14843
13581
2158
9148
3333
18810
17434
2770
16373
7670
5922
5447
