20602
20709
3282
10001
7047
8667
20634
14139
18144
1059
4011
2911
14616
22926
14519
7260
22100
2559
13723
16921
8849
4754
10793
8145
22047
1471
20376
10500
24721
5737
4416
2406
23713
19965
14745
2656
4005
1363
3427
1397
12290
2195
22297
3371
17171
17995
25206
8930
13897
2918
1057
9267
3979
1275
1025
17193
407
23380
4887
25217
24788
1413
5260
6344
12938
6902
19124
5656
4666
5210
25334
5886
862
2789
22212
3297
13800
23170
23075
21525
7389
23510
10599
8384
8188
23052
236
5230
4996
7768
23671
2996
15072
17433
19502
8247
15404
6082
1576
629
1207
