6313
20037
14942
5106
15871
20101
7005
12764
7673
4211
7757
2094
10105
1843
10144
6385
1453
2619
14602
7079
16159
16946
2469
8558
17601
990
3222
6635
3780
7087
1596
18747
6656
2392
224
7568
21753
11116
12993
5240
3268
23196
17799
3238
4057
4519
7302
2804
1944
23362
24291
2420
20984
22712
4063
3344
14867
647
5585
21688
16342
215
12761
16877
5599
19346
887
22837
66
21686
14072
2433
5696
9503
4360
7189
7735
862
25164
1748
8278
25084
22435
11620
5335
692
22784
1073
22127
10393
8093
5823
8957
3246
4443
6465
2407
25259
9877
12436
19055
4134
17301
3947
10106
11802
7055
7932
8739
4753
23057
2368
11327
19635
744
9735
18204
4345
