2747
13407
1644
17030
1310
18696
7098
2797
5948
15322
24219
7638
14804
7474
18045
7568
5581
10932
3771
9362
4549
21376
23744
12358
11156
2770
12577
4676
329
8077
2097
11791
2738
2520
11650
737
932
1626
15226
15194
1248
13949
12613
5741
12585
3369
25233
18843
15473
12768
2260
15200
24095
1680
4982
17917
14069
20417
9856
17261
16200
13449
15651
19405
7163
14704
2285
8638
6068
4984
22521
20966
18617
301
17356
6763
23566
3091
5557
23734
7118
20870
22270
285
6735
8833
4573
11468
6133
7682
10271
4950
7244
9532
348
3146
12157
21311
16492
6891
13403
17230
17744
