3765
7741
3411
1348
1490
12901
5468
5607
5907
1390
12357
11526
17917
6628
17239
5110
4455
2049
6227
7005
6302
256
14873
18942
11360
1349
16054
7633
14176
10908
878
170
16418
2296
22614
984
12189
24705
7100
9870
9265
18987
17838
3675
13875
18925
25522
12024
11057
3177
876
24674
6228
940
4009
1024
5148
4302
6630
2716
10917
868
6067
1260
2362
4919
3303
2714
14670
5499
10156
583
7336
11328
19504
18644
5443
19655
3903
12272
14597
20364
8996
1897
4383
200
12732
1647
976
4418
10528
17815
253
8698
4763
9185
16030
1996
12504
8383
10450
10404
14154
8402
6771
7984
14686
10228
8047
1568
13322
6948
10439
