10794
3396
4134
15085
4578
11494
2598
11866
18502
851
4375
169
13239
13700
184
4701
15910
8597
986
1137
25517
14589
3299
19816
13153
19986
20104
11755
15854
19795
5119
5561
4587
1790
2793
1921
6512
15391
2679
24247
1060
17755
15666
11807
1306
4056
18285
22649
3833
1946
21044
16627
18114
4251
770
17165
4448
9861
22431
13608
19183
17308
3413
23953
13104
21244
5343
21563
1547
23205
19500
22438
18290
1580
20930
3948
22369
5565
4044
16457
4468
25503
25151
3017
23497
9514
452
4714
9936
17463
5928
1291
23907
6586
5489
6099
17176
3075
11597
22662
17623
17898
5297
4007
14138
9842
15933
23042
2010
19040
225
4981
23112
23313
4881
20897
6706
1646
