13424
21726
23594
18446
958
4908
3591
3964
1178
12975
858
6818
9775
2309
9433
10209
21635
18480
9046
11667
6472
19807
25271
13235
17794
4643
1986
24048
3185
16582
10084
9162
3659
8640
20368
15273
14358
7220
2713
13150
7471
1587
14486
14777
3729
4518
3638
6263
25230
21063
13333
23843
23920
2760
16120
13261
836
4728
9178
2795
3136
22728
144
16696
1917
14132
2933
10453
8542
22077
8713
1728
2649
2592
12736
1468
3690
2374
6992
1458
19997
6486
2153
24839
17474
13857
8513
10748
5857
4054
13138
17072
3315
4235
21904
5691
12265
11811
24985
4268
4679
1782
4851
