1713
5950
5813
3607
9586
22712
10831
19877
20334
1655
15304
24257
1393
3046
6914
14887
2889
7597
8291
2303
3951
5628
23646
723
518
9542
23918
4906
3785
3380
20721
5796
14400
9507
9841
14482
9035
4142
534
3622
952
8750
24038
6943
22050
4626
23376
19981
18733
12709
17558
25538
22411
6836
16105
17533
4277
10890
10927
162
4851
674
13943
3139
13426
21464
7938
11166
24014
9193
8622
7128
4579
5504
7783
13691
10436
6510
1070
909
14464
10232
17791
6720
12100
20602
9674
3997
7040
17612
6957
16176
10001
14957
24646
1644
16410
22014
13362
1474
3583
24388
12764
11701
2733
9947
6790
6425
18911
7232
6448
2244
24935
4861
21400
3963
4826
14204
6527
24162
4975
