4233
1383
4816
6084
13771
4065
16213
10460
2972
755
9595
365
13808
4213
9391
25421
4532
16140
15012
15239
4854
9924
7477
5103
20953
5884
7752
9946
18567
17126
17215
19549
16410
17874
2292
24501
2876
8403
23046
7043
17706
4843
13287
20709
1920
4711
6496
5235
2759
1087
2403
111
8018
9202
20681
10005
7784
3237
21568
12768
6651
496
13040
6372
15325
15377
3236
12566
17983
342
1431
16973
25207
21511
5716
1054
7303
5413
21171
8875
4781
1252
6772
6818
20907
14113
5812
4062
25120
468
11059
6439
1771
17244
21849
819
10819
12478
7101
24755
6009
2824
22538
15135
14893
23154
5810
