8245
6042
3138
14831
22668
18145
2331
24506
678
4735
23913
25236
13398
19858
17618
13867
23417
1556
7095
3662
11574
4878
19547
17378
18915
17323
2111
1613
3115
1282
5365
5001
3076
21980
4507
18928
20547
15873
5055
12450
12007
4983
16006
23613
24599
13818
20401
22316
15936
20544
1841
22448
14490
352
5005
9337
4208
3370
19540
11085
7513
178
7088
17816
1574
10086
5778
12057
18743
336
18449
10607
18262
2305
10520
21475
7501
2776
19271
12090
3944
22711
12695
21355
20882
3954
23125
22114
17064
10893
5322
24521
9407
6950
23838
3127
10820
11904
4408
21546
3191
1021
7836
19791
2247
25018
2501
156
307
6648
6238
3307
19233
15972
6961
19606
8427
22418
5488
15521
13934
