1121
24979
11594
20612
3128
8762
15091
14321
13139
23545
13736
20187
706
23790
372
18982
17903
7337
17465
5429
24918
24857
18429
20237
12544
5612
3078
5249
12355
20461
1750
20380
21706
925
5886
24810
5795
1874
9540
16703
11144
6708
4656
6551
2719
17737
10715
13935
5843
13917
3264
3199
4216
3696
1393
3613
549
3558
13491
285
5092
13674
14023
9336
11499
24467
1973
19451
2702
13473
5450
422
16557
8904
4514
3781
12830
9424
567
2932
3419
14134
7259
18777
5659
6469
6245
13278
7843
5600
20706
3021
12544
9143
23351
10621
1561
86
1193
2274
7260
8587
19401
