3393
316
23000
9215
25404
7443
12267
15290
9591
3094
9906
1999
15802
4669
15858
18294
1742
24591
22183
15878
22303
23403
21169
3271
14750
10310
1204
4779
22410
24160
8809
9814
4443
25422
4533
18091
18744
4044
12253
9892
23556
1350
2912
16167
18962
12891
6421
11058
4669
2634
12992
13981
14875
1297
14620
6799
2024
10271
22340
2133
2209
787
4373
14361
6974
6314
19586
21224
22071
8313
19724
21478
411
15900
10804
17428
16530
6018
7908
5946
1595
2333
24117
11352
4802
6516
13691
9831
18300
219
23919
15908
4601
6420
6059
2415
1016
6874
21247
8126
7875
20819
10387
12840
11843
13660
20888
7444
565
