8591
4780
7902
20018
20043
20686
5825
3610
18324
3843
16859
5138
7372
20251
23572
19941
683
3562
15039
4518
18165
9190
5997
1410
24846
16976
7731
4773
14819
9387
2399
8070
2980
24483
11558
25341
2793
4158
3816
3122
6293
2481
17353
23211
805
3843
907
9273
2821
17664
19075
12682
596
12144
16230
13247
9526
632
9600
6814
2560
22093
1854
20466
22885
523
9253
2290
4509
8614
2653
21350
14780
24268
3724
15123
1418
18603
14103
13143
1135
24986
1637
4204
6419
3511
10627
2595
1541
312
5192
1592
14219
7846
105
5953
9355
13489
5757
2929
4315
8611
23117
15549
13490
25309
12984
3452
