4664
19234
21927
8122
6734
6105
3880
19370
345
4257
21502
21218
1224
4971
14364
12849
2088
18630
5422
6948
4174
15906
15902
1159
11823
2689
8601
22221
23545
11412
24280
20319
18105
7226
18532
6507
2859
6353
22525
1220
24683
3129
4507
3228
13432
14225
22260
2465
13895
1435
11175
6635
21160
9802
1229
5762
7848
16381
24058
12289
13300
23767
1483
17443
6179
2976
5012
16269
1788
7374
4850
24468
11212
5834
15747
730
15502
24849
23487
1110
5193
2368
24335
23979
4831
20161
1349
25071
1600
14893
25041
12796
1964
9396
2933
18548
18297
12138
5000
20232
18167
