24494
22765
21129
6686
15507
1966
22757
9915
18888
14087
24132
22924
19133
17827
16681
24082
4708
11241
18388
3942
24063
12805
4150
1044
23815
21789
12969
19800
2318
23740
4769
25305
7101
8478
24782
16869
14350
7086
19459
14624
12893
7216
25371
1081
6372
11115
9872
1658
16652
4400
18774
14124
8357
6090
9040
11872
14867
22018
20945
21680
605
17065
2592
17085
7755
24575
6616
16753
6413
15738
6520
6375
4422
399
19700
3021
16544
16410
13912
1829
2361
6775
22056
6881
20210
1238
7474
5507
7243
14650
3704
20745
20527
19683
4241
7864
8420
1079
2761
22489
7122
11321
2558
7333
6014
16226
15532
13384
1005
7779
1519
15363
12210
9663
16103
948
1418
