8239
13097
5228
1496
7351
17612
5254
13179
4188
15166
3339
10766
13892
4268
18684
20603
16756
19597
8454
1064
9651
10597
9066
5781
4531
1793
13629
2396
6215
24951
13753
5762
2537
8805
3294
12064
6810
2023
16361
18250
3514
14559
23752
6528
15023
2863
24877
13546
2922
23651
5746
12141
21323
17703
18353
8945
11274
21341
3155
22997
8247
3709
24563
11832
936
11656
15507
5596
6529
6518
1288
24718
16498
4014
198
9618
5094
5095
12678
24649
23538
21940
8925
16255
118
428
11809
8338
19009
24120
6844
16111
6915
24228
17016
4334
10799
8109
1133
21660
3519
23631
343
20007
