920
591
7195
19824
23511
4308
15275
747
2385
2973
300
25324
3796
21738
5301
19875
14281
13108
13771
15377
10668
2552
6613
22840
10188
7523
3072
24793
8053
17615
10563
3086
16057
3699
21395
2202
6420
21539
16437
13794
4148
15582
18940
6635
22532
5469
20753
24954
12685
16692
2683
10059
16743
3654
16298
17853
10723
1673
6756
24749
13027
12896
13824
13517
25080
15063
19320
4031
82
3148
5055
3319
5149
15725
18191
2653
18147
666
24087
10389
15581
4405
25402
4595
24004
3995
12417
19646
2678
19192
8197
17719
17943
1503
11103
7003
19576
393
5992
184
6738
7512
550
414
176
8854
24572
16895
7000
17966
23484
10314
13723
