12337
14669
2855
2930
3182
14628
2964
6769
2798
10309
5098
23944
24437
20151
10795
18779
5601
208
23761
6941
11327
9319
4506
14228
24485
1070
19815
14207
6053
9708
3606
9478
8401
6294
3384
1733
5515
4074
24499
2652
5302
1168
2185
24715
6405
8166
19999
15187
117
8412
15502
2117
13912
17402
19109
13046
6832
5628
19465
12829
2938
19229
4571
10196
4353
3205
15521
24174
17826
5340
15987
18661
25288
20120
2860
20594
6138
16801
5908
21095
22850
5052
23155
19682
9618
25314
12053
15689
17406
5775
9425
11503
23248
10799
13009
2933
3415
20449
1918
3643
371
6731
6345
1638
1880
3391
218
982
3493
14037
20607
6611
3260
7998
12116
17744
16001
13203
3843
4460
19840
