11739
5961
16613
15251
12259
23219
6284
6202
12977
13014
3560
1588
23675
253
3181
12010
10314
11636
14722
4351
11296
22362
2873
13383
18833
22198
10220
9912
21455
23458
23544
491
8532
20474
18893
89
4212
18405
13214
22277
5716
24763
2733
10083
5623
4282
2553
11450
19942
673
17041
112
264
14285
5739
9686
14120
17213
9393
8519
17655
15597
9315
7136
24400
20534
12392
19852
7665
3513
746
7217
3199
19363
8374
19004
7046
4533
4414
909
732
18889
23615
20179
984
3258
8438
24340
4182
9302
527
4085
24222
10924
328
2100
24952
1874
19168
9089
19062
