18441
6576
14318
1151
20901
943
14839
14470
20927
16525
12158
7668
12818
3517
6679
4980
22336
7007
4181
22896
19057
8442
3839
21314
4524
4585
5212
5285
15082
4591
13305
7975
5219
2720
4635
20210
5777
25199
11608
5748
6664
3710
7515
15302
4858
7295
15489
4229
9907
5243
18018
4135
14529
18509
6748
23135
21298
5332
7847
9244
4867
11347
6567
742
25114
11142
23305
16045
24549
24356
312
2763
6263
14660
851
10819
16303
5132
11549
5589
17855
5261
5273
3760
645
16088
19887
6244
3530
10969
19784
5020
18755
23828
2487
2691
6661
19532
16480
7684
21030
3089
4403
5416
