18363
13822
2669
1137
6773
2410
10137
5859
3417
10787
18014
18354
880
317
22579
18231
3590
10013
22185
1905
2586
9691
7466
17032
2433
3054
3504
5758
17238
3872
892
1670
16491
2981
18975
23391
11064
5647
3043
4710
20237
23370
3220
252
14591
832
1415
9437
9571
25277
9493
2482
7430
8869
11915
2164
17363
2325
485
3425
21647
563
4078
10237
20406
22188
20465
12671
22786
1467
4462
19397
17356
16578
18151
735
20831
5687
10247
4364
7825
15888
16037
6113
16641
13576
1764
10354
5144
1062
1926
20061
14277
15258
13201
1383
15523
7076
3582
6071
715
2649
17060
