5382
15001
6962
24069
6598
7614
19339
389
5484
19971
1571
9081
5674
5528
15256
3399
6150
19021
21033
14582
24945
10247
23583
20901
4417
22962
6287
14431
23600
13051
6287
21981
5699
6476
4577
6997
17275
7736
21575
13442
7260
18513
25032
1461
25078
3354
13514
11989
13725
5646
10950
1453
15926
3437
14226
23826
17032
17029
19675
20593
19387
18389
2807
23975
4657
1782
5428
3985
6930
12210
5429
1551
1393
7349
24604
4169
2311
13007
16112
4855
8741
5759
284
4350
3129
1707
2177
22262
16915
22468
18866
17868
22011
18783
18181
2156
17519
21411
25305
5707
7913
20185
14563
25276
15618
8217
17485
9236
14946
13151
13451
3718
