8370
3543
10481
104
5447
19971
4927
19805
3021
58
19800
16002
803
9557
25186
6545
14378
7685
19025
8949
11862
4296
2789
5104
1567
3218
2430
23901
22807
24173
3074
3100
2854
1218
1981
20742
1565
18509
4145
9783
20515
633
5073
18023
6163
1835
3824
5987
449
22769
2954
6897
8150
4249
6233
11537
4715
3239
3133
3311
2890
11070
1806
2536
23331
22976
5512
24051
21955
7926
11925
11202
12303
7015
10587
7823
14287
13
3009
14376
4129
21149
24764
17065
15234
21101
22669
3749
21743
7245
7033
24382
5630
21659
18990
2328
25275
6900
12305
15942
11771
5345
9310
3373
