8589
2604
20461
3228
16279
6699
14003
9838
8775
2121
20603
157
11152
16736
7395
24081
1908
15751
1762
16394
23396
12591
12242
2873
10527
6447
725
20355
24544
19413
21051
1197
7681
22025
19559
6137
8591
2305
1449
5756
1920
14176
12709
6348
3822
9274
3338
9433
13632
7641
22936
1863
19797
20052
14321
1685
2852
13957
556
7381
1485
23757
5121
6319
2386
11005
5186
10543
1508
5768
7221
2595
9580
21000
21403
20990
3277
21760
1277
25265
16948
24296
3623
9525
24190
20777
17137
16127
2580
4527
19731
18843
554
14149
25341
22607
4265
1013
1101
11920
21981
244
1089
