1155
3586
23943
717
16493
5861
22167
22105
14185
961
7223
15854
15955
16223
1766
355
23217
21007
19575
9028
4411
2625
759
6354
6599
240
20800
2928
7221
8570
20585
3525
17679
7291
453
7910
21576
24307
7672
5601
819
33
1540
1276
3693
6625
22433
1286
25280
5593
23162
5329
8322
18717
280
17626
6751
5041
7273
1263
11524
19951
15132
4812
6973
11211
8037
6874
14376
2337
3896
5025
16595
11873
10442
16204
398
6357
1157
956
503
4052
1461
15521
2630
1989
23850
772
8230
2319
14715
20820
24433
3324
10731
6994
22233
11131
11908
24803
12516
18508
5905
