2887
562
2726
19531
880
16105
11265
4556
12725
2383
6197
23895
4047
3239
15871
14668
4253
10309
2829
4573
23580
16039
4235
22302
16676
7728
6438
4523
10263
12700
8286
353
4027
15115
11212
1115
17228
7045
5467
5244
17562
24674
13509
223
3213
1980
6259
15980
15236
21029
11288
6948
13966
22326
20591
21490
7410
10514
25423
17482
21541
11953
13876
19886
23384
16754
4734
22661
11272
22937
887
7143
1819
10856
14724
3496
14137
11287
9391
5891
15921
6200
11342
297
4509
21825
10137
2772
7216
20986
978
6275
23077
20597
11240
6752
10954
8876
3363
3833
16497
21711
21145
18973
20793
18779
14777
18393
22591
17558
11972
21600
17453
1213
