13165
19602
12851
23123
22278
6795
2688
22619
3296
3477
25313
6355
8969
1795
19274
2217
19798
1515
2273
18588
18462
2899
11120
6427
21411
4735
21214
16718
13468
10552
9367
19777
659
11343
3308
14119
9153
5490
2015
2000
6516
5970
16784
5756
19846
23119
12371
2570
15378
1440
1858
2079
5650
5591
12522
1652
15367
14336
4943
15976
16143
7058
1567
20644
11949
4639
5182
2363
5751
12978
17458
3598
10959
19103
14384
4848
10032
17790
18659
501
23379
6797
5278
4427
1386
1212
1803
12005
12431
2568
11462
893
3147
1843
10370
1886
3848
4920
19239
3430
7543
24314
23083
3868
37
2159
5558
6066
20222
18748
24589
6519
25164
7391
15975
4040
3977
