1080
14271
16730
995
24058
9591
23503
246
22885
2062
1898
24553
22723
24603
23702
3775
16809
1054
5766
11930
3249
2405
3876
6358
17660
7553
20823
17930
4954
16968
84
17080
4238
1877
5238
4279
12597
2455
12053
6479
1026
6729
6649
24843
25491
4282
6542
22412
4896
24473
22919
24647
13266
14553
4328
3785
20903
534
23746
195
13731
948
13967
2346
18246
8403
11996
1982
23055
4361
13461
22060
2763
19984
19682
3562
24673
7610
15078
7614
1754
17730
5638
6238
17609
3866
21213
469
1622
1953
14920
6113
12863
18376
20555
290
2062
8106
11364
22690
3386
9351
16448
18998
15704
11841
4105
25441
22171
13553
22890
10944
23778
15996
