4666
7875
21219
10239
19301
13164
18842
1221
2374
16245
10529
22393
12196
18524
13062
22778
20164
19464
8051
10227
22722
11013
25250
22471
19604
16661
8662
1893
1169
12163
23116
16573
9410
21919
13619
2922
318
6207
3546
11812
21016
11154
9970
8235
1604
14693
4243
10711
15394
7012
15693
14324
22345
17467
18323
23470
855
22506
1004
6414
394
23195
6194
14950
9245
14275
2478
6850
25128
20102
6234
15390
16735
19458
7948
109
18322
13279
16244
1235
14579
7050
1576
7109
1222
4536
5298
6061
25297
14671
5321
2446
8553
4529
24741
1723
8833
3643
21921
14621
2503
12404
23666
8830
6462
6602
7246
3161
16271
