12805
1519
5105
1770
19262
755
416
12227
11661
6507
16804
17365
18981
5026
4370
3569
243
99
6447
4459
14630
6906
1246
15405
11108
2911
24660
75
23163
8401
4226
4114
15910
442
8532
18782
6878
13789
7015
17201
3423
10433
9409
6406
16881
9029
21255
15666
24545
7635
11523
5328
8683
6902
23549
10700
8082
19578
3260
13844
18384
1089
406
13574
2311
11743
21536
16689
11171
7647
598
8362
23329
23594
682
961
24574
18608
12676
3745
2063
16902
13938
1228
16880
7582
17367
9460
243
19138
23654
9721
10673
10823
25520
22445
22470
4748
24643
3291
6745
1426
2518
7039
3091
5704
23608
10312
3430
6859
1333
5131
7845
63
18842
2815
5713
