10265
2902
641
9043
2532
1759
20532
24412
4267
10862
23398
10232
6822
14859
5842
72
21795
3285
4219
802
24779
7564
2256
5808
829
6700
16335
22796
4484
21964
19946
9111
3401
21295
13769
22568
6855
2317
407
14237
25427
16383
16636
10503
1323
13279
5604
3655
11399
17706
12187
23872
3608
6005
13780
21349
17277
8582
9296
24800
2522
11262
5947
11872
2883
16762
1312
1330
25017
3666
2133
6044
24026
12167
2075
267
22992
3720
21060
21646
6647
910
5645
2423
3700
4060
17154
19791
1117
21247
21755
13571
14891
5754
998
6150
21445
8688
6756
5375
16757
6659
5483
23214
1362
20728
22999
2792
2008
