18004
17630
5265
9837
18249
1093
6729
6751
8982
18055
23507
18184
12126
9629
4976
178
2067
5950
24620
19195
589
6924
391
231
9163
2558
6292
12281
4203
5840
13536
8274
18031
2867
4913
3819
23701
6618
2387
5858
4294
24387
9614
19214
19027
5124
5800
7096
9187
20905
141
16938
16581
12800
21172
1742
21054
22468
2693
6619
19715
2959
16475
7598
20173
12804
276
24633
13294
14646
4594
10010
23830
7111
14237
22761
9164
4234
19320
10417
348
2555
18191
4237
25419
7291
21864
5901
12596
1585
12279
6910
495
23286
11494
5328
569
20211
6204
9896
2074
20661
5057
12218
23291
6013
20692
11541
9987
