3958
5017
18998
1427
16557
24656
15033
25237
10236
3196
22763
18922
7100
14120
14626
6707
12273
1499
19136
4783
1567
16609
8185
13875
6814
24004
9566
3355
636
6009
18640
19365
2922
19731
4382
1035
15417
5023
9695
3585
17999
22903
18195
10216
23029
19038
13224
19703
860
17308
667
10053
6526
6567
1296
18287
2331
5322
3414
850
5286
6353
9375
7363
3711
90
8453
7220
19772
2102
8452
15184
14586
3092
3935
4703
449
9501
24992
21014
3372
22027
2490
14100
10751
2621
9015
16177
20296
12120
14502
2693
19495
5113
19792
180
803
21294
4686
3983
2164
12538
24568
9233
12179
264
18701
15092
5986
21735
633
14139
2316
