7671
24833
13110
13634
17772
14785
4547
4448
9040
2105
7219
15542
17738
25232
8506
22327
381
17617
21596
7823
11357
5450
14929
1525
14705
16589
999
15596
20856
7971
22934
9911
21470
25037
5853
17091
19297
4131
4805
833
20771
18530
11501
5493
24659
7167
4449
6187
6504
8823
2595
17420
4717
10026
5259
755
2259
7159
1347
4979
665
6504
24674
3971
20996
20011
5670
24841
6037
23946
8065
6659
2416
12377
13896
11766
17836
13113
17538
6860
5740
1926
2576
4208
9859
8429
24040
5785
8848
22099
9766
8935
12953
24955
1521
3826
2509
19837
10652
4158
16098
22274
21153
3448
11817
15198
4698
