166
18604
7049
20112
6443
14209
21246
5018
4311
6758
14674
5536
15775
1488
20288
17285
19676
16444
4855
4104
6346
1678
2685
22276
18618
8365
6201
3956
9298
5379
22504
530
5008
7158
21120
23689
20764
2302
11509
14623
19266
11416
12186
938
13802
3969
21112
24933
19522
13521
6050
983
16731
9454
5045
71
25113
4521
10366
201
1020
20442
2647
2442
4949
22898
19431
3179
21625
6872
17069
7028
17353
3105
528
12198
6714
20786
1252
15923
7238
13267
1293
16884
25057
4999
1844
4972
4645
12938
4901
25068
6881
1682
7512
5379
16220
21866
1162
13275
11375
1007
1265
10211
23378
4713
2109
4381
8986
19036
1751
19666
5437
7228
14345
10710
25379
