23596
18375
15837
14019
6648
1939
7267
17168
5047
7285
19683
4219
21793
7278
10474
22765
24859
2018
4363
23852
7063
4145
24998
845
25353
2877
16440
9030
22749
6835
24563
1390
16543
38
8797
3744
13756
9173
15148
7970
1477
18713
9100
7924
11229
4389
14858
15545
9843
412
5128
22964
17477
833
272
10253
19500
11623
14898
5339
10878
5370
17563
14077
1558
1529
821
6541
23829
2529
5069
6319
5474
6999
13098
3216
23867
3577
5825
5166
3731
8586
5256
4342
24349
18613
19958
17785
2405
639
10608
4984
5458
3324
16679
20180
17443
7815
22910
24092
21662
2227
8541
5642
