19100
24796
17757
4980
631
9687
1720
19483
15630
4281
25278
5133
2063
10052
11599
18163
22515
5374
3900
8103
10605
24176
231
4386
7053
2959
18742
20505
25233
8001
22314
3245
16742
4677
5033
16281
20201
7450
3253
20884
1984
4883
9802
18476
743
6653
6367
16431
21588
22329
7594
5620
4845
5658
19651
16484
7210
18023
10984
22623
24027
348
595
21653
1629
23638
17358
3518
8712
1500
16078
19057
14378
1455
21365
9582
15052
11175
6871
1599
1124
8898
1416
19523
13362
9039
18565
9650
7204
22147
1413
7204
6144
23293
2646
19375
16181
6092
15479
19726
3683
15305
7124
