9487
5336
19529
2246
647
14724
5352
14478
7395
68
5356
14265
23540
9154
327
3684
3078
2690
19996
7739
11345
2162
2637
3515
17549
5738
834
1596
1701
506
3765
3750
8004
1260
295
2689
14524
21857
18181
23055
11137
157
8542
18013
24553
16103
4125
709
24556
4548
24446
1608
6056
1528
206
24063
18653
16453
5486
4905
10895
15198
9856
16414
15053
13555
4106
21916
16679
19492
6495
4358
7221
19885
16173
8524
5095
12951
11439
6367
2330
19732
397
18725
6492
9657
7732
8545
7949
2551
18337
23761
14005
18689
18050
9542
4152
8368
24057
15584
3251
23709
18605
4036
25118
8690
780
19214
6342
