9158
15624
11656
21876
149
4490
1054
23984
15424
8500
6263
15861
490
10888
11373
8051
16571
10647
6454
20502
21644
23754
545
4106
12780
19854
13220
3845
24598
9652
6974
6748
8947
13599
5273
5773
21389
10135
16568
6987
1731
1510
9707
16073
14482
15862
533
723
20732
1065
19602
541
8959
11458
722
8140
17029
24463
6415
1328
25222
20704
6770
13305
6631
18131
1382
3255
12418
20396
8767
13044
17210
9772
12967
733
25046
18336
2305
21671
1876
14826
6624
17390
5528
7196
4061
17823
8306
16239
11628
12835
621
6097
24307
22403
5360
9539
6017
22139
6118
14354
13710
12413
15187
14821
16244
