7968
511
1537
5783
7755
20765
7806
4082
16082
6659
8566
11290
23650
9545
89
3817
14883
23974
1472
18162
18792
9176
1926
938
25156
4638
12539
22482
1535
12211
1979
13140
1644
5220
2187
8895
6760
6116
2766
6679
22046
18620
12028
12352
860
5764
16362
19287
2292
3075
127
15306
1461
19857
2199
18278
9602
8767
801
9503
11331
14242
23233
1471
6921
10037
18894
24474
7046
2708
19474
22614
5247
6931
7035
25184
581
6087
704
5138
1822
17443
14804
6220
2236
8270
9684
21995
4481
14942
5962
20383
16489
17784
19594
7539
2486
15532
311
11002
5489
5197
20982
1139
20701
11675
14700
4267
