4225
13136
520
783
402
5768
2135
6114
3892
307
2798
24490
21045
14855
10841
5513
17411
3366
18995
9405
889
534
24339
10100
3650
12117
302
17567
905
20412
3036
7105
11891
794
11790
8508
10474
21420
1217
1262
14173
21926
6669
24800
15956
6863
20990
7246
6569
5776
14926
23977
22138
3222
15349
16296
1576
11155
15325
5326
19038
1387
7880
24846
5722
2800
22583
6127
3205
14589
1520
1422
4601
287
21122
6196
6598
12080
3237
6487
2524
15628
19536
18848
1046
2842
23834
24067
3704
8958
13432
2577
22184
2050
8238
16347
11946
19536
14318
10365
8306
16327
24256
21236
19170
22843
12562
6799
18453
