16942
16611
23541
468
24376
18955
22915
366
18681
8083
5950
10214
12437
2826
17509
5890
5604
3731
9320
11686
18488
6341
4088
10148
15987
12325
6393
3410
1526
1756
24281
9768
24367
23496
545
18011
3067
21056
15999
5280
12213
12887
12187
10531
3051
8328
15309
13169
16608
23408
18594
1972
23237
17487
8378
12886
4177
6531
2401
491
11923
24503
1991
24320
14416
5824
22289
10066
12847
4970
3270
22222
8273
1436
2959
10016
13474
8759
6049
13633
11171
2749
6317
3668
23148
15146
168
17512
1951
16908
21136
23394
19557
3814
23159
11724
19578
6431
1282
11758
1283
3353
1799
10535
18786
18054
12494
23290
3441
