3478
973
1099
21935
10821
2675
5050
19728
4266
23725
11772
3751
15032
5910
2955
1339
1425
13266
13521
21204
2949
12203
3261
2394
10545
24740
7431
11210
10507
5812
149
14203
3450
17390
7584
5135
3301
6663
21591
21166
11703
4874
13388
6523
12630
20933
6858
9809
11311
6057
21904
10543
20501
20138
8375
9739
537
2159
7360
8904
4648
15797
7224
846
8803
11568
6133
6090
12640
2298
16405
23312
17636
6771
1948
24152
17744
1854
5870
1145
5795
14583
6887
16611
21898
7894
2169
12576
1866
817
8485
12003
6731
4422
9572
15006
1472
2655
10910
2371
3374
3780
15307
13487
