9849
6135
5338
4737
18491
6798
5829
3639
20505
2671
3403
3398
24455
6352
2083
12200
3522
1466
8651
17967
6930
5475
1635
12325
5057
18844
13195
3845
243
10556
20714
4825
23945
15551
13462
6477
9681
21093
7029
23788
7885
19825
10295
390
14306
436
3165
1528
12865
21776
4409
5440
21448
6123
4475
717
2824
1677
21736
20702
558
373
19919
10450
9120
20855
18020
9549
3071
5839
2898
14743
2842
2418
5969
23080
1442
7283
10994
14006
17963
11500
18604
24529
12769
1607
4829
24552
23614
6961
6267
16733
3563
23381
1055
1793
10841
15924
22425
4875
9354
1992
6040
7036
25016
9350
824
25389
