22964
11953
19424
22723
23953
10351
11840
4626
25324
192
24829
21410
11904
24706
567
1304
20700
13518
25518
15571
17080
11466
151
6626
13125
4434
9233
2739
1508
8754
15530
23835
6970
16095
25485
135
8548
16536
4407
23487
15558
1027
979
6058
10819
8799
21290
18175
15044
23320
14317
1115
21325
11607
7122
1658
15325
8396
13017
4297
7063
16651
2023
1123
10078
17546
22801
5142
6885
1265
4780
20719
14704
5400
2984
12421
9536
2388
14030
2332
13158
24999
19324
1066
5384
5108
11612
24110
2721
18396
997
18732
24497
13157
3808
2798
6577
17661
8023
9122
21555
6546
1075
15787
20438
4911
18019
13400
11880
8738
1105
3798
