8602
3183
10297
3373
13308
4049
14209
21308
3377
25467
3431
12522
2190
10908
17058
9504
3078
23622
8077
17804
18555
22622
12506
8747
4880
17259
19212
13510
970
2282
6449
16666
8683
10018
4305
9064
6891
4167
20741
4042
16528
18281
1084
17102
8231
5640
4920
8307
21078
1614
18702
17196
136
1923
18654
6237
1626
22373
1064
16854
18766
1443
8168
4305
18371
12178
15373
14893
17081
21925
17835
8950
11546
4795
15352
4454
9967
13689
25371
15472
1396
4232
940
5497
8266
22665
3366
7335
14707
17374
10262
5992
7365
15366
10150
10575
22705
16810
24827
19748
15974
6067
3067
23829
2197
6161
23601
20243
19077
19490
20680
14582
4590
