18048
4817
3298
5355
15299
1074
8510
19397
17301
11975
3583
3437
17731
42
2077
11080
25280
671
13557
9419
1577
22735
4239
11880
8214
4769
644
4065
5039
6298
9267
2597
21839
17278
6383
2261
14161
2542
9776
689
1199
2262
5799
3270
8072
4164
5513
6827
6237
6127
7160
3221
4086
8268
11733
17193
8210
5378
5983
3373
4130
6807
6208
3203
188
10302
22602
4651
7384
20616
3367
21909
5955
8066
12952
8714
22435
20733
8122
6232
22864
3920
7847
8444
14062
6063
21114
3121
1567
958
19854
18550
13710
16089
21863
3465
18340
8671
22918
302
808
11574
6283
9483
7078
4275
4523
1427
13393
10910
6541
24600
22895
6780
7353
8236
3747
