7114
2582
15405
8725
12853
16347
22292
22358
22747
7655
14138
12873
4751
20470
9094
3251
2181
22218
9715
13742
22143
1137
12685
9558
3507
1089
15003
8273
21233
10364
15836
19196
16633
20640
14451
11689
22756
2836
3841
10085
24718
19446
381
20844
13193
2895
336
21362
237
16519
5018
9865
6300
5955
1590
18532
6184
12493
1965
24544
2390
10585
8477
20238
24774
11037
380
14384
24447
14366
22592
3165
347
14597
4207
25015
8473
6420
5855
25387
21528
20724
4829
4950
6764
25102
3424
245
6859
17295
2138
1516
9155
15465
1687
12546
10990
11964
696
4020
11848
21687
22278
23266
1516
1917
5380
