20479
7037
14028
1619
4773
1177
2662
19607
18504
18937
10775
4524
10478
21393
21162
358
1282
15960
6496
1555
9281
15143
18607
17899
11217
3796
5306
17449
20320
24972
18783
19820
12868
14982
20846
23245
5494
11900
17384
6223
2921
15609
15813
3088
1469
24114
1863
5855
23020
16167
16279
2903
8595
12665
25334
4042
7970
18002
18207
986
2923
7720
4156
10280
1745
226
7139
25484
14153
6907
14383
15374
2741
1253
6825
2982
6738
16977
19715
22402
15738
3558
4268
441
16145
7402
576
3873
24286
11620
23729
7576
708
14221
2721
1944
6513
2067
11666
7894
10748
24411
11178
16323
5901
1901
2060
1641
3950
14060
2534
9880
12329
5589
