4228
4033
14069
16082
22401
23879
15878
3753
13447
5204
10349
4216
4535
14627
14972
3066
3561
1678
17958
8342
1577
1828
24122
22791
4245
18729
5800
10802
22143
18873
2421
22527
21101
5899
4773
82
24714
3404
6894
2453
23683
18985
9138
7162
8302
22571
25238
21280
3997
4371
5054
6172
4822
6739
3930
2374
978
6392
2896
5485
2104
7455
8099
17701
23990
10166
669
14083
5341
4280
21064
25254
15659
21218
8701
1310
67
2420
5492
21091
11693
7053
12909
16510
13837
6811
5026
2954
5868
12698
7103
21074
13749
14491
5488
5853
11299
634
14419
8021
627
13939
3421
3622
23561
2708
17646
