17060
21455
10348
11931
16442
8207
19381
20395
4979
4818
2855
11592
3448
3970
22639
16070
14945
4711
6640
506
16889
4601
9389
21020
5566
14880
745
2164
9309
11775
16008
9156
1059
5298
1727
19214
1650
22418
20072
17855
9446
3672
16989
20479
879
7881
18341
4018
1477
2000
17399
11323
15992
24802
6170
16403
18194
1627
18734
16867
4485
5072
22802
18544
15261
128
20927
21433
12542
1521
6693
25104
6539
102
20825
13756
19440
6732
1172
19092
7230
2896
23802
6271
8271
5683
9882
22830
20488
10204
23966
11246
10870
13550
1965
11575
9905
14549
15867
1987
22010
389
691
24300
13523
4048
7321
12560
11530
16683
19435
12167
17948
7831
5630
4221
2151
19370
