6938
25195
22383
10478
2363
7606
3451
17346
13930
19653
18359
12077
6596
6730
3243
21074
3900
16457
15096
17545
3347
5272
11995
12807
285
18159
24410
3515
19247
20027
22232
18861
1623
1702
11963
828
18562
6849
22883
188
984
3926
7330
11933
2756
51
14796
2920
2284
6176
18476
23397
19274
1041
15952
3571
3008
15675
11005
14422
2507
16094
8109
869
6717
12521
18758
5539
15455
6713
14792
17543
6197
23834
25110
1963
204
331
15089
25021
21311
1116
7999
9187
19124
517
21637
6792
12728
22152
17734
12617
5424
6566
1732
7039
18363
8150
41
19103
4510
18496
17185
4690
5050
5608
1194
7124
22573
