24779
1916
1475
19181
21556
5505
16656
924
4128
9892
14436
11706
21243
16485
23886
7100
23818
24469
12365
13658
5581
15722
15524
3359
24800
24458
18396
6278
9255
23389
11746
6175
6466
18033
2845
8108
9642
22470
2302
17125
2932
15006
22691
3064
4955
3794
20761
2113
3976
6705
11885
7841
660
11017
201
2438
373
10504
15748
3762
18568
22145
7443
15557
3297
16987
10288
3947
17765
1433
4457
152
20237
1933
5424
6968
5358
6811
13207
23532
1737
4498
24738
2281
15890
12368
4319
3985
13961
8052
19096
11455
25378
12103
575
18240
17938
18267
10392
5574
22053
2709
1301
18863
5443
9717
5287
5460
21847
21629
17175
10328
11656
3739
7444
2253
8256
