25144
6183
7720
247
19653
341
8101
2048
20637
4721
6673
5100
8686
3738
3191
14723
8088
11282
4619
11764
6140
9073
3834
21239
16357
13848
6535
25451
22200
508
23237
2281
6171
4738
12076
5147
13741
5391
22587
231
9613
391
6297
3403
2658
4935
18284
4317
18521
17213
22875
18521
18806
4560
25059
24874
22599
18070
3158
6473
21138
13484
2631
10614
25184
19623
20254
21101
1127
24101
2660
14068
15342
2394
6482
280
5870
24559
20950
3687
13155
14150
14147
4320
8731
10766
9694
7106
16298
18501
1297
2078
1248
6019
17243
21339
12484
5255
1199
14706
2039
4420
7191
7228
24279
2805
3051
130
10872
22660
24071
21503
23462
24867
4762
22356
13489
