7276
15676
10775
8394
17420
21208
1307
23233
13905
2543
6039
16790
1649
5810
12601
24040
16139
2230
7142
6366
21208
19133
9076
8206
15937
5896
20939
6164
22932
15596
21914
21436
22952
856
7800
701
606
12364
9318
11377
1690
12339
25112
12103
7026
3057
7021
3689
14411
21150
10143
13532
2496
3127
6127
16028
4479
4867
21649
3617
5497
3800
5133
4667
4856
8590
22782
15199
3067
13269
15096
8268
19685
463
24638
21816
3000
11037
10074
3118
3543
4422
81
15667
6224
18322
4745
10347
4909
24683
1406
19941
22661
15635
5054
17127
14532
11157
5780
2572
10743
13441
24056
14590
10776
6078
6920
19867
20630
5999
2888
13428
4119
18135
16932
6549
10180
