8445
15041
5797
14453
4486
1207
24346
4690
4308
1082
5323
12474
16269
3365
7028
9179
3889
6107
12942
16393
12977
531
23220
16448
1364
8066
1943
5621
13140
19554
22229
2282
33
20281
8891
22811
23490
12396
2684
15570
2735
5766
22070
22126
10751
3242
24619
945
9899
20150
19151
12851
12629
2484
216
593
2138
2330
16106
5953
18889
15239
4154
6441
4097
12249
6631
828
16432
20806
2014
4973
1727
20975
6963
1489
1524
14416
22952
18752
12934
14343
2913
6749
24910
15474
11678
2328
1424
8596
2119
18962
7517
7449
708
7185
20350
22765
9879
1795
14743
15347
17690
8615
2238
25443
16040
8864
6807
