1043
196
6732
21608
24
4158
3738
1198
6764
3284
6017
11753
10970
20863
19343
18638
7402
14164
10120
1706
1040
4337
4674
11004
3444
24925
5372
6847
21839
18147
23608
5858
15028
7760
16697
4046
5502
16527
18237
12326
23062
1691
1398
777
8760
22400
1118
24289
16110
10540
1911
23683
15607
2927
18743
8926
22677
5829
10148
19534
24420
18585
15951
4630
1620
17477
3919
870
10934
3980
3212
11517
1900
5796
4539
12497
22416
15183
16212
19726
1756
14154
14441
21668
9890
7056
20387
5538
6755
4484
5804
12642
20647
11329
5499
56
16502
9836
18588
15109
4500
4942
14204
16046
20406
6439
17713
1950
