15762
19796
3683
16851
17497
4743
3287
16546
25335
21364
17892
3583
5089
48
254
14932
14167
4664
2832
14203
6225
7330
1862
1289
9784
4823
15829
19379
19667
11179
20191
1163
3262
1632
21039
19183
9488
24633
23310
3552
10575
13815
2135
9646
2695
22768
493
18669
3324
3666
1812
4139
12513
4356
16021
11874
2472
779
8685
3608
1362
16729
8711
19861
9161
6434
66
22170
7845
2418
17262
11776
164
15398
135
23914
11659
13729
12066
8846
22604
15341
17455
10760
2246
22665
22475
15036
83
8077
916
21129
3983
813
1362
12512
20038
5800
2871
21036
13517
17015
17808
23449
9389
1042
4403
4908
21498
