22559
14432
16386
24633
4058
12928
50
3830
19319
19655
24058
16986
5819
5678
24519
23830
15364
13052
4699
7868
7724
13063
3755
661
2302
24027
23567
9366
24198
23617
19088
4107
17976
25380
9408
4580
11191
11982
1728
973
2155
11030
21700
25348
12956
20050
3443
2178
1948
8488
4732
903
3225
5553
19584
5717
1842
25379
21571
6638
3197
14700
1209
12653
23742
3595
4546
10740
24717
4790
5863
3185
18620
24623
3926
24613
23890
13217
9719
6900
2871
1336
175
9995
4917
9714
17874
16913
5171
10576
21745
25382
3018
6754
7734
2098
12920
14445
18911
2260
23792
2838
3020
17746
10321
3403
10891
19099
22912
1662
13356
21187
1343
5122
25448
18895
16674
17754
13724
7877
11263
