20604
1192
414
19731
6315
18355
3832
440
11229
23569
12372
18813
14066
6307
5894
13888
6715
4036
18575
1503
1402
6725
949
17005
17077
4057
18517
5153
9104
12702
14454
9789
4666
17058
3835
875
20143
13694
17430
19560
20894
13199
25427
635
5313
10932
4255
7840
25348
9902
16094
11454
579
22960
5073
13597
21696
22441
25222
7275
21483
6684
6886
1858
4669
3321
5266
3529
2212
4205
20663
6907
5021
18350
13213
7241
8467
2455
6083
13489
3521
4060
902
18730
12962
7328
353
1996
8800
5911
20374
17923
5898
1112
3088
727
3988
961
13844
2570
7442
6158
14272
3606
24695
1414
15385
4038
14391
2164
13374
18711
7502
