14127
8249
2412
2756
11201
22332
21087
12302
1726
19609
24814
3039
2816
3575
6676
5423
5730
20946
9128
7499
12796
10447
12733
13539
7360
24551
1085
2483
11906
4412
5064
7817
16689
488
3438
1890
567
1704
20385
4092
19217
16379
17841
807
20994
20580
14535
9030
21413
2006
6001
17177
5725
2023
6269
199
4219
13017
21939
12894
11943
15555
23508
3560
4794
24494
6029
4624
8000
16049
17769
7525
1444
1769
12168
10283
9590
13143
7125
8070
24009
10880
1309
3319
990
21321
23278
13739
5908
1352
6949
12252
9238
6609
25416
3263
18958
8067
23562
12772
25243
1141
10784
25248
22856
3345
11444
23794
9152
