17506
8698
3218
12865
14181
3632
5684
13445
4035
24794
12095
15236
16038
6982
22337
21000
5761
21832
24158
4780
21761
12150
1719
22856
23790
19834
21766
19025
7878
6873
5191
22189
13066
16549
1229
5300
8845
19207
16160
9037
25166
6878
17780
22178
5722
24050
17608
5382
24469
24486
1661
653
175
21143
4520
11958
5954
4495
6587
7878
1556
14555
3420
20345
3607
14632
22212
4079
6167
24799
15513
25425
11932
16043
539
11792
9764
3034
3288
4877
23586
24840
21700
611
19605
7092
1537
4375
12524
4331
21541
23259
1293
17262
5388
14939
4836
4772
19315
5850
22422
13779
12107
25386
25033
15325
2319
18587
2119
22432
123
1848
10303
9274
3663
349
11608
2517
3895
5714
19533
