8803
21649
3100
23932
10077
6561
23190
6770
14440
2068
1482
22001
463
21654
569
5857
19298
20928
6077
18101
21265
6330
6554
8045
25088
4749
3735
9830
5269
3595
18275
24048
16666
3459
19130
15360
4680
8331
15723
11951
23384
4235
15527
3607
1239
3421
6394
441
16566
14785
7483
21230
18721
14052
18018
12256
3988
4641
1968
24668
23941
8606
21397
1221
25435
17492
16274
7225
14137
11343
24567
9009
17838
7013
15526
2150
12365
3584
3285
4054
7629
22160
6828
9527
5421
10576
2467
1341
8295
6135
2813
6435
1728
6463
4775
3778
16592
22118
16921
5079
1477
4790
2701
19914
7994
19330
19715
