1339
21389
5112
6086
16876
12923
10606
4258
235
6694
10878
8128
17525
25058
10917
24750
3618
17943
5538
25383
739
4524
8704
11147
11704
8577
8142
116
4492
2517
15520
1229
12414
24018
9382
22291
6191
20836
9754
2866
15577
20885
9333
6973
263
5771
14539
13361
3280
3099
893
1500
10414
13679
11729
24897
4085
1362
7074
1261
3931
4606
19698
7174
10587
20004
2807
1784
1785
3765
7438
11218
24450
16436
21621
7796
393
19402
4965
17320
6946
11647
11138
19454
12721
14700
17381
13447
14952
4431
2518
5233
22315
18783
4581
6924
16525
16170
1914
15622
21285
7619
24295
4474
1581
5136
25306
24563
593
14738
15103
24059
1596
9435
19097
7277
16948
12328
