9928
24390
15287
22730
6136
6719
71
20101
12536
3506
14779
6304
7558
450
12983
1991
23924
10433
16554
19263
2416
5497
1048
9114
3485
24743
11595
2371
12861
6756
3691
12633
17346
9599
23530
1358
24510
5930
7871
5555
2897
100
22041
339
17196
926
18596
14603
7293
6647
1425
14617
13563
2122
5848
14787
9893
1444
25054
15333
18487
4167
14928
6581
381
22113
8710
117
5880
5840
15228
3268
16613
23551
1883
5514
285
11478
10419
6649
3528
14119
274
20619
1612
21160
18336
846
4588
2437
5059
25111
1220
2969
17571
19633
20409
9399
24351
5155
1302
3937
25216
5576
6920
15459
5461
23814
20164
5270
11113
4343
22141
4995
74
4258
2196
