13286
2546
2941
14484
2876
19300
8607
23321
17788
1666
11963
16630
2192
8054
6633
5506
3653
2798
15592
17895
3340
5192
25506
8568
20901
21552
123
9434
2178
21313
3029
5475
14256
18056
5644
8232
1119
8342
2286
21301
25098
11262
6699
3868
17959
3123
1926
21365
10520
18051
16266
3604
6847
8628
3074
14910
12376
273
3024
11590
1982
6030
8680
5266
5575
8158
1878
8812
5842
25443
6890
2248
8760
2944
24616
5159
23627
5311
8695
5239
5481
4218
13594
15450
13135
23116
2082
19340
18638
7399
10885
13223
17775
19767
18863
1583
5932
3269
10054
1628
11019
1626
1172
1390
25167
15905
1504
3538
7137
