655
17293
8865
20893
1074
3636
7273
6900
19343
24805
16303
13441
20811
12874
4272
1859
630
7487
5744
14180
464
19288
16882
908
6385
776
23337
3545
15869
22348
15138
3743
3772
12413
13571
2675
10463
19962
12023
18652
4865
8712
2476
1771
4288
13066
2664
12845
20735
18470
8390
1951
4456
18323
9439
8627
865
17342
2807
1527
24282
14615
3562
963
5786
6041
10397
1502
23318
21023
11609
2476
19041
18668
898
13888
21234
10626
4261
19586
17570
11341
18152
4869
4687
21383
6736
6021
17096
5675
6421
5560
4932
4178
13040
6693
18452
2663
8796
22193
12030
6592
5229
5974
20353
2126
22257
22984
