219
10134
4722
5522
16742
9839
4106
23162
2317
545
13229
19606
9021
23744
14591
13478
11197
392
14841
4655
15190
2747
4338
6186
24966
14323
23527
23320
19955
3646
23218
11681
10828
340
17342
12283
8851
4199
3986
2772
8334
12764
8675
24342
13133
17286
174
25111
10695
18101
24061
11111
23653
5206
8865
12926
9695
5537
18061
6247
3441
19008
8617
5136
8137
6502
16447
3414
5452
10783
1105
23170
6515
5156
5000
8303
17230
2554
19255
24661
11820
23369
3458
10928
13547
7230
1723
6998
24025
1914
19630
1766
1027
4925
1265
23008
8711
9545
21722
9304
5415
2076
952
22598
11146
47
19535
