19127
16775
21253
5736
16184
11825
5038
2291
6795
15427
23832
4546
5522
3423
330
8846
6328
14245
22791
9000
3820
20147
18980
14338
957
412
17276
14026
17687
1314
5808
19432
17939
775
21344
20755
8720
17955
3513
20842
20310
3020
10864
16363
4564
428
872
23682
3260
949
1403
18826
12846
6085
10377
20883
9828
6632
2011
23745
377
2114
8050
5686
4879
4357
24293
16808
4224
8645
14744
16514
18589
17740
3129
18552
12496
5542
2868
18304
1884
1740
6063
5939
9539
14191
7055
13054
6714
4081
15972
19041
13836
3745
5068
19178
4821
17769
8833
16985
2789
1955
3369
18646
5827
18363
24410
13839
