19103
3370
16216
15956
2048
15415
2609
359
4974
6139
17343
1258
13202
520
17010
5432
18413
9308
1788
15307
13653
15155
2333
9948
11548
7162
24211
24058
6221
2330
22502
2796
8464
6401
5871
7004
6522
1737
6710
23484
22635
5488
9189
2113
3714
5599
5957
14240
4041
3374
20179
19897
2482
3323
19275
14246
11381
11457
1311
23055
9400
19842
24682
11854
2265
4470
5585
4099
5424
7265
1915
14972
2226
23499
2801
4879
20090
3120
7135
5262
22264
24488
19880
1809
8750
22234
24436
12281
5457
14341
25194
19693
21919
21981
11422
1851
7045
1183
2950
13024
20615
16291
5774
12262
13435
6868
23848
5956
19756
15116
3056
6420
20213
10003
2274
2357
2277
