23965
22866
14258
3833
1879
925
4572
11349
21611
3127
20666
3672
299
22082
1964
14174
1384
19497
2819
6237
10925
22173
2588
13139
799
2670
25406
38
17235
3694
4341
24443
3008
3211
24037
17704
4816
1469
8891
9861
24056
1845
23349
4696
943
20225
21108
3787
14069
21674
5740
4249
1222
23177
5034
10914
9445
4082
5065
22374
1932
4358
10894
1983
5276
23147
1301
16331
3131
6640
7075
8283
13021
896
21247
25
4801
702
7012
18795
5459
20501
3930
3281
2480
1383
7195
9278
7218
4786
248
5942
8747
8936
11748
3578
7000
114
1286
6374
12842
23017
3113
3920
7964
8667
7107
10512
5535
