23956
3951
4577
5125
24717
19836
2495
677
4274
3540
19351
13017
14797
23319
2820
8974
23756
13078
22562
13444
1496
5148
17474
7516
6040
14866
7163
25264
3885
3073
20780
7494
4867
14863
5062
2984
9516
2659
7080
10919
4703
22283
8731
9537
1105
15245
2804
16102
13479
3688
8734
6059
23934
24830
13184
4240
20110
22680
9910
21327
11900
138
1801
13497
25002
4427
3363
3329
14912
5335
1391
2205
23273
6815
11560
21175
18267
15752
1860
14059
9711
10420
2584
15041
12886
2811
17786
4484
23871
21587
276
5247
8034
8578
12881
2512
5733
16059
5892
6159
10491
883
3386
2645
968
12873
6626
5673
4133
10064
4996
6636
16803
13664
2289
10341
2393
13306
