164
6087
7043
9398
13704
809
14797
17296
918
2377
12328
12969
6199
16620
7718
24921
13029
19963
1766
1616
5025
19053
2223
5168
2520
24431
24431
1538
13242
4156
3011
9550
24362
12726
6371
10601
14197
5621
5316
23622
8873
25505
10512
3198
20283
8608
66
12049
3501
2829
23413
12216
12321
2176
22472
4017
17448
22323
78
2357
17356
20913
561
3282
8513
23622
3988
13933
22611
7284
514
7632
19351
10173
4104
11081
20856
10481
13043
14398
3894
6790
7847
25192
22304
12310
5850
3048
25400
2858
18298
3483
1463
23602
1571
6127
13749
995
6707
17634
7969
1695
24271
22955
129
3732
23203
