2498
19073
4409
2470
5476
11168
1183
7105
12209
1550
19468
11623
950
9441
4396
18968
2674
1726
5269
21078
19559
1859
4094
23756
15476
5440
24585
24142
19401
8058
11292
23527
5964
3841
2998
3929
23359
5216
3571
5916
3526
22103
9109
1964
16973
11636
1180
2428
9053
13181
6221
12133
9868
2371
7978
22138
23279
14226
1562
16569
5916
18100
384
14695
3099
3724
16244
7200
3111
7989
21557
1328
24743
3382
8725
18043
41
7845
13293
5096
10127
4743
5120
15442
21318
8392
1434
10081
18016
4929
22597
24897
18568
9529
4175
23250
10250
2731
6695
3599
19140
16148
17287
900
11394
1956
13187
3442
20415
