25319
15502
293
563
12938
24219
6760
25112
3165
1266
1635
5961
1447
12733
19375
19749
9666
20051
11335
4525
18520
9972
11484
25473
11767
6569
8945
25194
16090
3912
3398
19513
6003
6192
7614
3215
7413
14091
3984
10214
1631
20172
667
7506
13489
12800
12357
16307
3623
24985
6696
1398
9983
2862
4251
13544
24975
10111
16413
1013
4933
4457
2758
12938
4588
1352
4678
6843
18441
5695
3332
7035
8648
3791
8704
5791
3801
3603
7762
15406
13530
17944
8832
23066
20132
20525
10979
5534
9143
19063
6838
3411
22251
6820
6173
50
15036
5868
5011
13037
4327
13710
708
5060
19581
5747
18756
208
