2078
5511
4899
3788
8705
21013
19391
5643
675
21713
4470
10386
23730
4794
13574
23731
21552
9515
14019
351
422
180
8547
12837
15811
5000
11924
14684
8176
1497
7235
1362
3929
7322
12937
4911
11696
15698
5412
14300
18874
16247
7196
23599
7140
13041
873
13029
13161
11777
5670
18418
5365
849
12543
5576
1810
6517
19464
817
4112
3691
20420
815
9173
21493
6674
195
244
5771
13711
17107
15935
7385
15694
6969
2131
3778
3788
3619
3882
13540
769
17519
9107
11724
6699
8868
1171
7101
5635
10248
23768
11233
1397
454
3278
9175
8383
19520
5911
14948
3378
979
14982
8728
6092
9971
12530
16865
15569
1844
