14798
16825
5930
15993
21964
3879
10341
1579
10085
1677
11114
15365
1663
4382
1168
13871
6433
15562
17293
15381
14452
2665
1002
4402
20326
6794
3535
1557
4242
19934
9471
22145
13564
24188
5777
13900
1098
21746
16207
3883
3914
7220
1507
2572
6327
14745
5976
8229
11958
24203
16885
561
4539
3617
7533
6125
7820
4019
11414
11733
5345
343
7255
20616
21602
7210
10611
16375
4316
6876
23665
14934
24821
15989
16290
19659
17399
2147
2875
3615
8085
4652
11337
23846
5667
12871
16932
6099
593
14019
5081
7689
4268
5101
24584
22890
13652
3297
12631
4645
6956
9887
208
14953
1451
15673
1690
16393
4358
15253
15265
10658
1111
626
