9837
21
15444
703
17412
15264
23821
4745
2617
12213
22558
11643
8901
8869
7250
13337
24820
217
6724
13352
344
1154
17256
1096
16145
14261
11423
191
3782
2498
20561
2271
5654
5292
731
10384
21300
4709
1556
989
580
680
2406
14264
6173
270
11045
5324
1850
18719
22316
17843
2936
20573
7199
1298
13088
14830
23417
13070
2717
20330
6542
23598
23374
18007
3926
15657
13998
13873
1267
7447
8979
15590
9712
11884
5700
21904
8147
15779
7517
23736
15004
3420
14199
18152
14980
345
24275
1425
758
19849
17027
7346
22501
7142
12209
1250
6723
7179
11040
4603
19789
2538
14995
13934
9052
153
24309
14990
22197
13563
15633
20959
5460
10792
4985
13039
18324
12181
14126
