8932
20436
24872
6878
22317
6801
3815
12350
6115
8641
10963
18248
14748
20790
14260
13851
4046
14791
12523
22807
6595
9864
1554
25470
1837
25307
3685
6827
13644
12146
18426
4968
1991
1187
14974
19899
17430
22943
5513
17694
15581
17978
22144
23519
10562
7158
14793
19664
12374
22929
16444
1357
8689
9515
3588
955
24492
4170
20619
4642
4889
3594
3197
5015
1665
6293
3155
447
10900
1701
300
6664
16916
4479
17492
7863
11120
2356
14804
3994
23869
15124
25526
15525
471
1879
6170
20238
25352
9745
495
19384
320
7288
21018
2649
24165
25521
8690
2334
5054
15487
943
13705
2350
13866
17720
11959
23854
25552
24629
24642
2764
16539
7305
8988
1662
18332
