24836
12757
5525
11166
23858
23606
8570
8630
14396
7905
14393
21892
6897
3071
3337
16392
12416
18491
6609
20227
21595
21364
18678
1595
14030
19203
20022
10143
23786
1298
12465
13541
9727
12549
1032
1073
7297
17933
21030
1955
5308
8224
13477
16519
20276
19756
7669
18922
4934
2985
21472
15287
5802
4820
6014
5051
1430
25471
138
2030
11388
3530
1330
23993
17786
17489
13467
7072
4117
4023
8195
12844
24855
10027
4219
7257
14349
638
17194
23273
8220
4760
6811
409
16818
6162
7595
4955
9413
18718
6376
24805
8418
2266
24691
14150
134
5885
13320
419
20654
2880
3038
4088
25517
3955
13196
