17014
15823
20274
11252
5522
13038
19804
8461
14580
5354
21141
17462
1167
13590
20964
7715
12903
12460
17632
4583
20128
9374
18360
9809
3089
5670
9258
15185
5558
5605
19626
12997
20583
2226
18804
1976
6888
10710
4591
22040
17587
5947
23073
20810
8156
6303
19637
11417
15290
2816
14133
3876
22221
1900
9668
19658
5377
15565
2563
14785
17488
1257
10654
13919
3966
4480
9560
21648
8616
24122
14533
17182
14882
12886
4862
17455
12083
3519
4991
5706
25369
2768
671
19121
9624
11165
15520
3408
2279
7132
15146
23576
9438
24085
1240
12009
18867
2243
2247
3686
9384
18552
24314
7158
21251
5562
4814
2307
