12684
17813
12016
1883
5989
5759
8753
3607
2016
984
22839
3994
6161
12097
15786
2083
23092
3239
5863
6747
3418
8585
819
19749
6821
5479
5248
8974
2317
17253
6801
14047
4449
10425
4510
9783
22571
18910
12744
10643
6519
3752
11650
24475
9573
5509
4893
17526
24465
21274
5756
23912
3030
21459
24822
4421
4642
7966
14993
12635
18257
19204
11047
13407
780
12510
4922
7917
261
2931
7672
7487
18739
6672
11208
19684
3446
7882
13004
13859
21656
21263
5957
4437
10929
14298
24309
5013
7640
1779
23143
4901
12495
18094
17828
9584
21970
14023
17690
5698
12991
13898
520
551
5938
991
1851
4150
8498
199
19336
2455
5181
