1873
22492
18442
4444
18840
13030
7170
4632
300
765
12812
16975
550
8999
19517
19555
1035
24413
1667
14583
22847
23990
7129
6624
6197
14278
23250
4605
20115
17524
12066
21077
6609
4385
1635
4172
18127
2935
14159
21476
19532
23357
14474
20010
15164
1717
1534
5615
2753
8281
13779
2204
1455
19172
15895
22897
23246
13960
1869
16917
1099
5609
785
22545
11207
2393
7681
3634
25497
22046
10468
22944
1475
16187
7456
9489
13094
636
252
3237
11396
671
3166
8939
9262
5135
6165
3325
1671
5950
1635
6637
7287
16869
4473
12256
9355
6268
1457
17312
628
5896
18242
6064
6859
3080
1686
12202
24800
8303
2740
3547
5285
