434
8680
3222
3374
24238
8451
1271
167
6381
22651
5144
2366
20678
21684
6392
7179
23246
6252
1045
20443
18471
1952
8734
4845
1089
982
5961
4362
18977
10362
6390
18338
4798
11219
18668
19701
5845
2321
2010
17656
175
9425
5104
1423
19604
364
11519
2808
15989
17442
1465
2383
12740
15202
10800
12628
2770
13369
2743
5553
19043
17909
9834
12930
5919
9145
4305
9198
5580
14525
3185
7237
17388
4889
21228
6143
8643
21399
4113
16513
20781
4593
2451
3715
15085
4875
5814
84
80
6640
6832
6619
7290
24877
15789
21012
13927
12431
18753
190
8477
17424
13069
7276
3777
9552
18836
2637
3474
3809
11941
11419
2956
