10984
3198
6487
2090
24030
20839
5668
5181
19880
3347
14527
8978
5010
12684
13219
6179
5079
19096
2200
4880
6982
6180
3702
4540
11525
22307
9208
13800
85
15017
1175
22341
11682
5812
16651
17430
3129
14452
706
13097
16209
3315
17861
402
4211
19549
3007
4724
20368
7017
1156
24326
2719
6113
4595
10092
16697
15970
20708
18118
2804
18018
2815
13755
7089
15978
11996
12294
15393
22356
8325
9636
15255
20775
927
23801
15322
13387
24210
17222
401
15239
17498
2898
4841
2431
18737
20675
921
407
10216
5524
4053
19872
6357
14241
15332
2233
21870
16374
19608
2787
20265
14309
14754
25390
5302
19240
5620
4680
777
6205
