24411
1412
4079
11383
6674
20930
20936
22376
10803
19640
19164
5292
19440
25476
17511
22424
6043
5815
11660
23983
527
6063
13727
2070
3806
2428
5348
4063
12662
6274
1544
16033
24237
3260
3253
4099
19950
13937
16418
22947
2025
23790
3633
19743
5637
6706
18872
3315
25009
15016
16019
3825
13807
4281
4801
914
25377
7047
7723
5791
4676
11287
18102
10996
14719
23187
10997
1992
24026
4020
6047
18606
1215
756
641
2524
21980
1638
24779
14072
2050
4160
4314
5709
22048
15684
3930
5402
19347
10929
13142
2428
2546
15600
10143
1609
1361
22819
1308
18039
6839
10129
8054
2953
7844
8391
3547
15413
