1421
12747
14173
16376
5324
5248
14423
3576
4381
11542
22934
8935
8826
6805
2447
4572
19941
4311
8282
2902
6874
10686
19903
17838
15248
664
13834
5779
497
17594
16309
15804
1412
12104
4513
23713
5733
3625
16210
8582
12995
5976
9994
8260
15772
19968
48
23498
21851
9182
5892
7059
23531
15680
15272
18661
7816
25380
24312
8617
19713
6629
24432
1262
7410
190
2179
1822
8608
379
15926
3488
20389
801
23297
10311
13159
5020
16015
3346
22109
24508
2531
17126
21635
11930
3382
2871
8643
10945
473
2634
7269
8498
18998
7638
9115
18197
2780
22333
2495
19150
15285
5912
6701
5674
5126
22449
20059
16090
6093
6957
13137
10391
18271
9000
25351
22257
10404
23752
22511
