6848
6451
12059
717
1778
6583
21467
1739
9871
4985
5986
10468
625
2362
21747
1139
10115
3598
13465
25473
960
8213
17573
12446
22531
8989
2258
6218
876
3086
484
23057
21571
11789
687
19233
9609
21573
8916
1607
11497
2565
22728
20182
5058
5758
16349
8541
6038
9254
322
4529
676
7107
2428
11910
7741
11481
2810
16081
6726
1969
1282
5086
20545
18118
9423
2649
6402
2144
8269
15492
3405
14288
1153
17982
7866
1812
25136
452
10483
6245
2627
7875
16733
22426
6776
12172
13753
1001
3070
12112
11779
1275
4363
24623
6404
18402
1298
12775
19162
3991
14132
3856
18804
5469
11284
12281
19244
