22698
4263
6405
589
25281
2424
1286
16163
4025
4556
1637
868
4543
5965
2351
4241
15818
186
6417
10787
5258
9123
18838
7403
2807
22649
5775
14528
22198
12915
18496
21168
1898
924
9700
4555
13453
22242
22089
2440
1089
25164
3533
22778
14613
3380
17148
9227
2986
9336
14926
1511
13056
16731
3358
23540
7983
16619
2059
5716
25311
6637
4498
22052
19358
13283
22891
15166
11405
3437
15425
24832
22381
4523
21406
2987
18041
7817
14346
1797
4477
14449
3783
12939
1612
3518
7643
16372
3333
6752
14552
8175
684
5865
9812
8232
24958
24958
24621
14488
24506
12223
22538
2323
23029
15048
2299
1570
25123
14001
14573
22535
5838
1741
1639
751
11869
