3811
1436
7251
24636
15283
7538
20453
19033
20840
4607
1152
8566
2370
16522
2368
1867
10858
1083
17820
22626
2283
6420
19758
699
2086
18324
2909
2340
5563
17219
7124
15100
3107
14358
21330
6266
3651
1953
24142
1076
11490
14013
14159
6192
5093
2907
9498
10455
547
22836
679
1634
14794
150
15083
14117
22720
6716
3123
2612
10204
22072
22009
5219
3322
2229
15413
9196
7815
1059
18076
14945
4240
5433
22314
20549
6710
11710
10264
19564
13867
13108
5118
10348
628
2478
4301
18063
17830
9555
22556
4878
19245
1119
16680
11491
14808
4504
19276
575
16977
3267
21846
15614
21703
16080
2250
12702
8843
9881
3934
7374
20228
10467
19998
22141
20892
