5606
4257
1188
3142
17716
2848
4000
6664
12339
14881
8912
17240
22888
2594
8283
14183
4556
13366
3351
13656
6050
3938
1754
9198
25379
12639
1209
3398
9382
4316
732
9186
3580
4999
13121
8003
8860
1077
5419
4616
24514
3501
23702
6407
24532
4192
1523
4227
21634
3182
72
5488
2093
15158
12380
14215
11096
15287
5827
23125
21280
6974
5855
18073
9466
24948
6180
2203
13821
1836
8380
21354
5757
21621
18346
16034
4612
17712
11924
6001
6692
14891
18289
25502
555
8193
18781
4301
15934
7138
22217
15389
6338
1686
21195
20296
13955
5349
638
10162
7586
12401
13685
1775
2910
765
18006
13502
15916
11968
5273
20442
