18784
14274
22714
20632
12164
7645
6387
14503
12904
9824
16448
4924
20346
21722
4538
4792
2391
5529
4062
25140
14592
5565
16830
5422
13466
20054
6046
15434
4113
15616
3942
10198
2267
19724
1884
19686
9160
3620
13443
5112
24235
3136
14771
11089
15025
22098
2690
13597
20330
10407
18434
2374
9759
14221
4227
9984
18783
11072
18856
21996
147
15541
17510
23370
16248
7937
573
2533
16812
6298
7315
22140
22947
19778
1442
14934
2428
14251
17191
17354
9240
21173
371
22549
17454
3745
11344
9518
16425
20049
21481
17041
4236
15065
17338
881
5084
4711
18237
5115
18326
20130
7888
7696
5701
21297
9910
17552
21889
543
11121
6964
