185
6119
6576
1163
2654
16988
1167
14925
7213
5442
21486
25026
8866
24112
8236
22743
11786
23069
4870
2556
23130
16334
10643
7276
5183
15932
16548
6146
24746
836
21340
1108
4119
2872
1097
24421
4503
9167
11527
6938
4873
7458
18501
591
6209
11117
21180
9684
24484
5169
1684
8226
15164
25246
7494
21540
14870
4395
23545
1253
3086
269
21023
3423
2715
4452
17947
15887
6303
23642
21448
4427
6777
4138
14385
22765
6521
6651
20812
17749
6708
17455
18803
4244
1516
23849
4824
18442
2591
9831
627
3854
21393
5294
7193
11946
16371
4695
7066
10518
1938
7394
5018
6616
16527
23214
14918
3820
1237
2637
19014
214
14562
