13277
2384
2114
6166
3578
3547
12967
23871
248
1084
10428
12190
24594
6663
3586
1030
10265
5763
8848
1962
23658
6055
5308
660
5345
7351
15627
2079
15042
8618
23793
18236
4992
6182
11466
6877
20350
199
24250
8229
4109
9681
10111
5439
15245
5536
5403
20827
21519
15530
4884
4621
7365
12812
8421
20948
13902
9233
13980
1423
15904
4454
23363
24456
15749
13148
1567
2563
18023
5673
1658
11956
16709
42
17646
400
1684
23792
6487
6892
6825
571
20757
17841
6680
2668
25212
21931
17856
23974
14398
18677
13238
2062
21390
6242
11690
5281
4529
14816
12680
17262
5322
20996
16493
13934
902
5421
23194
23841
17430
22805
11764
