23900
7576
19595
4024
6405
13495
5332
2555
2075
5899
6746
3290
11578
24147
3284
22232
25221
11934
23908
19572
2747
4618
5963
1402
4703
1935
23607
8892
664
16274
3652
18412
24796
2503
7740
24711
12321
3966
9300
5475
5287
4714
10839
3848
10018
1567
9180
15705
1589
8816
6573
5183
2378
19992
423
6320
20235
4188
18645
2868
17002
19988
3349
14462
5745
14124
1662
936
7647
338
8369
5830
6086
9873
17530
12673
4606
6994
20794
18025
5989
21198
18190
3780
25178
17711
7948
9006
20014
17789
21939
24818
1999
19738
9270
190
16843
19557
1651
23256
13975
18661
18014
23747
15697
10829
24852
12209
14685
14296
470
3251
3905
18045
10789
17346
868
