5737
13255
13265
22322
10731
9743
5454
640
19974
17942
10171
12025
845
24274
13784
5660
3348
1323
7112
5637
18413
12195
10430
12230
9379
10132
12138
13335
16989
3854
11127
1274
15036
5895
16990
12549
3731
25363
18022
5248
24265
1107
2610
18191
22299
19514
24741
14691
18051
9657
20334
551
1580
15056
3179
23556
25446
18879
408
21151
864
11150
10617
8491
4438
2126
678
15893
3790
15614
12281
6724
18096
3500
19029
3574
24911
23887
17855
4661
17651
15932
12630
361
2416
6297
6211
12075
18449
94
1408
6099
24709
14761
25014
15800
14026
21115
18452
13545
19016
5798
13824
18012
21239
2034
16497
1712
10991
9444
5537
19022
1285
23771
