5879
12653
3893
6983
3048
5448
8771
3326
12444
31
17529
8846
17912
371
4145
11397
5756
21561
11978
4467
4555
6394
11034
7688
22337
6950
13791
5607
5690
20050
22737
21631
1902
343
6699
23444
11034
18957
3976
21532
5584
2881
25272
6236
11005
16093
17486
1894
18764
19965
20255
2817
409
22719
23722
11902
5376
2332
18148
5225
3063
11661
7577
20278
1779
2111
18584
6948
9689
11515
7116
9540
14695
8824
23224
2225
6457
4275
11240
4634
17056
10334
6282
3763
3857
19422
21029
3214
9243
18397
4759
2356
6666
6007
12980
4543
15214
2349
23602
20967
6750
21824
286
5142
12733
5340
24171
12364
18813
