6899
3421
2171
2121
16133
22301
18867
3274
1561
9602
18390
5931
23647
10938
4385
22709
15073
8693
6971
2764
16396
22217
14152
4379
14008
14611
4110
21492
3625
24500
6829
24179
16680
6525
4541
2748
11672
16839
14181
7305
23434
12403
12395
20050
13789
24914
6075
19186
12423
13644
11249
6789
24815
5804
17191
6492
1269
6621
18689
13930
5906
4116
12082
18851
10070
5744
19793
9444
20457
24127
12134
15342
24509
3309
21951
5304
8160
18430
244
16997
24565
4845
17266
20621
2989
18428
11581
7974
13270
18427
11943
11859
1400
24934
5673
22733
12497
20942
21531
63
16864
3573
18861
10407
641
5161
1914
956
9857
