17386
15918
13289
4060
8456
20523
410
4123
5406
16822
781
2761
14490
18395
12332
18495
4358
15459
20639
2961
17065
1984
17682
3526
3421
4374
166
17599
20910
1715
13144
19587
2291
8196
8725
7333
3657
14726
12662
2539
1556
4598
7789
20075
1324
10566
1176
1716
11804
5997
1662
6790
18244
12120
9115
6594
3419
9886
13310
1269
14122
2681
445
20955
6682
11077
5597
4918
7304
3491
9211
13216
22013
10315
17557
6396
25074
20770
24158
16279
24759
23139
16263
19383
10478
24922
975
4811
10599
19065
57
7242
5766
3137
2190
6150
7613
6858
11261
8784
4214
828
20021
10558
23051
10497
16978
4207
6449
9745
14096
23241
22925
22864
19844
7939
3372
