2720
2040
836
13712
3102
14772
12370
12767
17621
2686
7751
8059
11858
4907
3639
717
18889
5095
3326
19860
15631
109
23505
4077
8279
18607
12660
22836
6109
17700
3970
19237
4156
13513
18715
23030
10615
2344
13946
15841
17617
21091
79
5603
13263
5634
16733
14297
6120
10749
12512
12958
25439
1829
6013
7074
9938
1022
4490
25444
3769
2071
22016
434
4199
2506
22654
7012
18489
4794
25147
779
1929
4432
1688
15355
4115
7944
6831
19917
1072
12871
6312
17640
595
17758
1564
53
4011
981
13998
1401
2048
17244
1168
11634
699
11975
177
19191
1824
7656
6872
10622
17278
8101
5160
4620
4685
13357
5430
7542
