6765
8740
16153
2537
19984
14743
3838
20788
7003
25261
2000
3304
10620
5671
3948
6513
9699
14071
20866
17312
24761
4214
11593
2327
22412
411
24140
18029
12674
16586
15773
22702
10738
21888
18498
11005
2438
4897
13231
14096
25171
285
3375
4312
1311
10042
8033
14457
399
25453
3541
1175
2447
13087
7175
18184
13463
1504
2892
2583
9938
22317
13225
4844
17242
25124
5970
3624
5713
3255
1656
342
672
2614
4791
21997
7111
6007
4495
7612
16903
2904
65
2962
23105
4304
18549
2384
15732
5643
4627
856
17005
19070
19594
1923
3153
17306
2767
22022
881
23139
2137
24411
4529
5204
18902
6371
6029
2788
4143
1361
2348
13636
8143
23290
9748
19287
