24524
2370
4785
20591
15246
12152
11842
19953
7904
15233
11918
943
5678
780
3406
13752
3410
24488
10167
14882
334
7503
18720
18676
10583
24320
11120
8530
5886
24158
21562
14339
12616
12608
4152
12265
9763
23242
5338
1232
21497
3337
5194
25507
3437
6809
8777
13531
25020
6126
6879
21796
13078
11448
22586
7239
6023
5596
23903
1035
16805
22198
1996
175
16777
6630
3202
5598
15698
17521
9781
294
1767
13737
3726
4897
12941
14683
6691
7259
6855
10549
1218
6266
770
16112
23936
2639
2102
5165
6054
5121
1955
21983
18713
13387
21307
9285
2889
23050
23605
9548
10509
3926
10777
17863
6259
21208
4159
11087
5871
8510
1571
