17123
21731
7055
18506
1021
5857
16679
6503
23735
1107
6542
2928
22323
24538
23562
1141
16799
4848
912
12405
1282
2062
17077
24706
17486
7710
451
23222
4787
21249
9854
6499
63
2613
3697
6014
5184
5996
6340
24919
14910
22079
4220
16498
7178
5326
5723
8082
2711
6710
16062
1859
10929
3337
1776
25048
8528
15814
7158
18878
8100
2526
15151
19158
24893
4972
15919
4107
2979
1503
23485
975
6092
7683
12055
24490
12350
12889
19412
11077
5753
7210
16540
11273
21114
4316
2809
17765
5485
23707
6190
18119
11103
10963
2262
11387
12602
15498
4603
20161
22343
4306
5117
168
23357
5981
19442
8281
18104
11222
19299
5908
15204
10268
5882
18076
11701
12284
