18572
3517
4993
22697
12830
1681
15044
16490
17467
17867
17057
1532
2263
10767
13145
13922
3460
6385
15392
5164
14236
7553
25218
9197
19150
3420
24025
5393
7830
6009
9909
11596
745
22283
12931
910
22297
16575
25284
1404
19905
2310
8550
670
25459
25338
11929
4496
891
17777
7840
2876
24097
6522
1684
13011
2477
2414
23236
4114
10957
269
6234
23571
4518
20212
4168
18679
9723
1079
280
20299
22023
22913
9299
18202
21603
24674
2948
12629
19143
18743
3884
12826
5131
428
24524
14673
16363
23079
25426
23819
19215
5272
9765
25037
632
4896
9900
4548
6487
14318
9994
6053
3070
1049
18957
13248
1688
