2795
23328
24053
2200
4973
23603
3475
7320
25133
19970
11282
6981
20395
7474
2194
25268
19063
19207
120
24491
21917
25031
22941
9283
20752
6936
2347
3759
3865
13475
17542
19865
3705
4900
16952
22532
24262
1408
3908
24618
11495
14420
16271
7732
2184
19385
8773
8661
13169
2702
17226
3028
14430
20863
7456
19826
6782
6244
5769
17036
23408
18436
1568
16945
2389
16038
4072
2916
6119
1543
5814
13515
1680
14746
24245
1822
3059
6873
23907
23986
6768
22353
8171
24059
24404
6795
2524
10971
6465
9764
6976
2963
4544
16754
306
2886
14615
9463
22444
367
7132
15746
6975
4286
20364
4251
19031
3997
15185
