12934
5804
18499
3372
22028
4728
20415
8020
8281
23080
15247
6458
23022
2018
19409
8473
3799
2934
4853
8741
22708
13363
22399
19474
22273
1395
9607
16400
23167
15520
4023
2482
15557
1829
8596
8220
1859
874
7253
15944
7881
18722
15250
13493
18374
18931
20998
5452
9742
11356
24331
130
4597
6552
6966
5476
4923
1805
24191
14877
6358
18591
6787
24224
24560
18049
8898
5896
6688
21827
4853
15760
2808
15223
23482
24480
6982
23697
2392
23368
11370
11579
12200
11657
2905
22859
4478
2765
13032
6382
2150
7125
452
13919
25050
1446
5378
17322
13536
1280
17269
7239
4349
11229
3711
2196
13510
16555
40
4694
3427
12828
24218
5538
