23528
20947
9273
17261
8380
19304
53
1727
6145
24951
16714
13210
14001
11409
1452
2641
6720
3083
9809
2372
1083
16096
5018
10437
17809
6084
16642
19969
6602
1266
18018
22885
22177
1948
18271
5475
13675
6812
543
2178
25157
2803
9877
24529
6021
16092
17542
5133
10620
2514
4114
9573
219
10617
5563
8192
2167
1877
23544
10894
1522
2047
23615
1534
1012
4220
5054
6645
6871
20921
23184
17727
10890
8077
18298
19131
4811
14380
815
4001
8567
6339
2987
19508
7516
5672
1061
10862
5170
4285
19392
14701
14009
24637
10862
6119
9323
22618
15185
14418
2473
5330
2270
23847
23114
20546
17989
19436
20655
11316
16181
6967
5375
1086
7153
17721
10943
2143
