7476
8284
6197
18318
9774
5261
2230
2145
24625
7285
14860
9397
19386
22558
2231
2365
24767
23258
3284
7074
4067
18747
20273
8583
4435
9669
4900
473
14051
20101
13340
6855
6757
11060
23570
18321
17157
2618
9490
5458
9483
11917
12525
3206
9702
3139
18037
21695
3026
14282
14798
23893
3085
324
1921
21339
2898
17289
7406
18207
7034
25052
21109
309
3416
4121
5143
2130
12771
9240
15383
22223
12075
15855
7027
16310
5187
1743
13318
1362
7181
7586
8672
7455
4504
13421
13449
9974
917
16952
14544
4350
9173
3663
3861
2708
22942
16513
17749
6293
823
16495
3644
22322
1060
16780
11813
24780
22413
274
16858
21942
7005
13171
