11182
6884
5662
22172
6739
11015
401
24518
3737
20328
23403
22160
1253
711
11515
4839
844
15640
5522
12617
17010
22357
7424
21107
7322
10008
4862
19241
2342
13295
6635
17423
2195
12872
3822
18299
7139
2969
22662
17238
476
21803
5031
4863
3945
14349
19930
20944
15921
18485
5214
18046
22232
19509
7555
1727
24404
4528
9795
13247
5953
1373
3077
6911
25287
1117
6269
14194
9773
14763
2350
19563
4497
16009
8003
14716
23664
18953
5096
1164
3403
6014
2416
7013
1852
4227
17412
8291
12632
1119
1812
6856
22232
20718
8298
2176
8081
5198
13568
24051
20397
10458
7144
1795
5000
13992
3327
18185
14873
27
1351
13735
24929
18136
14847
3611
4495
5090
