23976
6707
5803
8662
5506
16628
8078
1310
4601
17488
3449
20411
21213
8649
6776
470
6508
25210
21823
12321
20724
2313
23648
5756
4251
207
6328
13821
24875
5943
15196
10938
4667
11425
19105
18099
6305
3968
7205
14770
13689
25302
16629
10422
13180
15036
24983
13572
24822
247
2059
4342
8071
25530
23795
22657
15262
13616
21040
1230
20590
7780
8717
6353
6949
2571
1321
480
16024
10519
1045
5462
4749
11642
6868
17492
14818
16126
1775
1712
20983
2193
11949
24787
23061
2608
16573
12067
13423
5604
20646
6320
2750
4479
383
19142
4761
20635
765
18963
2621
10758
6763
7233
16790
9121
3858
24256
1022
789
5014
19934
686
15968
4350
8378
3801
