24071
6878
7532
8546
3007
5368
5876
21815
4994
1340
2656
5152
3757
1059
14024
5223
755
5531
12397
21474
6990
10390
18224
297
23348
2344
7968
13441
10142
12619
1162
10553
15925
3300
366
18580
8013
14363
8086
10406
7179
5881
20121
4500
1416
3590
2041
20111
14126
24332
5253
12252
5827
23882
3966
15380
3510
7154
7002
4581
23533
4455
13839
5548
24627
5889
12619
9615
23268
23996
15608
9661
2449
23663
15965
1836
18081
5852
18769
9909
5301
1881
528
12795
11724
10934
1254
22831
2257
290
10050
12274
11577
24229
12923
16334
2677
15891
4438
18786
7542
25153
23954
13584
2954
2663
24616
13741
17407
61
2740
6566
2494
