4501
13373
5317
24907
3432
21184
22794
4304
13715
25234
7196
3998
12514
6632
20433
25272
3052
24227
8896
16697
13835
23346
14971
2655
11636
3485
18339
5258
17037
11529
7616
721
12625
6149
6508
541
17624
3615
13966
3551
16977
6354
21493
3116
2166
9484
11019
124
23590
19847
4044
2539
520
21232
14842
333
24284
18036
389
11895
3417
25400
1930
17950
16440
5952
14116
25129
11260
15594
16044
17526
14859
1370
18382
15161
13665
4395
23945
21365
5983
14811
4830
14908
5247
3108
18846
19842
22198
3224
21456
24241
23534
1158
3484
9055
4454
9802
20552
22349
4592
11237
2256
3394
862
19803
2598
12566
13880
16034
4683
14644
25443
5406
2824
1980
7222
