3091
25319
3054
23818
2194
12023
17659
11024
6206
1060
3872
5873
11992
13630
20729
6326
20751
2797
24983
9286
24651
557
22133
3914
12649
15836
309
6290
17844
5641
7210
8205
20619
19666
10447
58
2330
3580
6466
2397
567
355
49
11553
23386
11146
6437
19203
1835
2735
19363
18986
16554
11582
1337
25412
12315
8128
7220
6535
9337
18190
5998
105
10259
12000
7197
2034
6013
24539
2149
8519
2465
49
12507
23753
25309
9571
16514
25045
7283
22171
18196
1834
14530
15485
1867
4030
1397
1080
659
16056
25510
3165
13378
866
1282
6528
3008
20619
5106
25151
24058
10017
13546
5630
12297
13038
92
15344
2565
16915
14522
6118
4753
17120
13130
23655
