24112
3228
24434
3066
20021
22705
7711
2548
20221
2609
17712
24003
5832
5048
22370
8663
13384
4139
899
10140
19628
6202
11820
18301
1863
4221
21108
25322
11575
20261
23278
5564
4547
11970
22003
6052
705
5143
11861
19850
4488
6524
12486
3072
21549
22646
16824
1839
603
4282
17054
4610
5362
17602
10132
24908
13377
12769
15444
10442
21909
19583
6836
12636
2057
2834
20296
18454
3922
24005
12076
13221
680
22912
23955
4519
18129
4401
364
15131
7016
7650
10850
217
22598
23097
823
24983
23419
19172
2340
6564
2596
14250
7510
14281
11322
4709
3613
6760
19737
25132
6129
4362
1480
2120
16114
10805
19806
6711
8548
9777
8357
2168
16658
2496
9490
18679
