7976
15464
21037
20016
12724
17097
811
1505
3021
5094
6433
2693
15861
8519
3842
2696
14385
4582
7474
2957
5096
909
10136
19646
3300
21437
13448
169
11032
16430
11390
4158
7230
118
19569
10034
15775
14723
18325
3404
21566
4970
6247
1959
5310
3333
590
4339
11570
7170
17230
2798
11043
17471
4384
11790
22986
5999
7658
10397
5305
819
4421
24428
5234
4841
20645
6107
1345
7574
18679
10324
16545
1514
2520
7220
10666
21570
21574
10544
14084
18832
12134
9659
8318
1170
19060
20240
22760
22350
3473
884
14050
19397
23699
1032
20281
16089
1829
647
6596
21001
1946
24163
7616
554
17919
4671
4853
24226
13715
20899
21143
