1938
24667
8492
4369
20029
4651
2096
20501
5422
13367
10091
19187
24643
18224
8615
5127
6670
9995
20259
12014
17841
3535
4103
7652
10503
3973
9453
983
2821
25106
24031
4712
8240
17846
18071
6612
10383
4514
10249
10997
8427
2713
4716
2249
19920
13061
13033
3562
19833
3882
22525
24666
4420
117
10283
18129
23874
19905
1755
18811
8644
23896
10767
1096
19586
466
24563
10273
4340
8752
958
11314
2964
676
9325
12167
23165
12539
22731
2692
12297
18609
18038
4331
15685
12781
22026
609
9237
14533
6419
11454
13225
10554
24664
15702
22221
14769
39
16966
12540
9379
17984
23619
2152
3544
8106
8082
13699
2590
2701
9756
