12879
13469
21002
12844
16174
14420
2563
23425
4040
16295
10123
2467
2380
23886
14034
4592
13624
7796
3215
8986
4862
4866
8905
9758
6670
24349
19743
6093
1723
8931
847
15529
4723
23750
23149
22915
11930
9586
11891
14656
3658
3055
24310
25211
9414
5762
1021
6460
11212
7105
6302
710
4266
4967
4029
5533
1219
17117
24282
324
15321
2552
21880
24770
20387
21181
2516
1023
16566
23403
211
22199
11348
4881
5710
5917
7888
10362
5538
7873
14265
17949
3499
1561
5474
193
8131
19892
18962
4464
2670
21403
10417
5148
18198
5436
2647
1348
5101
5058
2698
24853
3328
802
7707
4187
5499
3717
8366
18864
24600
15838
22973
