1688
7811
305
23646
7920
22240
15486
11412
1434
4300
25042
3088
12748
5415
3690
16611
7147
5420
23460
22308
9956
21788
17262
8583
14431
11986
21160
5754
1051
6982
2470
12005
963
2053
2716
5618
8680
23722
19804
1385
4628
12421
11404
21280
23347
12139
1728
12043
4498
12364
4567
4059
15976
5752
23175
20990
6182
14525
23090
738
15391
9208
812
24915
17602
21413
10164
2003
22396
17809
22221
19673
2916
4965
13062
20121
22212
22415
8424
12623
18709
17218
6378
3198
4016
25454
6789
2053
562
5928
5766
10997
2148
13315
9998
22322
4725
23632
18840
5355
17537
1089
1466
24948
20047
10207
24200
22721
22805
12260
3927
22172
20338
