2787
18363
3184
12239
3004
14085
3737
6656
5354
23843
11358
15646
2572
11543
15172
20264
7712
24398
24553
25435
5029
20281
22635
11269
4767
2167
1733
17708
22635
1071
7311
18801
20398
5973
8013
5815
8330
3933
767
17731
17844
7267
4133
19457
2582
16601
20262
22203
3076
6851
12460
19069
7159
9534
23126
6521
4265
21715
8518
6141
5009
13955
9930
12407
18565
24584
17125
2884
1490
2791
7568
4717
24266
25470
4933
6116
11171
1419
8921
7230
570
10828
12393
3423
4536
1515
17726
20666
1754
21707
9683
21632
11489
6443
2869
1975
12637
2107
7212
8189
5980
10315
5028
4000
19448
7672
2619
3572
2250
10690
25277
5950
118
21689
25534
18712
5071
