3967
2663
4652
3413
6869
3247
8049
20102
22078
8310
22112
5255
5891
6296
1166
4057
15933
9667
2569
14758
581
4113
24295
16539
16801
908
4880
2923
7921
14657
6096
1489
20281
8885
4298
4467
6072
113
3380
2130
5854
6866
3211
3108
5316
10137
13439
19980
11193
21791
6799
8713
1737
4427
707
12955
20427
22397
6333
1031
19077
18621
3742
9332
2104
22950
13477
3588
3810
23038
23809
14518
23528
476
14007
23243
23990
19093
4251
23386
549
5467
5596
4108
4094
22252
6817
7149
1531
7014
14181
134
14485
1645
1597
20099
4430
10179
124
5372
6657
23315
7028
22611
265
3012
1847
20817
4312
469
3634
17508
9042
1646
17056
12106
2303
544
