6435
13181
8634
19635
21032
11708
106
17322
3896
129
3715
5756
6976
15301
1142
4692
17768
25371
2117
22227
24282
234
20772
2419
4738
15328
9221
24348
16816
19128
18927
11838
11881
23573
24329
19354
21496
23123
10368
6448
3358
13630
13492
16943
16393
4999
11747
10444
25374
2662
23285
1212
6026
11947
20920
12214
3759
7856
22278
8937
4533
656
3612
9493
7575
762
11241
10270
18882
3229
888
21901
10149
13992
3242
19793
2561
18768
17081
4622
17616
4416
2542
10150
24945
11252
24927
24579
19774
18333
17381
22825
24687
23967
14679
10829
1964
17840
6445
16629
4143
20400
5819
3111
19492
10126
22269
10865
12620
2291
23359
4338
20351
4575
1497
6799
20255
