2293
9163
11369
22165
1543
10158
1970
6078
19226
11316
6065
19099
1625
24199
515
16108
107
24837
20295
14692
3037
2567
8241
14773
15368
5002
3591
1255
12945
15276
5448
15656
10440
21153
3506
1361
4052
15206
19280
1935
5507
23246
1108
1793
2130
4820
17398
10403
22548
1488
5239
18786
19543
3190
2464
2878
22281
15410
12133
2711
11129
12520
4206
19228
24741
25485
4805
23433
1500
14298
17080
12652
9710
20279
3717
7659
15033
1353
21795
2513
4261
12458
4286
15302
6598
6903
17556
4387
12737
1720
5598
9359
20929
5308
10525
638
12933
3588
6512
8802
24951
3129
10082
5648
17189
12682
1081
18564
1875
5485
24362
6716
3128
5453
455
112
12736
