6739
4294
17922
24016
16065
2661
4693
659
803
1888
24342
3270
746
13320
3505
3723
3090
24994
10775
3646
10324
4612
1091
91
450
24464
20596
25370
19150
22752
7919
2443
4161
22588
20487
2237
4365
12826
23915
3280
3250
1572
11330
6534
23994
13302
10886
19533
6521
10309
7282
2972
6762
8442
6768
6807
21668
20220
15710
13880
16106
5562
6721
2560
5898
3223
16481
7620
10883
11447
4821
7446
2057
9355
6919
1984
7005
18766
13163
23057
19610
15244
14442
14622
2398
11143
1688
2344
6909
1982
10197
2282
11071
12122
12378
18358
23930
283
19847
4530
17173
24409
388
14508
21406
4228
4751
24670
12967
9285
9997
6183
9543
9244
5267
9337
14308
4737
