24366
23104
10450
20012
21442
3890
14751
3197
20253
3308
2606
6200
7370
4721
4179
5823
3686
3807
24857
11980
5607
7138
1561
14373
454
6233
755
24270
971
22464
2709
9216
12653
7529
480
25395
20394
14498
1553
8904
5332
3100
20338
5737
14516
6093
2473
20434
9675
24537
2099
8460
4605
18725
6995
11656
8187
20842
2070
11035
22140
19372
22726
21670
5066
1720
10165
2779
22458
5384
16890
9539
5591
17393
20728
4470
21128
13537
20243
4655
3277
6545
11833
11840
11645
7937
11452
17272
20861
5729
23258
14501
2823
16655
20591
25144
6361
4745
4729
1451
5906
16237
10344
11476
5618
21027
25002
9649
10572
2497
19394
13563
17697
