6964
9546
6924
2522
7193
7420
10676
8765
2078
12687
4636
12641
4175
8069
23033
5972
1862
20780
8675
17696
25465
5091
5793
798
4365
6994
4801
1102
14709
1816
3393
6524
4139
18006
3085
2501
2276
3057
3628
2378
4799
4247
17296
6774
11743
23403
18536
15341
5433
17818
11724
17881
6400
8902
5854
23171
9736
6214
11880
12978
276
5613
5369
2795
12207
6947
18218
13032
4603
11676
23450
4943
3850
6605
18736
449
7507
15263
5318
5994
20315
8009
1082
22266
11628
6855
11356
18395
16081
16790
4795
5947
17325
24090
7088
1403
7800
13880
6531
992
2347
447
3127
517
20915
3932
1043
1935
3005
6791
8972
21452
3943
20597
