13764
22417
6642
1568
5439
9779
4206
7499
11285
16648
56
6804
18609
1386
16638
1776
7803
15300
14704
22278
5058
292
3071
11647
5240
10467
4207
4948
16705
5173
6652
3176
4939
670
9744
12242
23929
11157
3956
3640
20389
6844
4425
17959
18894
7126
15427
19076
23629
22713
4407
22558
5913
2784
15678
6651
23413
1562
11687
109
2909
19076
7954
17812
11666
24986
885
8891
2680
20314
3400
14109
8778
24147
22830
7015
6964
3110
4384
10611
10029
6682
23486
3042
17037
4782
20289
22482
5653
7223
13157
6421
5858
21027
14377
11921
21829
1273
13062
10622
3091
18436
10519
5875
9300
12138
2079
5466
5653
8377
3964
6518
12284
6883
