16197
23252
9155
23251
14214
20781
6678
1386
1335
24123
21402
12907
9806
337
23702
15481
3804
4558
9080
24452
2803
16208
9037
21386
10198
17446
5560
5537
3877
18052
3125
24943
13597
1767
4201
23343
1585
4687
7353
1178
219
20684
3787
14676
7274
2922
3681
1061
23566
18953
20729
2221
5785
14862
21436
7366
1833
24449
3028
4746
373
4600
3948
5172
14493
372
6271
23957
21301
4938
6711
5022
4737
14115
9608
16773
7042
6010
20212
11638
3221
19942
492
9603
9644
463
7549
10475
19922
2752
16535
4936
6657
2893
11613
5888
9382
22686
769
898
4526
344
7241
3980
17612
5605
3629
7278
18137
747
598
17639
23188
13935
2013
3300
17339
12740
