5769
13910
22335
1746
24804
4585
16753
9873
861
507
16598
14759
21420
24603
20347
4471
3626
6678
16566
22727
1807
23678
22158
19117
12846
6308
1731
12932
9525
397
3333
7857
22368
139
742
16713
3979
1058
20661
334
4684
17657
5822
15639
3726
1088
3653
15341
14224
8805
17368
19953
834
15494
18682
8066
2479
5610
23886
14764
5314
12815
3881
13224
20344
7330
13834
5434
17888
330
326
787
4175
17875
21167
4197
12895
90
7712
15737
10250
42
6074
6359
8957
2396
21965
943
5239
15265
6064
9387
15651
4284
11239
6275
5672
13469
13150
18236
12993
24921
22816
4062
6358
2407
931
2985
3870
12539
24359
6984
14901
5013
24312
5743
22724
20526
