14393
4094
9158
2667
13145
143
23870
23170
1836
16589
385
16516
6591
5202
17718
566
18451
4495
16687
21522
1943
7082
21064
13057
7117
10454
9463
20718
6387
3818
4019
23956
1733
7396
4103
21016
6237
10445
4167
3033
12066
2602
10466
5460
22261
2114
11144
8006
3170
20423
9639
10981
9689
13584
12217
25344
2503
9223
24211
9730
4895
17119
400
15936
10114
17204
3618
19660
6473
57
16264
25080
3712
8531
25300
18344
17163
6290
21770
5812
16633
6211
12348
21066
4551
24894
10642
24064
18691
6473
7799
1893
1339
2097
20968
16131
1680
23516
23138
616
4174
17764
16176
22804
20535
3777
17914
11381
1049
2637
3173
9181
16457
1863
10158
20311
1274
5280
