10485
457
16578
3383
4994
1338
20442
8670
3200
7104
15449
11193
20104
20066
23376
6250
1012
5147
571
22710
6721
21980
24687
14644
12039
10084
4036
17511
9898
18196
12513
5789
6034
10501
19816
8832
19935
3666
18218
25325
1910
177
6611
7068
1031
14792
14378
24425
1121
3288
7994
11854
14677
1376
8751
19978
2011
8353
20438
15067
638
12246
7573
24535
6850
4033
7831
22616
24340
5166
11272
9687
6627
825
6281
20820
21298
3008
10667
219
16811
4801
11019
5407
7795
2399
15214
4440
908
2882
12265
6365
15269
5745
16571
10181
574
5793
16488
69
12916
17517
16992
13315
790
562
13379
25516
2214
3429
25445
13842
20398
