22395
21483
22321
2841
9229
3853
3867
16016
3722
16053
4853
3623
843
5555
22992
14531
3163
19611
8242
22735
19309
4980
1568
4482
5376
5623
13963
2505
15195
13054
22060
1998
6386
24808
2833
15358
15156
9872
23088
11987
1075
3034
3589
20635
6756
334
842
14390
23727
4833
6773
1147
8960
15877
21766
2408
4512
1403
6406
11652
18863
2636
4907
5287
3421
3440
19254
20056
24113
23346
22370
24592
4197
14985
24503
17999
15025
10850
19966
20585
6910
5577
12423
355
4277
2861
19054
15834
18066
17424
22034
10415
2820
22738
4837
12669
15923
9994
22576
20850
6474
993
775
5564
6131
3659
23651
11853
1102
13423
22465
22585
23440
22477
