19793
21057
2063
12612
9156
5264
14159
4002
9157
17099
8918
12912
3818
6588
7419
2742
1887
4029
221
1515
9147
3019
3217
1366
3537
11191
10631
18051
1385
19879
6402
14814
21013
10022
384
18918
5410
4548
1967
5158
347
8079
8197
3817
6754
14869
5682
8728
12101
12599
19559
11775
2344
15204
5451
811
21364
436
20969
18901
7291
3279
7987
22801
7490
8988
3038
6895
3322
2261
5875
13875
56
8131
18211
20992
4055
5862
5914
4104
5746
19935
20426
9156
10656
3531
21769
11430
11077
20005
17253
7546
7994
16052
11156
5262
4282
24154
3982
8836
296
18783
3168
503
7493
19237
17990
16214
3578
6868
3242
20543
6917
23973
3168
6926
16178
