4018
18778
5073
5849
19863
8755
2928
12419
25503
9790
2481
17874
22829
6065
1116
8295
9012
14533
3962
10993
22449
1846
11286
2494
20646
16037
5859
8471
16537
3802
1153
3626
13639
25360
16598
3286
2959
1802
23209
20692
21115
12232
15988
19467
8144
497
17079
870
20949
6114
9154
10004
17472
15193
2588
18209
4100
23227
22941
16156
4140
5548
6071
14887
258
4240
3014
7226
22901
21263
5295
19009
14919
6448
6710
3733
9967
4517
13244
13203
18299
3469
2181
14841
7678
961
18661
21399
10375
11925
2624
1831
4468
2757
935
6689
9532
14705
551
5041
24946
6107
1761
5371
15536
391
6917
8319
2099
11107
12360
20892
5729
