2549
21279
2372
18615
10242
11086
14902
1103
16022
24931
4211
2073
5171
12140
5487
17346
7353
1675
6650
1116
995
4567
18706
9063
22679
15560
5858
759
4549
5576
9741
7180
3388
9988
1346
23336
561
10823
23204
7469
20741
16710
454
20323
18638
6396
12573
15918
294
4045
1979
1458
25419
14275
8513
20719
57
20493
870
17699
20412
6100
674
8427
4325
10225
674
2373
19554
6332
15055
1695
5282
22117
18500
12987
1505
10204
2860
5731
15014
25354
2633
13942
14875
21290
12644
20935
8777
19950
1417
20126
1085
5544
13660
22451
24698
16476
11704
10775
3328
5625
6065
4785
8510
15336
23688
7167
15075
158
720
1916
15281
19218
874
19690
24815
10806
5787
4467
24804
