13510
12612
16928
8701
7251
4838
7157
5903
21105
13616
14689
10344
6102
15910
18646
19135
13403
3750
14911
16655
22093
20448
5203
3261
13093
7189
4147
9146
14690
23496
16617
16011
11774
16927
10629
24743
15689
2391
18182
5811
5556
16328
1413
20278
19212
812
10589
1583
20417
11237
9622
7023
10767
1226
103
16926
16650
18705
6423
10055
3001
15254
23841
6211
9016
4735
24522
5808
2573
21261
21497
20728
485
7402
4494
9263
9564
18669
21067
4294
3721
9101
9563
7601
13561
1917
6991
11245
4168
23491
2721
14811
18520
11018
7083
5798
21462
3939
24628
1556
2312
3615
23117
21590
7199
25204
4264
22654
3791
7588
1029
1339
