4376
24397
5544
15955
20176
22022
19894
18302
12535
18875
1460
2347
3104
6192
120
17174
16342
7914
856
12429
18238
6207
19928
6865
14163
674
11844
24199
12041
20098
19716
23652
13992
9342
4570
17112
3938
757
20259
2862
3879
18662
5607
4569
16987
12389
20323
1057
9956
7951
3068
22425
8193
3849
25142
2345
890
15918
3850
998
2508
1509
9761
5271
7916
5508
4662
19723
20027
6907
13134
15181
439
20180
12904
15192
13072
25028
3036
3588
2245
22946
13795
6551
19194
20546
2867
2678
3318
16299
17031
457
3748
15524
22212
6107
10782
8932
23866
15965
8999
12440
19955
1713
22718
4419
15210
14930
539
23014
5612
7264
