23980
23372
16060
14321
12885
4143
3371
21769
11232
19951
15156
15665
4575
19367
4849
24893
9550
2494
8335
7234
3125
2548
1680
5935
872
19680
6819
6270
10719
19758
2786
14409
1212
23670
5044
4862
7198
3563
5319
16195
24152
22267
5741
20998
4024
640
12671
13642
10816
13144
22790
6709
11364
10625
4762
12172
22729
5271
4641
642
766
7751
24906
8965
8103
14559
4876
291
3486
5962
15778
21686
1775
1801
3383
19675
11509
14710
4292
18705
19172
3088
7688
19645
6137
1954
6781
13371
1081
5628
9049
5830
15933
14155
21084
1763
2672
5691
14453
17432
10601
11640
4274
20280
81
7887
2948
24350
20788
21329
21600
18010
10023
