10640
2662
3157
5117
4597
21919
13411
8314
4018
9020
18439
19382
21225
6337
25037
2616
4773
23465
24203
22142
1611
22069
4159
2435
21049
12730
21403
16359
25399
2192
16371
853
14716
13414
3728
443
9420
20606
7096
5886
3086
4585
11968
3916
5787
3951
19661
4006
18201
5270
6227
14501
4668
7933
5115
21239
11914
8421
21604
13723
6718
20156
4519
13705
8251
9745
7924
5795
15532
14327
20159
23631
4556
116
14888
13570
4095
11850
5040
7748
429
23071
2139
8639
5495
11852
121
22680
22534
6868
21083
5792
3564
20120
21532
23907
3983
19242
21244
594
886
12254
5016
485
6197
8088
2926
1693
4499
2188
20597
6978
25251
19761
16498
22996
6778
