25017
4298
8783
8873
20740
24124
4907
18820
11731
3000
12242
16601
2692
13385
15262
2142
10334
8458
13326
3890
2098
3273
2273
6850
16314
3846
7375
7117
1393
20163
20538
610
18932
19569
6270
18655
5666
877
24319
6808
4441
5293
4963
8375
5830
14454
20091
2491
13980
11645
14009
21403
3777
2879
4131
8975
15421
374
22520
3043
4455
6589
20322
18322
23207
22366
23429
23924
4427
3924
6784
14769
7043
20339
5500
13738
20923
1467
10130
3675
7749
14495
7663
19576
21765
4359
3240
7109
9342
7043
16623
4847
19806
5431
1093
1638
515
7357
2637
9119
3262
16904
5581
8916
3592
2378
10362
13212
4501
19433
23721
498
4366
10827
5074
321
1095
1419
1124
17513
6754
