16853
11525
6233
2324
13187
8167
23645
16399
10558
12817
3269
6350
766
9473
20573
4009
4571
4521
3872
18868
3447
23342
6208
8919
5455
5124
136
15490
1892
20554
17659
5697
14232
1511
5858
24568
2048
12936
2528
49
22368
6671
12583
21519
5409
16274
7853
2267
4012
4525
17762
15185
5066
13579
19050
8957
6651
645
14039
11562
14371
16422
14608
2321
8486
3452
21162
9090
22880
2615
5355
4542
12819
1944
8971
2461
21057
6954
19581
7934
11159
5383
24839
7207
195
196
7746
3894
11628
24409
25184
4691
2783
5629
2300
11204
2626
5425
2941
268
1842
7103
15625
6702
13663
15443
15918
486
17122
3631
2514
19395
13476
8762
18802
5536
23427
