10718
20929
4886
23754
10394
189
6712
12035
21096
6434
11002
1357
7108
17750
9508
10701
3542
20028
3786
9999
23160
4938
4975
4836
21659
7126
361
19216
18948
2671
7174
7976
19318
3822
5218
2649
22660
18587
4545
12112
5821
2065
2642
3343
5645
4770
7320
16394
22912
10510
18435
1895
6042
6623
13797
22844
2107
10735
13479
10837
4398
5569
6481
6972
22801
22416
7240
1322
14165
6305
10010
8382
13366
509
957
992
15802
7074
2889
2730
9083
24718
6163
13446
7405
24806
1360
21338
16985
7007
644
21418
3990
25152
174
19954
11861
8684
605
8140
22724
13569
19738
5483
4789
10101
13283
22304
20403
1628
7219
2998
2818
4824
6765
3110
13146
