24349
4571
15067
23717
5347
20909
18874
17199
18328
8190
10858
19339
20771
2957
4216
1167
22632
340
2578
964
4122
22475
10875
10209
1110
19154
19604
19560
10745
804
3753
2620
2939
256
1295
15428
11261
4378
1475
7986
1316
5917
11643
10621
18835
14716
6641
6350
13633
2433
16405
6895
19521
22688
1811
11667
2573
16229
3044
13874
621
20985
11059
12951
2948
2289
9320
12601
12526
3350
4648
21308
15897
299
20777
16782
532
15238
22564
3804
11752
24990
25099
3143
4714
415
13616
3205
17304
3745
11545
5781
21199
15466
21003
2808
16969
23772
25039
13661
5041
6981
17723
20801
6663
11173
5630
6512
23064
22486
840
7556
22876
7239
10174
12721
23952
