811
3808
4309
21253
6962
23186
5240
19517
21449
22180
22037
16582
20865
2609
4197
25306
17737
6730
7867
11585
3435
9399
17235
5503
2246
4244
22919
17401
5691
14971
6248
9454
18288
9557
13233
3557
16858
5095
3043
5352
20508
10556
11872
4920
9366
24727
22877
16547
18702
270
19527
9857
16898
970
4097
6289
24309
22339
17267
5888
15484
6646
13577
13749
4529
19015
11454
24192
1164
21395
246
2499
22119
7645
13117
21087
2583
2182
419
3904
25388
1637
17867
14249
1957
1219
22729
5594
17236
19362
17556
7134
9549
10537
1959
290
5508
5268
13266
23642
17473
7493
1067
1412
7939
6106
1585
3577
4774
2921
4399
22929
6232
19307
