16328
801
18878
13853
10805
22233
20117
5194
16788
9604
16844
10046
23432
7378
3409
23308
24083
2672
8654
17201
15027
8964
9036
18665
5811
9039
3916
2040
9429
1609
15437
23604
12122
2062
24175
8175
20806
11068
22981
6187
24442
7073
17087
4798
620
2206
4185
13331
49
22096
6722
4288
13696
15608
7021
19627
16001
23071
4208
5503
20974
19356
3247
4949
18748
5228
1659
13337
23227
12651
6586
6662
648
24560
6311
10844
7410
4838
15448
4882
12043
6148
5507
8028
24770
2613
126
3514
9747
18672
890
14019
6367
18767
5743
10055
515
24478
2481
16771
4900
85
4641
11236
20454
22996
4293
2372
10128
703
6728
14779
16158
4612
