23932
8676
6757
18629
3247
14654
13210
13399
5377
3986
383
8753
2828
3337
6239
12683
25255
2257
18583
5086
17062
9403
3892
17726
14775
24903
7818
12964
250
19041
11708
21293
4191
1870
21590
11598
16493
19488
21819
20697
20129
392
23266
15421
16799
5827
8818
13770
16253
2487
5915
4548
17304
6093
24132
1812
25458
2695
20912
18793
279
15024
2401
15062
2984
4308
9986
22821
1258
23100
16119
16992
8226
11143
4943
99
6627
8537
16391
24537
10785
12896
21911
14416
14844
2411
18479
9030
10562
10183
5780
9204
7137
8255
2711
16001
4497
2827
12441
7186
5098
4996
1714
4397
7867
18959
18284
4712
8462
1353
5003
3074
17461
12272
381
7108
16374
