396
2962
5478
12496
1116
14478
2188
4415
3201
21542
13216
9065
18823
4628
23563
3986
462
9954
19269
11811
20991
24149
6975
16867
9743
1818
8430
15652
1001
5458
2791
16809
18566
24144
14649
24960
20673
3484
11969
3296
5901
20346
18523
16978
16101
5821
99
23261
3659
10188
8852
3225
16239
12337
2667
2533
1227
19927
11072
25329
11195
1808
11582
4631
3796
12792
18002
19867
6363
19208
11059
3980
2295
15932
18161
10945
18262
7435
6596
9521
2324
18121
24592
7760
4994
7265
20573
2357
12792
5582
5225
522
630
18545
22835
22638
12519
19826
9899
21707
8833
3182
17365
5227
4505
4155
2329
11367
6357
5228
9370
23112
11913
18425
19869
9003
4289
