16856
1208
5991
6015
13268
2714
12387
4766
2369
23574
9032
15813
9089
2792
6179
14306
11608
16956
1252
25387
10232
2981
25412
1545
478
23079
252
19985
4455
8661
1431
24587
6581
24586
5730
22267
2422
4505
15047
13238
17274
6907
21059
15512
8304
8160
4781
19523
6053
19107
20020
4791
8397
961
21291
17039
19178
6445
750
13127
3283
22063
1070
2571
11575
2623
14692
11748
3894
374
17498
20873
24512
1929
5731
14314
23699
12861
17833
4307
21606
17277
6512
7310
16406
17983
8869
23395
8520
17318
6771
11470
2832
15796
19691
24345
2970
14005
14912
12020
1422
10690
6882
14174
1968
3399
17424
20414
23956
7654
10306
23904
14041
16521
3740
4351
6132
