17557
3749
24461
368
1103
8242
5280
21441
5358
12532
24322
2419
19974
7099
8256
3721
6058
306
2451
21198
263
969
5486
17791
3651
15141
18037
1931
8916
16817
4017
14394
7943
2003
250
5457
14608
13169
4195
10252
2728
2874
6157
14273
14662
10566
3126
18430
22215
17741
19952
20005
5298
14592
12323
11492
1060
7582
14599
15161
6884
11828
5980
15609
14187
14436
13163
18671
1407
5875
4935
8469
21625
4187
19268
5740
19625
9370
13625
13026
13499
15423
12792
6211
9250
14818
9098
2777
9884
6015
11454
5303
20471
15470
6009
24882
16255
2039
1186
5479
4973
5343
12567
6721
19631
6116
4892
18367
8675
373
520
6916
17237
