18893
23769
21306
10878
815
9529
12833
15373
5648
1150
4027
5328
15938
11021
528
2501
950
14148
15316
3142
14502
15850
22685
19377
10857
1198
6742
1776
3412
2142
1474
3369
3378
1898
4025
3396
13995
1001
6537
1049
22640
5138
2980
23950
15996
13535
5544
13377
4288
1852
3345
14069
20871
23303
7058
14882
14123
682
24857
2640
6713
5125
7688
24405
4855
11091
10327
10696
17971
6400
4236
22704
18197
23191
5341
5494
21015
17466
5985
23076
3800
16014
3223
109
7562
23811
14124
17915
21370
6447
804
11271
10635
11311
1460
23873
22969
17865
7223
24096
11311
14568
22905
3121
4225
1133
1480
8218
16226
24117
5642
3156
12712
3768
3138
20973
4828
5448
