5549
13129
25499
19338
2769
24048
17948
23196
11396
14771
22658
6634
6220
2921
8972
14588
8385
21463
14667
4694
12769
24754
1307
18289
14651
4001
5369
13729
23724
15830
18085
25466
24132
1859
953
18752
13022
2494
12390
7447
18416
443
18555
2283
5172
24950
3888
846
12339
16105
7561
21901
18200
18877
3262
17941
206
3158
18490
270
17675
23887
13828
882
1263
498
22410
21934
20319
6781
18188
22871
6212
5939
13999
2949
11251
1167
16246
9643
22300
20920
23958
12796
14751
3155
8052
6421
20088
4826
387
2530
8152
5680
6339
713
11442
14529
17294
6629
6946
21497
12411
4170
3172
1780
25146
24118
8158
15656
2564
2584
6206
11504
1356
5202
9298
