16357
20045
565
24053
13993
11437
9144
21619
4214
18562
4217
22632
2263
1904
20942
8691
23240
15672
17251
3748
24013
17664
2425
20919
21420
19269
13818
22348
689
18242
7562
21547
21595
9282
16818
2128
20552
6917
5046
12325
2952
15367
15775
9689
4763
10244
14505
13161
11181
5709
4421
4899
4033
24681
24178
8838
7415
994
432
16933
24846
3557
3125
1279
11157
24845
21130
25416
1750
3873
8403
18433
14510
17906
4884
5666
6694
5862
7449
2342
1737
10268
12759
6371
5794
23431
14847
11218
23447
6331
14813
5289
24982
14421
9592
5610
19372
18862
958
16351
9314
20543
5554
17625
20183
23268
22386
10832
17241
8451
5807
6283
6717
2266
14235
20574
7029
13009
