11327
22233
17745
1780
3108
10339
21197
19510
18618
3212
6774
17286
4617
13622
10385
17548
12408
8214
2210
13205
7174
1898
22567
4514
5822
23012
1844
23238
9096
3194
19105
4981
3671
25357
15537
1462
10063
5316
12197
11977
10955
4396
11836
23921
16193
1167
11763
6726
19740
2585
3129
6244
23203
775
4742
6955
14115
3492
21478
10568
21259
11135
367
17602
19049
2957
7070
3097
7515
8046
9657
10256
6788
24704
10142
1141
5320
17919
24686
4472
7853
1626
9931
23439
7872
24284
5786
7541
24528
13807
18005
4046
4498
13016
21014
1018
10790
13111
25302
5099
15099
17189
3415
7737
15637
25077
14209
25178
14962
5618
18681
16644
5690
566
3604
11239
5443
