5649
20098
16516
10348
10446
6012
15675
3705
5985
6280
2572
10453
174
2242
12541
10698
22115
3526
4714
9344
952
7848
6845
15198
23688
3889
4389
16528
8855
9805
8203
17583
18223
9822
4832
6001
17248
10323
11982
13704
14237
4368
16949
10640
5801
19550
2267
23241
17004
5333
7063
19724
5497
11035
9723
20462
24635
6666
6305
7692
21469
16327
16433
2459
23923
3541
18743
2545
3694
22182
10247
14661
18958
24402
2941
13217
3158
6816
16833
22679
1666
3397
2512
6456
10864
4843
22864
6448
9491
5366
3648
23650
12142
8529
4889
22055
4808
25428
3789
23289
19122
3679
23135
382
23794
10130
4056
739
1006
24097
21160
5875
19324
