1868
4194
12617
1500
11670
933
9806
25148
5557
1097
13267
9916
24671
670
9964
17808
23818
13480
4847
19539
21179
22041
2630
11064
20823
15749
7135
2289
4903
6882
1449
23646
8782
1929
5274
8036
5880
9530
6697
15235
4089
7266
7509
3671
17516
6723
1541
13658
23010
5413
15325
344
18588
6628
9518
12276
12035
3213
12558
16323
5384
22498
21618
6068
7889
3261
4418
7740
12823
21738
17455
16640
1992
208
3032
20549
12520
23340
1203
4293
2232
2008
4611
1300
6511
21312
1422
17087
3071
3865
7726
11038
23635
13078
4552
826
10883
6273
19718
6717
16685
2662
16824
9764
14137
17776
5428
22501
22390
585
23583
9796
4985
11386
17821
13088
895
