578
11040
13503
1975
6093
23540
786
6231
24100
17699
8940
590
7836
2254
15234
808
6387
20132
2993
6820
2490
24140
13956
7616
4435
4290
6758
506
9891
12097
2978
9864
6026
16892
6467
3474
20056
13337
3052
5151
12607
4244
2827
2876
14826
1596
20393
1781
9882
4897
3517
15906
3675
4584
2073
10621
22030
14558
22618
13321
16249
5054
7136
8331
12741
14704
44
13384
6700
5863
1987
2677
5076
1127
23305
12113
6782
282
23959
20967
11924
13058
21016
12388
1180
1009
13053
7517
6062
4522
21087
19283
10896
3048
1159
9217
11097
1200
15535
3812
5495
5080
5959
10886
6197
4931
21990
3847
19126
1865
19307
22610
12947
