14962
5699
15477
15943
13741
17649
1030
5781
8965
6191
13505
12973
23511
23095
5089
467
16890
5064
2936
24570
986
21109
13657
7060
25155
14403
2394
776
21032
15964
11461
16124
5948
9987
6838
23289
13795
7591
18302
7042
2439
2408
6854
22963
6436
3623
3285
14505
6483
16020
943
21392
4779
6442
24093
17462
10568
3268
8310
12422
5037
21848
17573
9321
13250
20819
14840
6812
6380
12797
1219
14044
2012
12250
11528
11950
23377
3079
23471
61
24011
17085
10124
11431
6739
1952
4986
20047
1601
19239
15293
9906
9210
5720
13053
1119
6921
24935
4339
12803
11499
17079
11767
11922
11752
9241
4833
5841
18897
17555
5294
16376
5831
1368
8901
7181
11284
16011
