14635
15890
1156
22125
5135
5585
3029
6741
2185
308
1969
21655
7136
2723
10187
24834
2133
8051
13753
4726
1872
17347
1467
16492
5378
5428
6496
960
6971
21297
3048
9474
4893
15917
1756
14590
4592
4185
4009
2929
4327
8401
19432
3788
22979
14825
1522
9354
1201
669
24362
24414
17483
16829
9629
8019
20971
9991
4393
12652
10338
24718
2109
15940
2140
24886
15313
1105
1240
21695
15950
5531
1214
17906
3735
3973
4757
4326
7068
7530
12178
23064
5262
8
4500
24562
22786
25386
11411
17383
3577
10336
2000
12043
24676
14511
6652
5706
1394
8736
6921
8914
24736
240
9056
4007
6918
3295
13057
21843
3149
21171
12549
22666
9769
4961
14113
