23764
6981
10444
6454
4010
18043
368
3083
5120
18942
16377
21700
2163
4480
2089
23271
17041
7896
24001
16888
4783
5955
16939
281
3219
14934
21645
7255
7612
24112
16021
256
13639
14224
21340
14695
18666
6882
23728
7294
23812
16431
5861
21317
23219
21693
24843
1096
5397
15583
6104
7501
6929
1435
9432
5866
3953
1359
15240
594
22816
11801
17962
7698
20077
3908
1118
14171
14135
1538
22480
7203
21988
8104
16829
2245
15945
11107
4335
24219
22998
5850
16218
6413
7500
21310
6814
15573
2918
4512
4606
7575
15187
5582
12382
3961
15116
13984
14896
3937
1242
4169
2464
2770
9392
18751
2942
19736
3507
12649
24330
17326
768
1142
13067
15545
23627
19623
