21363
8533
3660
6429
2100
14764
21910
23037
11594
24333
1611
10641
17458
20913
11808
3793
4983
3649
7650
21369
5095
6603
19154
3775
5539
4852
18074
15703
3900
24002
7292
18352
8596
1681
3256
6073
10939
16622
546
3435
3681
10439
5041
207
2971
4915
18480
6221
3846
20058
1981
49
1519
20216
5755
807
8155
21031
7125
5321
3344
2009
21524
15294
5230
1285
1754
2308
5274
20126
2144
71
23720
7482
4372
2927
130
15160
11741
13273
7945
9983
1023
22917
1995
17089
8981
19808
3188
4250
6733
22877
5412
13219
6892
11387
20676
3130
21131
20793
7060
2709
2774
5707
370
7332
21212
391
1285
24927
7365
2563
3773
1248
18536
2002
9169
