5889
2591
6071
24697
428
5269
390
3589
23263
5601
2885
18066
11010
13602
11547
7204
19466
23644
2532
867
22470
201
1170
10992
24537
14793
11170
20111
22696
1130
8161
17627
12882
7648
14140
16272
8709
14112
20538
11157
6919
11577
17902
24539
5634
4053
13225
5691
23378
21888
49
1920
10471
17046
4095
14145
20457
6534
9039
24839
11277
21483
22559
2115
8226
13019
20002
13990
24890
18770
5338
24016
2731
24258
5258
1265
14980
22726
1635
9738
1738
3425
15705
15014
2076
6564
3475
6053
4497
4949
22220
19063
7115
13101
12534
21736
16583
22418
336
23633
5236
3605
23400
14096
388
1258
4856
6402
3800
806
24883
25301
11179
14768
