21356
9988
7848
4418
4165
23995
6557
5195
23118
725
5775
22804
5462
21366
25459
7915
18840
737
10317
12606
17765
7068
21478
21060
18325
3257
14984
21258
4397
23795
25018
24307
6301
6710
7289
3872
2540
20150
10314
2132
16169
16799
10453
2863
583
19863
6135
21723
18812
3778
4518
341
15883
6477
9581
15684
334
5710
4110
2705
5412
1172
5907
23928
7191
10091
5353
13441
5113
6162
9779
9212
1560
5652
5373
15959
4240
23674
19179
384
1627
16910
3579
4094
22789
3201
20792
6797
2456
3396
24940
5473
186
17664
5527
4532
13739
17652
19508
17298
585
12979
6565
11174
3237
6171
9280
111
2933
10480
13173
6562
3505
407
2119
10866
4384
