19189
4683
1331
3142
3474
6984
22820
7148
4513
12147
21756
6208
4407
17950
13164
8054
19138
7505
3840
12557
2902
15622
3545
21622
24171
9884
15536
17984
24032
14282
3355
3636
19851
15373
4473
6780
12440
11624
15699
13695
24925
9756
3978
3886
5034
720
9632
5139
23650
13139
21243
18236
4799
15462
1641
23644
10680
1472
9529
3807
103
11576
2327
260
3321
13419
8035
25116
6597
9841
25217
11893
21180
5941
19394
17931
21002
10443
7827
2259
22
23590
14673
16755
466
4927
13235
15850
929
17154
11154
6579
6225
21499
17021
14086
25520
13203
19319
1059
19085
5949
10194
18412
3123
2089
21941
18043
10155
5365
11468
24346
3350
12322
19592
939
14796
12825
14451
13846
22284
