18925
13771
20505
5640
2925
5845
15299
19485
25340
20583
7618
18564
4966
22615
20991
21725
22976
15617
18680
18625
12958
6564
14969
21943
1359
15619
1262
1101
8123
6846
16687
25533
23985
17110
754
291
979
13073
18852
1467
18575
8465
9061
227
3422
7459
6629
21991
11292
15298
9630
19439
8093
2754
6469
19596
11915
14061
22425
17866
896
25153
3958
22053
18360
10284
17799
11169
6167
21377
21249
4075
4031
17613
1907
9963
265
1736
2240
23442
24296
5163
25206
6782
15084
19753
14107
4158
7036
7490
5241
17404
23096
20565
4596
10470
19609
6247
1295
2283
7575
17085
99
4778
22504
7797
4531
2324
7840
4114
5156
19705
5861
22784
