848
11160
3375
5577
3439
5150
1999
21443
5443
18201
2600
3471
18713
24330
7521
20734
19452
5262
20354
14894
387
21927
5453
3391
1788
14157
23447
22054
23569
24344
18664
25098
8303
17999
4635
12499
11014
865
10902
16507
10329
24389
5602
24104
531
6950
23146
17420
5749
471
20358
802
4087
7203
25352
3696
2134
5187
14442
5244
9517
15195
20037
19614
6972
12459
3031
5218
7109
14580
21597
478
3604
14222
4649
17130
23671
4181
3243
7575
7248
3934
17503
16137
15072
10541
7351
14226
4668
13970
5843
10578
1740
1469
1517
9419
6099
4390
3589
14081
16073
22328
17956
9955
14095
2688
6144
25205
15780
15538
9440
7238
6784
24729
