10276
5543
23634
19515
3536
5512
2953
21323
327
16532
13750
5777
4768
4865
4297
22979
24374
928
11550
2387
18711
6050
24534
6304
13236
6296
6771
3946
3554
1931
2726
18275
2857
16621
2050
22870
3386
16890
2323
15031
15640
4255
2987
2871
21925
20876
19742
4926
7059
757
1429
2940
2172
65
3564
2869
9040
14519
20627
8892
2615
5301
20100
6316
11226
2824
25316
18802
12715
804
14012
14185
6104
15423
21731
15083
5298
3815
3171
7145
964
9922
424
13111
10974
5634
3171
25113
5224
2739
7014
1078
6322
9775
3464
15383
5870
12088
23193
17267
17229
14920
15798
2157
19913
11856
12067
6177
4045
19787
21220
3622
1257
2487
2876
23738
4520
