2971
10249
9907
11700
10309
18828
23835
2411
9861
1013
3144
14121
5841
11851
15884
7799
5339
3147
14159
21905
23632
1598
4103
10776
15647
350
21766
11739
727
23198
7125
4227
14698
537
1081
10367
4559
49
4150
11634
1701
18592
4870
8313
12153
14680
12627
877
13790
12629
15668
4957
2556
126
5901
24192
6954
23451
23526
20895
23781
7816
16759
8098
24919
15687
2089
11895
19299
664
18126
20732
18647
21279
15280
12293
22454
18997
1537
97
15097
20639
489
16057
8507
2881
21685
17555
5496
20526
6434
22075
5231
1288
12268
2518
19967
665
15957
13480
3375
20821
20435
9448
15665
24519
17020
2753
8771
4627
561
4666
12859
22080
18260
11427
14761
1744
