24142
21227
7026
17256
9497
1951
20175
4168
719
8611
10239
23817
17856
3334
22196
5617
6872
24371
4539
15001
4116
4290
4893
2697
17993
12087
25155
256
21020
1076
19701
21748
19726
6616
4531
17699
6202
13008
14365
23856
19645
15507
6986
15636
24031
6947
8951
12179
1671
5615
11555
3077
15674
988
10020
7488
274
10053
22459
61
8039
10931
22628
20311
21361
16660
16059
21006
2059
4353
4724
5496
14978
6039
18520
21253
14531
499
6431
1397
22024
7127
19848
4323
6111
2152
662
18530
15448
647
18871
4599
14292
22799
15504
11987
10945
3886
2945
23681
12422
11176
528
2769
13649
10515
191
16749
5831
13212
17967
13643
4895
6024
22489
3484
15086
23873
3463
23217
16511
