6616
24399
6512
25077
10759
11415
9890
10413
3334
8775
3987
7018
1517
18980
7070
13371
8712
24488
15343
5334
22554
16537
18480
20418
24864
19474
3175
20493
10277
12879
4089
653
701
13174
4765
3743
4068
20347
5796
6581
24271
629
19285
20608
11395
17825
23339
2785
23788
10948
10438
10002
3143
12346
2628
7175
395
11762
931
9638
1218
2224
3148
10637
20040
3614
3045
20851
11921
5618
471
16668
20357
15876
14093
4375
15135
23756
10049
22363
3085
4158
5273
7531
25282
4022
20756
18487
4525
3074
19711
3270
22020
6971
13058
10424
22125
1706
4108
13895
11527
2098
16491
14242
10590
1607
5215
15557
22469
1934
217
19959
5111
16287
5517
25487
3496
