18076
7130
19930
15167
1527
17138
3045
15930
2230
15038
4985
13605
11401
9017
2212
116
2581
5528
368
4742
1578
4276
3856
910
6637
17960
25113
17235
10467
251
9518
6807
6383
18075
4158
8455
6110
3873
5063
7830
1304
17604
15825
17329
2193
20535
21659
5951
20028
4700
3280
7040
6491
20921
948
229
14012
5253
18263
14238
6128
2404
20076
751
6564
13475
24143
20468
3145
14117
138
6372
19520
20216
15215
7218
3533
3267
537
11674
3551
9427
13005
20130
9115
4673
22129
20743
1757
18937
3673
1797
10081
12108
2695
14385
17726
5839
3348
12860
6283
147
6257
3913
11835
5912
24531
6182
3102
14802
18439
1802
24439
5814
6815
11785
7478
