17143
12034
15313
2426
9436
1370
23544
17611
22622
20241
6511
14542
9200
6265
15880
11979
9941
15198
1124
16405
20680
2885
1978
4580
18641
4515
9189
3754
17706
6795
17268
4114
21145
24330
972
1662
3102
43
3971
22825
16914
4297
4638
24080
4652
25358
380
6921
2894
25430
3782
4156
5699
10862
12772
3917
5833
21350
2568
15983
6264
24676
4109
23551
16392
3386
25512
4765
19110
4936
17201
801
17476
23815
14500
4719
303
10490
3375
17887
9820
7773
18353
3724
8464
20232
7592
1285
3629
11428
20739
5221
4544
1825
361
5620
7791
21323
1830
23702
11409
2426
5130
12487
25249
15732
3318
15186
11280
20503
2646
25059
16556
552
4312
4448
7416
