23422
22898
9007
277
18785
1900
23414
7402
1620
24654
21850
2982
16869
23331
24103
659
1311
24011
8403
2091
2983
23580
16379
16173
7518
8917
8163
10022
14701
22424
24307
22251
13288
9430
23
3972
23737
6080
17356
22014
3060
11754
12758
22548
13868
4799
21106
488
23019
3341
6158
17481
303
7211
5456
2255
4018
17966
14438
22724
5713
5182
24669
12674
25508
16798
1902
2687
14302
6053
7287
2838
10315
6361
2974
3019
9299
12251
23541
7789
17991
14595
10211
2785
22026
898
6241
7185
5511
11724
12390
2812
5556
1460
17748
3617
25363
13915
10435
2170
11064
9731
475
1814
15652
809
22334
13508
3311
368
18352
21051
1790
18575
4378
6485
4100
