16658
3439
8191
4317
16853
24540
14577
25493
14226
12947
13313
17374
4067
6067
19513
830
9726
2627
2352
4645
17671
3809
6254
11581
8318
1400
11666
24751
10533
11100
15055
1893
149
19394
9199
8523
4901
8766
18393
12650
1835
2021
5059
803
10109
9978
24304
4715
10113
2383
5548
9036
1851
7190
1265
6053
7349
4378
21904
15393
3943
17111
10748
3391
9896
517
24115
14606
5745
1803
4586
17024
7772
4107
11663
4182
7271
8866
23069
17826
9576
3182
3955
19104
2218
1079
21229
1856
21985
2367
8937
19645
16223
22184
5390
2585
3948
9087
9528
2344
20134
22994
12428
998
6283
6334
2086
12478
1180
23307
23621
3745
1834
935
11651
24658
11242
3858
