13382
25117
12669
7912
9242
8659
6976
6949
6926
8945
5643
2178
15298
1583
8501
15505
5514
10484
7590
2630
10690
1086
7933
37
8516
4131
1309
6721
12805
167
4209
13954
13421
6069
1909
10166
1390
10261
10701
5838
2656
17451
10475
23104
219
1423
2155
21240
17923
10981
19439
5820
1721
15985
21696
18474
15529
1642
21119
8567
8585
10008
3882
11623
2994
4270
16266
12607
16866
3904
8717
17830
21709
2418
19158
8218
17320
25432
8660
3478
21200
263
4267
6751
4138
5628
24427
2426
2384
2364
17008
20241
12575
9385
6164
827
4365
567
22062
8274
320
3806
9915
18432
14778
15222
13942
21212
23600
16549
12736
22723
22177
9208
3840
15848
19939
1679
23934
3029
20890
