2231
2998
6207
17229
5642
5886
12061
1672
10346
5432
6556
14848
22555
13825
6797
18479
25269
554
18088
3350
6678
18992
24929
11411
19550
14477
1523
5717
8405
11766
354
8401
2556
20441
23622
5963
893
17598
4912
10009
21769
9105
415
16139
5224
3899
5726
1807
18507
1283
4279
1093
15318
23086
5151
2928
4015
1431
14107
7266
2856
3061
1715
16668
6534
6784
357
15047
2591
17933
24527
9698
17519
1130
6581
8947
22513
12473
25422
19390
4371
21916
1450
22854
23360
4104
7646
5483
20852
19309
22143
21228
149
227
9032
15761
22687
18096
19246
9646
20011
3209
8657
8636
3927
2458
3489
14455
4963
22948
4905
22084
12448
19146
14843
3839
6455
23307
1948
386
24364
