3435
10164
2264
15639
14717
4159
23752
8621
13517
8538
18725
22913
24254
19889
11249
2209
8571
22501
35
2067
21876
7854
18307
23108
12783
22523
3411
15171
10798
15484
8879
1053
16314
8983
4067
7050
16167
3065
8792
10826
3582
7478
11911
20197
15331
3353
3436
13036
11478
6966
12361
4310
6809
19637
6367
6740
879
17483
13218
2112
2401
21028
18952
3357
9731
7440
11878
13817
4885
4485
440
11821
21013
23829
16137
421
371
23116
20898
8930
17380
2039
7769
7150
1319
18277
5563
724
9342
13169
3813
2662
6381
12322
14898
18452
6105
5064
19656
5968
3292
5862
18169
16150
7656
20234
6759
9790
23075
6769
13509
23119
7687
6165
8768
12599
1346
