338
1574
12430
15595
4093
686
97
25451
7218
3804
20451
22626
17626
8908
10248
6100
20995
6667
11994
23702
8435
12146
23529
23187
4132
12825
6935
13166
19707
3005
24601
776
15089
14769
10832
13330
4749
13038
5226
23973
7221
9184
10746
5143
11783
17458
22257
10232
14388
3578
3895
22038
16473
22311
4025
683
19447
1442
815
15175
15719
5656
1430
21065
7936
5260
17818
12815
23995
771
23223
19178
4626
5338
14271
18001
3366
1146
24942
17822
7189
11868
12692
4701
23270
14542
3013
15642
18544
10973
7051
11711
1765
4370
23425
8784
9998
674
13298
7752
25366
5864
21022
19253
11958
15731
6986
18146
24492
5037
24864
113
7624
7250
10287
22763
24169
