6780
6062
23926
2006
6363
1160
10628
20359
6687
19194
1498
23906
2948
25437
18240
4082
5762
18502
251
8288
3437
17186
11354
4666
16267
22513
10710
14824
17781
7307
15134
6881
13482
4689
22046
19975
19650
23975
6920
12955
9956
3688
1875
20397
13386
6647
23186
585
1974
1150
6769
12444
9647
7609
15221
22439
11430
6600
5065
4352
5125
11447
18091
3600
6517
4480
9662
3139
23922
5402
2671
5268
5538
6199
2453
23440
5992
24482
11585
18253
1574
796
5310
8298
8780
216
7885
1151
3908
3380
1096
5702
1005
1710
18209
23532
21292
2101
7942
16893
2551
19137
14281
15854
8455
6584
274
8632
1918
8453
23080
4248
6235
13234
12686
16603
1380
2164
