9091
642
122
453
23845
13538
9390
3984
679
3725
6735
1467
20015
1563
22242
3833
5010
22247
5598
10692
6870
10931
15695
10710
22073
7534
8015
1223
4012
17889
15616
20398
3191
2972
22744
2576
3155
11283
14617
2202
16240
3235
6036
4454
13029
4704
17488
6183
6596
21151
4919
8233
6289
15870
20439
18652
24508
8818
2487
75
4357
13662
23385
95
11262
1309
2322
6239
20966
3204
9610
6590
1195
4954
1228
3815
15744
1531
23594
2049
2635
6075
5130
2022
4994
24389
19159
5022
10250
15724
1079
21756
8694
597
3208
2609
17492
13465
2401
5852
3913
13255
15114
24948
3004
20782
2868
24638
25236
17342
7933
22505
5490
8404
17925
18389
23436
8593
24328
2225
11336
