12396
6141
15723
14385
6250
2368
20419
674
18771
6651
19274
8677
15090
16674
4705
19940
5695
5970
16590
20779
69
17597
14548
5916
16053
4716
10685
1312
22451
17787
2713
23043
1718
4167
3609
1045
15315
23816
25174
17865
25465
3984
4722
23174
24931
16039
2300
2906
14710
18176
17512
2557
1284
466
11171
7037
3113
7101
12070
11123
3032
17915
7019
43
8304
24751
6385
4523
20596
6571
24510
53
18484
1379
5768
23329
13972
268
776
23434
4812
14601
15240
9336
1374
20461
13698
20944
6644
13779
19016
13710
2392
8474
6077
17530
8794
21686
151
13373
21378
5320
20526
18689
19515
19560
14565
21114
913
25522
18455
23001
13848
17398
14072
7040
23984
