21287
22718
25010
24375
14282
12003
5395
7488
6003
18248
570
1767
4452
3363
438
9929
12173
3152
4011
9623
19227
12671
18813
18235
1733
1159
25163
6524
5368
15350
22429
20719
479
21892
21324
22056
15987
6322
12628
970
19151
7607
20690
4986
4357
12142
5733
15389
60
9252
7359
6822
18128
4638
5642
8899
1054
2148
24292
1050
18750
4922
15844
24038
6947
3912
22167
4824
17592
313
18969
16439
7524
17789
2379
21834
22463
15332
21972
5392
6442
18840
4148
25526
17521
25509
2903
17287
3995
25241
14720
740
7973
2435
21206
6637
6119
15191
21474
14058
6981
24494
930
24829
7341
5408
17441
3858
11750
1365
5215
6994
3047
1030
16833
11458
22692
