1520
2479
18126
374
4812
18023
7759
6834
23956
3771
17092
19776
5538
23189
20183
5579
21398
6489
226
738
2951
6276
1390
2011
1215
25071
17888
18696
11159
4259
4756
13215
23076
250
17334
3025
24445
1330
13634
18502
14189
884
18516
4072
25440
6566
12268
481
3996
6754
2939
12594
1379
764
1512
19456
8935
11813
20406
4906
11152
14149
4004
21695
4693
139
11986
16948
7574
586
10700
15675
3946
20166
11720
7198
7044
16953
678
18637
3254
333
5907
22114
6699
6328
15277
3629
2462
19783
144
22572
22240
3275
13593
9868
13570
408
5852
12656
2069
22090
8864
24071
14473
6617
12812
22919
3283
3767
18626
25303
19861
6510
4843
17127
7368
24854
