4411
4905
5725
4225
5130
2488
5385
14790
14930
7645
9402
1383
19129
9784
6543
23067
1676
20333
17854
5619
21420
6696
25038
5727
2708
9380
5417
17372
685
9007
19401
1649
19778
2636
15367
2201
4994
1244
7048
9989
5467
3022
1216
5008
22863
11554
3271
9800
6320
4742
2397
24100
20825
6840
1335
5008
11501
8946
588
22989
25471
120
16922
4020
4843
3466
667
1516
3955
4430
2587
6632
6652
4114
14138
11543
4314
4968
23746
5065
1822
5001
5792
5346
10792
719
8639
7490
7181
13017
720
8127
14643
12939
23128
2890
21476
1362
1892
6556
4416
24716
20333
9649
1462
13345
24365
19317
137
425
17370
15148
5347
14069
16336
14704
7341
152
