4683
7976
10565
3957
10339
19687
14881
4544
13080
12305
2699
15425
3110
18151
3376
13276
13103
17578
5864
19354
20697
21421
14972
2434
2718
1786
22399
1278
22687
5957
22347
15410
14467
10193
6745
25099
21958
25221
5619
1530
3815
3769
8754
16367
6297
7108
4716
10922
18276
2504
22110
3485
12182
17717
3911
13621
16478
6776
4011
6680
13617
22136
13634
2855
4378
6043
14851
13514
25232
13305
17100
7347
14829
5371
8170
5953
20027
2689
11562
5399
21349
1737
7221
1654
7051
21253
17344
2566
16149
3346
18679
8188
7500
8258
16768
11284
22346
1914
12024
2252
8596
12841
7093
4840
7954
13992
23243
445
1299
13133
8711
24526
3695
24429
6658
9699
3737
