2430
11634
19352
15132
3251
19737
16407
4642
15842
20053
20957
2458
14107
986
6172
21882
1570
18074
13889
4984
13152
599
2372
1877
20547
4536
23424
23425
20274
7710
3695
11930
3563
19363
4816
20766
3812
24023
25328
13091
25268
24731
19576
315
16892
7326
12450
3704
21928
15917
18266
17555
12848
10724
13169
2262
7212
663
16709
3398
21662
24211
23135
5414
15832
11524
9750
2311
5471
19378
23365
3662
24141
19629
16791
2219
5532
1985
25269
996
21245
12840
2410
1714
1836
20581
17430
20009
24735
7856
16793
278
19779
22093
10441
12040
19970
4232
18023
3484
15218
20805
16974
22624
5439
443
8618
2421
6730
15990
5128
3200
4860
9600
18425
18595
19006
4157
6020
13096
14069
