6032
14009
2409
15564
12519
11773
18731
252
7828
5484
5543
24382
533
20860
5187
4749
776
22147
3765
23160
8320
5834
1360
20257
12859
8334
15347
14923
6837
1738
4110
15523
10227
13696
18780
9049
9707
18490
13220
2680
7923
12243
23704
852
19975
20136
7405
5970
16477
6041
21030
16542
9749
6697
18459
15763
21617
4303
20884
1665
5063
19069
4955
516
3755
3240
6367
1020
3727
20021
3289
17901
12081
5420
8200
10721
23938
4936
5002
4542
20409
3233
62
22969
18273
14346
9152
7085
4991
1682
5712
2470
13275
14612
1772
8533
22253
1826
20422
217
20117
1699
1091
24397
24628
12988
15569
23871
6485
16811
4180
20348
3709
3087
13204
24772
7462
20563
24778
15519
2759
