24351
3730
16768
2618
10380
23816
15257
11662
2392
24659
18631
19589
22646
9382
23763
21176
21898
2901
5647
12908
24784
2541
18472
6
19607
19716
5409
6680
4219
3764
18804
16266
24148
6489
21635
6253
21400
25443
5130
11449
24168
24843
4111
19434
16649
22373
9647
327
22473
7249
1672
19639
2577
14961
21077
4996
6797
8179
4777
7366
1785
15954
6175
21541
7251
6713
3663
6048
6288
19120
7492
16030
1155
1177
20289
25365
6158
2354
925
15032
411
936
6273
23989
14719
18413
22793
6918
17783
4409
5938
4315
2297
1269
1761
25118
23131
16793
14231
8024
12689
17009
17036
20140
4444
23823
5182
13651
1938
1176
6401
12186
4291
6359
18771
5440
24102
