147
11507
3597
421
3908
20464
10484
1907
7514
1885
712
5009
24726
20135
1564
23300
24690
19867
4409
7627
4230
19765
10025
22591
6498
24092
13601
20332
21089
11409
12930
8565
1853
2041
17698
9005
17418
5743
13293
2593
5700
15179
1747
7272
7624
11475
23048
14698
7806
14575
24045
23469
25404
15130
2606
4451
5009
16857
6658
20009
4675
266
4392
13789
9805
18538
6075
23913
21513
22082
20805
724
816
8119
3102
8293
11158
4471
4421
4648
22657
11035
6682
2604
10131
3992
7251
1873
8313
3914
4082
6923
4399
3082
3788
9178
14277
24873
5683
4038
7183
6670
1658
1240
6436
22270
21297
4565
5825
25141
21386
14082
3864
5003
13940
1078
6790
