13714
9724
722
21813
18668
3137
9437
15298
15753
9279
3725
116
1296
15430
22680
14571
11491
9972
10829
1338
17391
23833
16281
11225
2910
20038
89
4642
12133
25470
4078
14529
22484
12314
10433
1593
12770
21410
6701
16094
21485
2675
951
12255
9863
3199
5774
1967
6492
3330
8925
24650
2399
1656
14450
5228
22009
6713
8986
7039
9931
4640
2078
16125
24847
921
9496
18490
19565
1735
1639
1781
1693
14779
2654
24508
5390
546
1347
9400
10769
3152
2218
7803
2520
6097
19144
18294
4584
15159
23430
13132
3184
3962
20341
10726
6238
10420
3758
3187
23472
1632
17147
16663
23239
2008
8600
5420
2630
11829
11739
2295
1602
3393
21219
4509
1237
