20915
1534
10059
24031
7972
13219
16062
24124
5001
23953
13943
4956
1266
846
4738
25188
4004
5016
23032
16476
6106
13363
16296
14672
6633
1147
6389
9126
3635
14278
22708
1984
2504
14357
167
13355
606
4695
25161
919
20222
5239
24864
21021
19435
6675
1122
8952
11815
2860
6805
4745
5195
2251
14639
19786
14874
19254
12628
25077
1593
11905
6718
2702
3995
3271
2827
20431
6607
7817
697
13086
1969
13066
822
8894
7011
25060
23081
8297
22510
6142
6828
5729
1103
9807
10682
23804
24314
8524
10022
3083
3940
2538
22926
21361
14594
6606
1181
11151
1451
16091
17604
7098
6522
14300
17434
12344
24564
21973
1367
7575
20792
1347
23507
6274
4629
