22965
23617
8430
3948
6903
15520
4132
14688
4818
15204
16820
16933
21662
752
20161
15944
20822
15403
2600
15658
10576
10935
11167
24905
1791
17224
463
10855
17487
6953
2870
2937
16163
23619
5561
1594
24436
2084
14516
8189
19704
1302
18025
20406
21619
12638
5948
17944
6472
20828
23157
14664
19894
4426
13476
7048
17363
13872
3139
22274
4970
7133
2083
25343
3095
7444
15208
20656
11409
6510
1384
13406
22298
8978
7218
4232
10953
18392
19694
4342
2329
11218
1001
4030
16326
6374
23710
8515
6774
4691
2854
5460
5707
14336
15893
18469
18006
22370
22896
4173
22607
11283
14383
21349
15325
21251
14777
14576
5898
1765
6972
11176
12461
179
22476
20606
21017
1887
