3110
16564
1291
4073
14082
8430
16875
16664
4885
14893
18550
6635
20307
15999
3483
6501
22917
5453
23924
1514
6243
23951
8840
5548
3340
19204
10675
15378
5955
6490
15306
19766
1187
11425
16413
7322
6248
25263
10295
4164
24359
5375
4006
4431
5878
19198
1891
2959
13920
6478
5332
16222
17448
6453
24074
4982
16130
14123
2126
14023
24858
1963
17643
14277
1765
1485
4011
8662
13680
22204
6804
682
6241
691
2423
4732
20011
6757
12575
2945
14020
13052
12349
9095
4437
23534
153
10025
3870
21182
201
17692
2435
441
21773
6046
22932
5195
17017
20544
2335
22038
7104
15566
6276
13319
24498
17723
4506
24693
1335
17224
7464
9834
24113
24389
23131
24101
