6985
5954
2736
12391
681
17305
7002
9709
8940
6777
7870
9560
22042
4137
6127
11494
20408
21508
4721
10808
2950
14907
4238
6259
23639
14670
15190
9074
21918
16637
12707
9554
11539
6087
9426
7179
4720
1086
2355
5564
25299
9982
8655
4815
20924
844
7261
14203
2818
14797
7011
6973
11900
3256
5553
15852
20560
2410
12607
10761
18214
24443
22815
14751
10598
22884
1619
10413
5966
5392
9933
22052
2671
16748
21694
13484
6833
9718
15172
2616
5049
17043
11276
12707
2673
17504
240
14819
17173
1308
1031
5720
3214
21357
12515
506
8760
2289
2588
3859
22474
9668
8066
19729
5265
17997
16993
18644
21192
4177
20531
4240
5332
5988
21660
1533
10679
6984
13196
24632
4083
