21945
20540
21643
3593
206
1179
23796
1884
20363
19747
3455
15396
18094
24160
3492
10498
19359
87
3986
10553
5388
3986
24973
4005
4421
12057
22061
3228
7023
10904
9816
6541
20255
1546
11342
15933
384
16723
9604
20282
861
18404
16238
1012
23953
5118
21931
5265
388
6904
24261
9212
4020
16915
2623
22496
19724
10910
3546
9212
18288
5469
9058
16948
4150
3945
13655
23725
20178
9656
15809
949
23187
22033
21110
10472
8056
9121
25379
4630
13374
22629
10024
5868
8157
2268
14814
774
20154
13726
1651
6033
14290
18894
13589
11907
13117
4066
4883
11697
7020
690
17563
2152
4430
8258
6620
8205
2915
3473
1320
6331
24215
784
13063
10057
4287
