8003
3788
11578
4002
15871
5317
2575
22540
19937
10977
14161
13510
10446
8327
23829
19037
14085
1304
19114
5586
2154
8775
19446
3242
4443
8986
11872
2137
5586
21350
5192
10822
14093
14047
19072
2603
8807
9452
6074
24199
3441
13340
22364
3034
10652
20968
6518
11022
3065
3488
3816
1938
4304
4229
2584
5150
5472
18542
23214
15214
14850
16720
7476
13432
2940
11622
1555
9135
13182
8231
1216
2600
89
4938
2280
14228
1286
3998
1735
6395
361
792
10853
6488
20963
15272
11575
13532
7473
530
19729
14475
9167
382
4312
6104
15972
10038
639
7534
7245
4848
24776
7821
8864
22599
18726
6709
9478
16647
15070
23660
6248
24124
8326
5924
7617
