24099
18433
7472
13376
13878
10926
5084
2123
22329
25513
20429
12285
2261
14439
17992
13955
23712
17433
9408
20986
10711
8054
4540
3947
5039
5271
13493
18251
22883
6344
18657
7144
15190
24632
8331
1679
7154
10355
6615
10139
14464
7878
160
13033
10538
2902
25385
4986
1832
2024
21790
10146
23662
10306
8941
17967
10562
4394
4635
19449
9560
7251
753
7366
6034
16964
617
4465
4926
7445
15380
22848
5222
9380
21006
18308
14302
935
8310
5129
10901
13134
235
2737
13048
8623
3352
10965
135
19134
20537
13840
1662
16098
22957
12588
18557
6659
13314
21026
5288
2238
18431
24736
12418
4338
9754
1313
3955
4598
22493
2117
20998
20998
9412
735
23435
