2291
9938
5259
14375
15896
17858
11009
6381
7729
7546
11148
15635
18953
18775
3664
8547
21456
6760
4239
4091
14414
23737
12062
2137
9260
3864
17665
23129
1592
2128
18819
2746
9910
4253
16605
16386
6275
18622
19545
1814
9008
5766
2034
4195
1718
23681
6157
18528
17200
11012
732
4305
12264
22265
4388
7042
16357
3003
1577
8369
5174
24207
20970
3104
5064
12414
7416
1122
23510
16498
22687
5334
10835
2128
7579
5501
8415
8363
14469
16921
3801
7032
1101
4074
1470
10813
18857
6378
7835
19081
5228
13105
3462
15945
22632
7894
14075
6413
6003
3654
8899
9582
22232
12888
531
17276
2938
5191
25501
15982
2754
786
6634
6100
18216
23160
13484
12106
