23640
9354
8952
21194
16338
11505
6007
3303
3993
1062
25407
2957
17351
3090
1833
13910
7590
6377
15044
20031
2277
2765
3632
20807
11754
2686
23751
25429
12760
4129
13207
1011
3342
81
16260
4104
14878
1368
1304
18833
1877
24530
19475
14502
2672
4909
14073
1513
2627
5945
3553
11537
13963
21509
14296
13900
25366
13323
25559
15317
4371
3940
25128
8108
2867
7719
11921
3377
23486
13223
10731
215
15286
4533
660
10487
4814
4687
20193
16520
11062
23262
22058
16772
4163
22516
2784
7844
1419
1997
13041
18592
22089
19067
17084
80
10743
2480
446
11619
9639
23640
13920
4406
15866
133
11242
2981
14586
23855
12198
4335
24153
20373
1191
20163
23144
