15986
2831
2239
24708
22673
4230
4316
23446
11905
13246
1662
15028
7925
16802
16038
17993
12629
15056
19993
19098
7163
10526
6859
13372
20306
5226
2947
24199
23198
6489
23542
4003
19248
23625
11810
10364
25207
3498
15821
7133
21332
8453
17274
3161
19448
12497
5595
5923
12243
5423
2623
16604
7142
10463
796
1786
4215
16024
8896
7228
18321
10870
7540
19456
11882
9683
15917
9979
403
14350
2637
24654
5998
2036
13199
23512
19896
13432
14759
1743
17089
1236
15439
14726
16130
4978
6012
2596
20127
20394
2313
4108
2840
2363
11407
5841
5241
17167
3494
8952
14987
15112
1670
23863
22425
7749
8876
4387
22648
2886
16302
20392
4928
6574
21022
23233
8906
15259
22374
10232
7106
