5744
1934
15279
14921
14373
10679
2500
1643
20070
16403
9029
21107
11551
11944
5252
12472
957
14826
3595
24901
17207
3170
5352
6456
12839
2134
2984
20443
13349
18473
13360
22538
15723
20948
2825
10773
5806
4714
10378
23608
8846
25515
2809
19948
195
1165
394
7154
9994
25044
18701
7409
21440
24694
18681
13960
2297
5065
3914
10985
20422
16091
20740
16482
12175
1406
14436
2825
21062
12795
17930
22444
23198
21612
2952
3561
1438
1060
2576
24713
21128
17275
12818
7258
957
15555
15147
6941
6340
5262
5014
22654
8569
2076
6588
20862
5978
3853
23183
23864
686
16033
4190
2257
20691
19320
16591
16943
22719
15884
3400
12509
4374
18274
8964
16130
4597
25032
5660
21549
7239
