15351
13582
722
24833
16101
3941
15043
8954
9285
1607
14773
20249
7076
19031
18967
1668
11299
10087
3149
5555
4895
22522
4188
2649
2857
2215
4912
16640
2742
6410
1374
19426
20269
7233
2812
24726
20479
1988
18122
4340
10724
1473
7738
13831
22080
1013
18384
1827
1012
18883
6176
657
15596
22644
3908
22150
15183
25073
4856
10338
3090
5795
19515
20916
13888
6156
10186
4937
15285
3170
1064
9777
5103
2731
866
16113
6946
602
10321
3209
23768
5545
9149
4033
22291
20762
21122
5183
12725
22747
1851
19525
21460
3808
22991
17881
6169
4478
20596
22853
9476
16684
451
2959
7540
4497
4092
20169
19291
3074
10880
14095
8690
7046
23190
10176
18425
