18450
404
2852
22772
14222
6445
7360
8931
451
24492
4932
1451
19616
6424
19138
4073
17687
10979
13806
966
24354
8841
21968
18489
11960
11871
19438
4232
1656
953
12243
4652
9401
14244
4235
6900
19824
1280
14734
2500
22090
1403
4639
10228
8871
22577
13416
4353
3554
14637
8253
20269
18460
2330
12585
16242
8497
17595
8620
161
17464
2383
7260
21150
25260
23804
4234
704
20684
4902
8631
7510
4078
1052
20245
14464
19297
13469
13765
5368
17036
2329
5903
11502
9539
9216
2212
13122
24389
1438
1732
876
21384
15749
4407
327
1909
19950
531
1157
16196
22426
2782
2478
2000
21066
16277
6966
13494
12860
22587
18050
18620
437
7138
14485
21605
