17243
6746
904
15581
2963
800
6062
3550
3060
17416
1278
6012
3631
18467
13163
24551
8137
6287
2531
15730
1767
3692
4186
3663
15136
5118
23639
9165
10701
13717
11943
22994
4476
21330
9513
25151
13000
3918
17879
15676
3003
17686
3958
25454
23637
18564
22544
7821
23472
15591
22997
5169
7715
17276
3429
6812
11040
12706
2229
5312
16761
4225
14594
10124
19837
20606
5262
1041
3905
10730
9552
24767
2805
11816
6871
8854
442
2540
10144
6836
17107
4608
3629
7580
4212
22610
24222
8344
14156
6236
362
9080
20969
7310
17841
18735
8815
6990
19323
8738
18250
2299
321
9557
3879
14495
20991
23042
3607
7362
273
12518
24571
11121
7561
3593
3837
3380
