3735
4928
1470
2052
20775
14293
22217
1098
870
4333
2276
20072
16714
3100
7449
8602
10288
24080
22765
7210
23197
9744
1918
6550
14188
21532
1790
11686
15885
14654
1488
23792
9336
16085
21406
5553
7467
669
3653
11431
19349
6343
20660
9768
1702
5500
13001
4998
8452
4651
4350
19160
2280
6334
24045
9063
25293
23670
19054
110
6377
1454
1031
2319
18138
15805
8837
4850
6705
22641
17504
15215
11428
20310
16670
12569
14127
12334
13500
11489
19321
4616
4080
7237
22924
22172
4923
5754
162
7273
19851
22684
1174
24491
4553
6828
3244
19550
15409
23829
23351
16096
5169
4336
20860
4768
21595
17343
1741
4658
20991
6635
622
5569
3646
5387
16269
