2400
9862
16928
8258
22861
2177
19336
8984
11277
5987
23076
23235
6070
5775
17849
18666
901
1367
5361
2465
4451
5795
12586
17933
11516
7617
19836
21799
14921
21725
5963
3270
4337
3881
2995
17487
3431
24540
5517
1361
1617
18227
9997
2473
15829
11354
6904
16132
7394
1699
4527
9323
563
13912
5951
8159
13132
4126
2455
11642
6749
5212
7888
5333
5821
23085
18472
1723
10707
10175
2705
16666
9800
15656
12831
3034
12116
19602
3111
12096
362
9331
1977
16900
17097
2422
24143
7259
11136
16026
5268
1801
10410
16427
4278
6913
22140
11346
24470
17187
647
23758
10791
24421
5197
12569
15998
6025
6862
1794
4282
20936
1580
71
5382
3777
1796
20459
4352
20099
3152
