23947
712
19767
4218
235
13833
14405
23228
1706
2028
16325
14847
15367
17022
10403
13737
14430
20133
12550
6582
18574
2730
8169
1803
2461
16610
1801
20790
9931
5712
13553
3253
25145
17853
21931
19232
20101
24243
17758
2532
14561
21598
4235
20191
16864
6937
9730
4791
10092
9604
14591
12334
15903
21660
21009
11817
6767
25151
4120
109
1863
9264
7021
8986
231
21687
17749
15594
2765
10586
23256
2776
6498
5948
9779
7208
11076
18782
8174
4192
4914
17808
20557
12450
21580
16953
24864
708
23282
11152
24288
13081
14545
23062
10988
1673
11953
4848
7291
6053
666
16353
13418
7242
7683
23885
13674
17988
844
21960
17294
18936
6775
10174
1695
24871
1257
8404
13312
3953
22155
