1545
17248
4503
17533
16611
14627
10149
8606
10747
2236
5319
6186
11635
15462
1777
4663
19211
871
24992
5147
8885
14046
7074
6660
19829
3871
8811
5846
1087
2559
6089
9183
19272
7218
1916
20930
4920
1325
4887
17907
10740
21240
5370
2010
11394
1726
4315
7000
18796
24060
17446
8242
5238
18395
23078
19180
13526
7152
20195
22329
3059
3433
4366
21122
20870
20214
17566
2649
3296
22533
24951
6916
4086
19520
18443
23063
17076
4895
12508
14002
6990
4226
8772
4677
18429
10701
12611
4215
2325
6432
4022
12572
14746
17328
8124
3857
2527
1981
25072
16225
1094
22877
22808
24539
6440
24526
19331
18779
1319
218
1971
2971
11548
13712
4361
7342
22293
