22917
6720
13338
3212
22364
12492
1774
2328
2527
23244
8438
1353
13857
15437
733
3569
13581
3510
16723
9606
2824
4362
6697
23788
6419
15910
9677
19466
5226
9427
16134
6128
2580
2144
8726
12219
20790
4870
9891
16397
3282
17149
16000
24109
3053
3213
162
19974
7283
6415
9750
3520
15761
18563
4252
2064
13778
16888
6317
3986
6331
4010
4414
3280
11410
7126
22872
15827
24279
8013
12605
13772
10204
3263
7820
2353
23883
13535
1085
1604
4899
570
811
23207
16589
24998
133
3934
91
24375
4539
7832
1610
2395
21378
20244
13086
24603
10084
6740
1701
13632
20461
1529
4604
5995
6993
1397
22782
1192
17247
9760
5648
13380
1451
20454
24227
7236
3985
17200
14830
