4706
15377
6810
987
8898
7206
1199
5913
21536
15509
15422
16855
7506
22497
9584
22448
14325
2445
6206
8143
16096
4358
14517
5098
6027
3791
7176
6383
24984
2427
665
11092
16518
6541
2052
1137
7273
13312
11531
6891
16098
9348
23172
10081
3896
11442
23056
4557
3821
1883
10683
594
1354
4949
21710
8195
19540
10183
6736
3904
16601
4282
16656
897
24909
10380
7771
45
3929
9035
19255
11740
7205
6486
2343
2659
1864
12749
22757
7645
2007
10300
15967
6095
7216
19097
14279
22380
3976
20571
25066
4823
19999
14100
20147
8774
15302
2454
2425
2089
23002
10946
19838
7209
25189
5854
1826
22163
1387
4287
23605
1563
18727
9692
3196
20729
16939
