10374
24021
19922
22363
5987
4904
20395
14277
3863
16826
22599
9782
5403
7285
23861
2256
18200
1648
1225
10748
5830
15308
68
12581
9149
2257
21667
2081
19232
14147
1527
13615
2904
17048
9814
8141
22444
5592
20718
19167
23313
15438
2865
5733
4096
89
11927
18986
3632
6060
17641
14639
4214
5372
21445
7388
1297
3981
6152
2603
792
22711
12656
11709
7742
4537
15846
4809
11480
9553
244
23099
2760
8376
21194
25309
16362
6839
9634
24825
15993
20952
18191
244
23365
3778
14487
21134
24378
5018
20196
19238
23914
6326
23983
326
6316
3498
21078
907
21678
4403
16470
3546
6977
4881
23676
9419
2903
3907
1201
18566
2914
505
3348
24521
1693
22576
10355
15906
25379
