16873
9296
191
1785
10061
10020
2364
6889
4436
14797
286
17701
13028
15427
893
2054
16660
5387
7234
16380
4071
18944
1767
14110
24803
19083
24751
2061
24560
1273
17812
11890
13360
534
25533
18674
2214
23252
5467
2724
2934
9711
17806
23803
14607
15976
1532
12304
19062
4774
21545
6564
17330
15254
3960
5413
13327
18419
7672
3649
5696
13619
17019
667
6874
6285
8663
16750
5127
5542
5357
20557
4318
22978
7207
24864
6989
3301
1029
5579
5928
4896
10441
396
20936
19964
24541
19574
12836
12162
3589
12461
14314
16397
24612
3238
10120
11329
20829
9446
1099
7997
24801
5182
4349
18957
4770
21096
10309
7956
5176
4721
3594
15157
4161
10341
7219
6845
