8975
15127
3740
21977
4073
9388
4167
13764
5490
1378
4671
16908
450
1028
7201
10520
22934
16319
719
11122
19407
3570
2836
22304
7371
16000
21957
3128
23906
14259
25038
2302
17342
3416
19118
20398
20844
2967
14486
776
10343
7794
3308
7829
4182
12173
12991
13287
11542
6019
18352
3905
25287
16226
15674
399
2427
3875
21807
21905
8919
17341
8502
1884
2307
19447
21125
3658
1741
3286
13509
21687
18575
4209
24082
18101
17678
14423
2804
7240
606
12094
11184
21811
24179
6410
8971
21959
9126
18420
13000
20754
13177
15747
6530
24845
2179
16341
24611
20780
16689
18908
22389
6123
4242
7045
17784
7010
13873
2917
17167
7003
20320
1242
18658
18109
8497
10743
