3918
9373
2850
20667
3078
6737
871
1796
1972
4023
6395
4683
15277
17189
23137
18919
15825
4141
22822
10542
1370
4869
23550
6274
3966
9814
1364
779
9909
22729
22609
4004
1192
15439
12483
1701
2187
15082
13566
23907
7045
14623
8732
24514
10697
632
7124
3223
23326
16020
19294
4837
5368
15770
11179
6661
4876
15861
1970
15524
19040
3000
10202
12554
2770
9848
12024
9057
6536
12700
10387
16244
9001
5866
17833
1393
6551
22329
19195
9899
1750
3158
11610
14817
739
6788
24753
1638
19291
4694
21534
6466
13539
16696
8232
24638
5175
4157
226
964
653
925
21715
25157
9618
1681
4817
15174
17833
12101
3694
6352
5001
19868
15914
23249
7479
3906
