17609
17450
2433
15969
23947
11500
3123
13140
2222
6972
3551
3748
3962
5693
7350
13034
10046
20578
1684
2005
13707
10805
16463
1562
14481
21944
16252
7355
24157
10532
16415
3652
15519
5036
7061
3016
22424
24549
6644
251
22315
9453
2918
153
2224
952
1917
6692
644
1939
19271
13822
5302
13875
18745
19110
12139
16229
23065
2579
6051
21092
15041
1409
4490
8283
14582
11533
22455
206
4386
17590
13434
138
6385
20989
777
4331
2620
59
14383
1071
7040
24342
17092
7294
3905
6209
503
15967
3943
7399
1972
17411
120
11718
24285
25243
8375
867
4349
24583
18751
6957
20071
456
6089
23457
17525
8844
7801
12832
6000
7784
2300
2927
10089
14510
4421
20221
1547
