13624
3443
7723
2574
4499
9903
15910
6004
12813
24875
20044
1388
19353
22351
68
2393
459
7313
16343
7149
22066
14266
8832
17343
3818
19177
21194
305
1455
2818
21463
1891
20935
14931
18603
2082
1466
6794
2899
23472
85
11251
3796
7447
6077
3705
17780
16338
12163
870
25352
106
17073
4514
5756
22671
4723
4961
7513
16599
4416
3794
23645
8725
7059
16432
17779
5086
9753
13895
2380
7999
15076
19104
20422
23701
1808
7891
18367
2378
3521
442
12800
4985
9116
23281
17465
203
351
3530
4689
19602
11956
10103
17190
15491
4180
4946
5032
4404
5802
7112
24000
14969
18528
25066
5475
22652
17170
23151
5627
2879
5768
5861
3098
17488
10120
16455
