2168
2849
2136
2729
6852
17644
17625
7050
13805
3268
16007
3872
5778
23824
4237
5305
21698
14035
447
4659
4046
13459
24639
20671
2016
2417
6974
1126
3795
1162
21565
22958
3497
2645
18996
20162
7735
23829
12004
15553
6799
885
3850
4563
2138
21743
5255
14920
5965
9336
16562
14710
1951
14768
7609
4329
20651
16656
18865
11056
972
16289
2009
8538
6560
22079
7932
5244
13595
12705
434
14445
20707
11477
7165
3021
25072
8594
19733
9527
470
2020
1701
23673
25526
6157
2822
4526
5527
18576
23655
6931
18739
17372
20225
2270
4229
14388
532
25540
1649
11151
24347
17292
20558
7764
4185
2392
5805
23481
17536
15071
15495
6361
4639
14299
18336
6062
6919
1001
1193
