19727
13924
19469
11058
2787
1009
3768
19981
14685
3493
13073
17335
14175
8566
3140
6401
13303
12706
8609
20919
446
422
23450
4402
7687
23267
24817
4496
477
6487
9549
7674
5607
12593
9772
1278
22234
3666
22511
22747
6499
5807
17418
12727
3910
19477
22072
16155
20599
19199
22917
20500
12151
16444
10049
24472
9072
14172
656
2853
2901
3257
10091
3337
4966
383
1905
4936
15657
10261
14293
3098
16551
19089
3613
19933
515
10697
2664
17482
14120
17058
18422
1601
15673
24310
17640
3290
434
22500
9312
7405
17808
1859
19241
19936
1072
1197
6956
14207
5445
1553
21767
19469
606
3072
20386
21795
5813
1006
11069
15837
1823
14524
23540
3008
17843
14817
