4934
6800
11189
196
5903
8046
18935
9073
7014
3956
2267
12707
11639
3710
13645
5454
4114
8252
6067
5531
7999
11938
6669
13572
21289
16245
18068
15721
4674
22769
20029
6988
5086
6210
22765
15762
8215
4854
1902
19688
17587
16044
9473
24538
967
12853
2318
1193
23086
24473
10350
21225
19516
10018
22059
18702
16701
3349
14014
22965
2747
4409
24556
10663
7923
24600
11038
6426
701
6517
13936
21248
25163
17607
5852
14340
23356
5186
14522
15928
4654
3804
3738
11670
19906
16445
17474
24873
2588
13932
19580
21419
22141
4378
525
24128
14840
2417
5950
9438
157
17707
2042
13517
21704
19654
19067
20792
2182
8706
9423
3447
3990
2117
11829
2424
10343
2238
4484
23580
13638
