6954
3266
8585
10879
9796
8259
11010
21801
5668
24912
23831
10464
8730
2217
12474
22685
16679
2250
455
8324
13182
2683
3016
16258
842
21806
6068
8326
24280
14696
22675
13476
1579
19272
5893
6085
2166
4220
24381
15794
313
14022
2977
4710
9825
5262
17815
1817
19679
23175
24784
5130
2990
4605
15650
1827
1409
8080
4239
15232
2524
8672
13672
18605
11563
17895
21793
6800
15896
4990
2420
7235
15797
5248
22486
12234
9485
3545
12822
18392
23148
2203
17580
8998
22444
23469
4166
14117
6978
1658
2391
15724
8267
7124
4412
3572
12255
2344
1139
10084
10752
21737
5342
1249
10818
21171
10212
6065
12370
13203
4444
2366
5310
7024
17507
4997
12209
316
24244
6187
11657
