16974
7720
11180
5437
25203
19169
24979
6370
6688
10807
11169
2839
1799
15083
1161
491
2666
8931
15646
6970
19408
19708
5654
755
23486
13975
2314
5706
1828
2282
16988
11353
19489
14581
19096
6936
7156
275
24595
24103
19548
21064
7232
3007
14576
8072
8390
16057
5271
12158
6698
5407
1910
14631
16539
5899
21167
12822
11523
5588
19995
19453
14155
22073
23713
8430
7941
9351
15566
4796
621
24380
24041
22268
22770
20032
177
13650
18805
7223
2446
4292
5010
6961
433
5179
10547
15291
18669
3513
5284
12424
4903
2052
18243
17873
2244
23724
2557
311
5525
7790
4187
19206
23256
2972
11171
2820
17029
19127
19490
5229
16955
22641
5404
5511
16531
2101
19595
21622
18168
