24713
14292
19811
3137
21259
15011
20995
6813
1992
23736
1001
1409
3119
7554
15665
15093
4608
312
21505
755
22327
17026
1557
3867
924
13337
745
726
21551
20991
10498
73
19178
815
25017
603
11213
2835
8580
491
3127
10920
6019
1283
16114
3974
6748
13051
13599
17883
14289
13561
22515
1757
7789
3609
15317
6861
6913
5075
22964
1608
18213
2816
5262
15674
267
7159
3005
5561
20762
16642
3609
22925
20405
3416
15780
2912
23262
5848
21934
18846
16887
270
4416
512
4892
25463
17349
21020
2699
9893
4157
6274
23648
15282
3242
14022
4543
22917
1388
886
6084
1444
3223
1678
6027
20205
719
16062
14915
13796
1460
15667
3375
18193
11744
15529
