3253
9525
24240
7788
9327
15342
6493
21610
4318
1793
4881
4264
3532
12451
13240
23270
1952
18310
8890
13266
4215
22673
11025
1814
23598
25042
19929
4862
5644
19502
5166
11077
11481
12385
681
3907
6445
19652
586
3564
5789
10896
6606
11267
11440
4153
10048
6806
22413
5324
1858
8620
21599
76
1278
4490
7002
8953
6336
91
6595
5359
3763
14245
3614
17407
13128
20908
15453
4619
19249
1706
7187
13729
946
11142
24580
14322
971
23851
806
17197
8229
24754
8816
397
1044
11918
1276
22694
10741
12588
22472
7010
22159
12861
5490
12944
24938
5459
8158
8599
4590
5557
2772
3721
21882
24869
5240
6095
2424
10669
20283
23149
5012
4077
5915
9860
6231
5335
3665
