23372
21535
17099
18227
11140
5017
19676
5188
24581
3669
5151
16276
6911
23399
14351
900
3745
5080
6217
17010
18823
1710
4106
15006
6448
16878
2893
16056
7071
9714
5381
15092
7152
16616
15898
2074
23253
24160
2728
16884
22997
17050
11014
5704
4223
6653
723
24233
2629
5415
13093
16900
2752
14188
282
8307
2399
21432
12961
4774
10502
14915
18026
18195
1566
5722
12417
20775
3181
5963
203
4135
6233
8542
3606
17795
18339
22033
6207
22606
24629
5703
14265
12264
3675
23959
20667
861
10748
9011
21644
1279
18698
2012
5546
742
48
13039
4808
540
21581
24624
3785
12337
23585
7455
18914
23977
4700
13956
23869
17196
22027
22027
17946
4930
7429
20353
4956
4521
21729
