7934
23976
1363
4334
5343
3763
8566
15867
13730
11414
18782
12260
17641
6938
22974
9778
1177
11039
15580
11464
8700
12114
12814
34
21340
23402
16750
16304
9340
7598
25265
20001
4665
5845
20969
91
10421
13974
5427
20675
6484
12323
12764
2093
8083
1336
4875
14099
730
16080
7606
12158
16281
22169
5072
20345
19657
13359
5854
16140
13028
1228
23876
14043
5779
6199
1509
4201
18808
2672
4291
2226
10269
7515
1626
12462
10065
16875
16222
3981
4586
20929
6041
4095
4589
5294
9760
4316
16647
19801
19663
9155
4549
7475
17356
3031
12288
25385
6170
12923
15975
3930
1853
4913
5533
20830
20809
1005
21160
16062
209
3274
5396
3219
4142
4546
1874
5386
4367
24621
2932
