25400
15552
187
20176
19715
24417
3943
7244
15135
16139
15314
4407
14817
4433
9459
8744
3545
670
7788
22325
14716
5450
3976
9839
13220
4782
6959
6464
19181
11518
20936
5328
15802
20474
14384
20730
6740
1823
19219
3760
9902
15398
23049
17790
8877
6606
1074
10670
225
3598
22746
7858
5803
10390
20591
7608
10198
3089
15873
9127
921
4100
6882
1493
3205
4527
22393
20140
7032
22999
5488
3701
22171
23485
1076
6291
19153
5968
1767
6095
12579
7237
22169
7089
22846
928
1914
360
24092
14286
24575
24446
3048
16541
8969
16339
4464
23196
17729
2249
14415
2170
6147
6180
4658
9957
6192
2631
4440
20171
23580
6457
5536
630
24124
21364
18666
25061
15886
22776
24851
