14366
23485
340
23615
7158
5546
1994
1845
17275
10299
3886
10103
967
788
8482
2935
641
2353
1130
9190
6457
10966
6915
4238
140
4824
2659
6228
1585
1126
5674
6074
6331
1044
10511
14994
19898
2254
3689
8610
9493
984
23417
6042
6295
25504
2517
2429
8795
20911
16258
6775
15129
1480
18854
6385
20380
696
17763
478
3871
18372
5627
14223
17020
6004
24612
18933
2096
2835
24627
6918
6248
10660
13885
1756
25277
19922
3805
23137
9280
249
20486
23405
21841
23486
4589
11545
8332
13422
18687
14318
8997
6240
8116
24767
24170
19488
7119
2453
23129
9144
18971
6417
4623
21854
17466
23761
1194
9247
11636
25115
4325
4495
2830
10611
18628
23312
8341
24681
4188
