10087
6752
633
13887
25531
474
400
21836
20993
15185
18090
23138
17780
22775
11287
22001
4451
1614
20511
6533
9471
8660
2850
23568
23094
1300
1850
13745
3930
25253
12661
6000
17954
6708
8941
6461
7530
1072
301
20359
17198
2242
14751
2313
16135
22855
12822
4642
17535
19545
3952
21116
20276
1355
11027
25439
3576
4858
14257
6533
20960
1114
6005
2809
22356
5291
24778
23813
2065
821
5404
13846
5787
7201
1168
20871
7956
22469
555
17043
5483
20583
6308
22788
25009
16298
518
21335
11961
18752
15761
16403
795
3942
22463
3779
25034
20166
21199
21092
16952
21579
23894
12750
714
1802
13731
2669
13455
8574
16905
16437
1888
6754
21455
16695
23306
8843
7703
13483
10238
