2344
17942
4963
25119
9389
855
497
5314
7800
2658
2346
17819
19784
5698
4633
4917
8051
15506
10326
4794
4444
10319
2454
3065
2706
23374
2945
1543
16702
15398
2692
14920
5171
21096
8683
7070
13104
13770
5434
7209
18645
10753
2108
5272
4507
2613
14158
1465
15401
14215
3914
21005
6050
25115
15050
20723
11052
19542
2108
19483
20566
253
15344
3693
7746
972
22373
20544
18075
19580
546
6127
6377
134
5724
5178
9765
9564
1438
20284
15441
10893
13963
879
24133
24488
15429
5291
4546
24383
5027
24627
13572
101
11411
1731
8281
5149
9224
4082
5021
21055
11491
5059
10835
5070
10607
12149
10367
4917
4636
11086
16585
1083
24522
20567
13061
10041
21090
2553
3882
