12989
11683
3371
6041
17961
20784
23350
7044
9945
21776
14691
7758
11633
3999
1548
746
25270
8659
4347
1390
20080
23542
16528
10764
4145
7014
1246
12889
7157
558
19948
24357
9563
13202
24020
24868
11418
24209
4659
6089
11987
4891
1809
21590
1281
7557
16786
5019
254
15407
9043
1440
11683
19863
4531
6441
1037
22066
19067
21806
3178
4124
1376
10084
22025
16831
7382
14846
1694
18762
3604
5554
5847
21984
4143
3690
16265
20542
22732
14278
6246
4518
4527
12687
18334
7845
24990
2877
3793
15631
20652
21534
16082
254
12605
23591
9165
13576
21752
2921
4767
18020
3712
3840
6266
7112
14950
4149
1082
3320
7879
13646
999
2561
17990
21090
3997
283
12946
19452
22410
