15532
5697
10180
3868
6572
22962
20150
11495
10750
20706
6688
1814
19043
8435
1092
22473
16366
21915
1943
14640
8991
9790
8374
9739
4921
2170
3305
18138
4142
18363
4349
3469
362
4619
2310
21133
24322
21719
3890
20568
6726
7021
5676
4984
2525
15646
24863
18248
9317
7254
3451
1433
19582
16822
1757
4731
5407
2687
21694
6599
24842
9159
24200
18948
5379
2502
3360
423
5534
21829
2838
11472
19685
7116
10345
21139
5756
10665
6110
13671
5563
13391
9559
20559
4478
1062
17383
22191
3123
4857
2031
596
337
2352
5563
4382
20103
11589
6032
3532
16934
19992
6776
8525
4264
1865
3766
14963
20334
2293
5149
12511
19354
11680
15562
16325
22234
16419
7512
1670
2737
