3404
21181
22426
1397
6005
22338
13580
3217
5936
4790
6701
10655
3730
3502
19483
4196
6820
105
639
6961
15873
22198
2260
1137
728
4266
15009
16706
2212
10070
1110
7070
1831
15850
12332
2405
15361
967
238
2634
19852
17791
20770
20603
13250
11920
3184
6767
2857
15095
8484
15527
2001
22758
19377
23314
6503
14723
1111
13760
12325
21268
3758
20746
9339
4702
25251
8776
20180
15399
3714
2490
16297
6783
3736
6176
17886
12635
199
23072
9132
19269
19757
6787
4261
7090
18543
3645
16814
4096
11904
22725
18803
20803
9335
2823
4098
22721
1502
23886
4778
24800
24946
6875
11346
22741
10139
12258
7014
9946
2022
349
10178
6633
6613
5186
5951
2752
3441
14528
6550
