11565
13529
3923
10183
4715
1164
1672
24346
22987
3337
12987
13515
4869
19558
10965
11875
20039
5350
12781
806
24558
16513
4191
17776
20405
1256
7849
25166
6116
1610
6472
7153
1462
24998
6725
23853
18295
11650
16518
4631
7784
14806
5153
19862
13060
6738
673
8208
6025
11073
1603
6941
2385
2461
160
2063
21753
1367
9992
19741
4832
2218
19124
965
23974
23508
2413
15577
24799
24124
4494
4911
2867
14271
16585
17224
25034
315
14812
7307
11527
18074
3734
1834
7982
442
6479
14766
21249
2650
1479
7764
20826
25462
2933
19354
25248
2627
22201
22873
4060
5471
8634
14414
21617
444
25217
22637
7265
12222
21048
6861
18331
4490
5710
18669
1800
1927
3170
526
12891
