2840
3098
5306
5144
24094
4911
11839
4367
4956
19001
1442
17585
4542
734
16697
6067
2689
3700
4127
11965
19925
7291
24689
24606
4770
25215
1095
4480
14860
23186
22115
7069
1364
23008
15871
1733
11007
11952
9849
16815
24136
2341
21511
12423
20990
5386
15511
16708
5124
17387
11417
20028
2459
17671
7542
12095
4320
12432
15004
5910
5166
24613
5873
5110
3169
5352
4676
16142
22712
9008
2926
3451
4448
5154
6081
17365
5370
5478
5335
6691
18871
2331
12564
7157
6558
14534
20513
11675
4758
10473
4178
1169
24449
14902
3592
2992
14875
16579
22413
8651
13941
8545
650
19701
5012
15108
25475
12192
22870
122
4378
10926
9814
16741
24576
9086
11363
9364
21350
5192
24308
