15602
6010
1759
16796
23255
2740
16323
25392
1195
11415
4580
23664
6024
4418
7479
3565
21714
8330
6957
9651
4686
4203
19784
1920
160
8406
6421
880
8461
5039
22298
4277
1658
18119
20186
190
382
3376
551
6499
20145
10636
6205
3158
5577
1503
5627
25281
23346
4002
3357
10475
5679
12696
6128
19101
1369
7736
19449
3648
12603
3902
5719
24618
4706
2415
3665
19287
22706
3068
16033
8821
25277
17298
919
23047
22035
5906
6333
4663
1542
11822
22043
20255
1986
20492
183
25425
5420
18762
5096
2445
4286
7228
25372
11507
14452
22
13388
25491
6206
65
20756
6158
3991
19313
3794
25103
1735
9701
12682
4372
14372
6417
17608
250
13996
10293
2858
4902
9867
