21086
6747
21870
5419
10079
10451
19249
7987
14016
3007
22976
17780
1595
137
25276
3941
21065
6436
328
12958
7079
14863
5174
5097
15424
1085
4863
16728
21246
2184
1568
17645
10969
4022
12042
6921
5454
8759
20571
18731
8954
11864
6789
20505
20356
6920
18194
5307
10352
9341
21577
9312
19352
1608
4180
6447
2480
3661
20866
8847
10496
13593
24816
784
757
405
4769
23308
6663
569
4250
5531
2324
8188
21247
4877
5305
823
18926
19264
24260
18565
14308
771
4083
14115
14855
5361
20668
18100
616
5455
17122
6882
16611
24228
19369
820
15711
5569
21343
19100
8474
12829
2594
13022
3004
21485
5580
9144
12325
18750
17933
1970
18658
17430
8269
22754
1627
16173
994
