5293
2520
8138
4541
4711
15484
14587
11336
5121
17144
3016
5984
2031
10123
11914
18061
17615
21250
6535
16621
20596
3988
6806
8301
14370
14890
19693
1320
17763
8947
23880
25473
13649
8202
18170
19201
16342
19957
4952
9039
19417
581
1255
17189
21883
2173
17982
3708
896
560
4134
24322
2375
5040
7326
7784
3557
1632
7951
3941
2612
14535
2387
18212
4335
1522
18019
22386
3236
5226
6353
10041
18978
7599
6532
6589
2442
11098
4663
14508
23018
19725
19901
14942
2665
10198
17501
7142
22531
2841
19637
1668
15730
20879
6390
15088
4288
4353
283
15099
5780
19249
21135
5362
6759
6696
5559
24123
21812
9738
8520
20887
680
8549
12854
14271
9783
4621
20701
183
242
