3796
7937
394
2364
6375
17522
3520
8875
9708
22529
13734
13670
8648
5034
5206
24774
5657
4413
2287
8083
24133
5997
1962
14444
20475
15770
21710
24635
23897
2796
10462
2838
4055
2407
19039
2732
2618
13532
4841
12648
21770
24784
1454
20454
23757
5633
13154
10938
8123
18834
16195
18885
2662
6755
1755
19693
1430
23143
5592
3818
13326
18530
4379
4420
24606
5539
5924
3597
6289
3570
6949
13829
6882
2908
6017
4849
17104
25084
18198
2717
21472
5910
10962
4698
15044
4191
16156
959
10447
3931
25021
15934
13609
20018
840
5428
18925
1348
24177
17347
17153
5162
2591
14579
14649
22438
699
24309
647
9332
3526
14605
23838
25048
8726
2608
20169
21951
7969
17669
12491
