4308
12438
12035
2930
10402
306
12274
4283
8298
3874
21850
18397
1015
11774
789
23613
12151
11687
21646
2714
18968
8670
11953
16899
2932
22565
491
275
1999
3569
14860
21577
21454
18603
25019
12480
9334
1557
3850
17825
17556
844
22417
9870
4812
12662
7464
6715
19173
23406
21671
2506
7140
24194
9375
18838
17278
16174
2638
23379
692
16636
19287
2482
3356
19584
6000
2327
20200
1281
23000
260
14870
3496
14969
7467
24893
7137
20436
4434
16139
3673
41
2829
12770
24164
4988
5760
9069
2706
4248
20886
25522
22595
8642
2123
12626
7983
20714
18061
4256
23656
15970
14471
9708
5706
12149
10969
2081
17112
9231
22619
24737
2378
14266
1246
3472
6329
13226
6816
5112
