11376
20557
9782
1823
16958
9683
18050
4552
25418
20152
5231
8531
18248
14549
1024
2243
6825
9937
3579
3036
660
25153
6975
17433
20266
7177
452
7121
21164
6875
12820
22971
22503
2993
5214
2582
18873
100
5992
19897
6139
4500
2210
8966
16373
8683
22703
12963
11703
20910
17881
1311
5139
4966
7045
16009
8887
3516
5278
13365
15523
11364
1749
5627
7168
25132
9572
18721
5508
6785
7337
2992
2748
23119
12828
1592
430
4771
12993
23919
23168
8339
4261
5282
14257
98
12271
216
1645
11699
276
6317
21698
13815
8162
14431
22132
5520
19873
24800
6990
7286
25153
20209
4119
10667
6160
5920
1744
25475
23692
4420
6112
17465
2572
3077
6102
12713
10269
2810
15660
