23764
1091
22924
4621
21528
17334
6780
20235
17839
20223
11872
15183
2940
17041
8498
22821
16506
11517
25340
2638
11594
6355
13022
14422
11663
6945
14014
18998
3202
15944
17991
18918
15252
25171
25520
14914
7227
5571
348
7175
6158
18498
20076
9092
15220
4262
23260
7630
8055
16348
13977
1781
18676
5627
918
20140
3346
6225
766
20122
17550
2368
2023
2941
10969
11631
25474
6615
3544
1962
7248
12368
273
6281
7517
24262
1662
2635
12525
174
1901
24342
7742
14107
20225
5832
4869
11683
21434
9055
15345
4094
5105
24483
3939
12214
19262
21671
18011
22961
8763
4465
1458
16049
20897
24172
14359
14381
9178
825
6088
4025
5445
22940
903
5640
6190
605
23244
1109
12854
