5087
14863
3219
1272
13051
6813
10602
17520
949
11223
4446
6430
989
2408
19257
7724
23105
18659
17910
6279
284
7445
6729
21321
7878
2776
6239
11879
3881
20235
23259
23372
354
3952
6460
19135
2875
4997
6768
19104
6474
21914
22473
21156
21210
2887
17170
611
5428
2643
22423
20206
7283
12645
23253
24635
23682
7326
20392
7764
3076
3239
5643
2925
23615
5950
15804
9131
25490
24481
1907
5697
6687
2786
5756
4870
12769
22546
20895
18839
3989
963
4455
5080
876
8909
21624
14890
12159
4163
19354
3214
4664
10598
24573
1368
12672
3243
4761
13940
4603
9915
25035
585
9808
14031
5670
23675
13670
22086
5917
25244
13947
20470
5985
2674
2403
9258
15252
7105
13397
