16159
6302
12180
2105
23916
14695
2366
19886
8970
3335
1556
18823
24394
23035
14460
15105
1000
2715
6776
12882
18590
4413
6288
2924
692
5090
9250
2190
10392
8408
3866
18394
2214
8014
6766
12589
11970
25440
13445
15804
5345
3368
177
17593
23558
24699
19674
5243
23781
4511
1912
15709
12748
2849
1382
2519
6630
3538
15623
10426
25157
21772
2003
1697
7125
2219
12098
22316
106
24168
10950
20087
2075
2040
3381
2873
12210
9868
8602
12198
2334
6032
14918
11040
21641
15152
11412
13174
3328
4969
7090
2900
17479
1389
18500
19840
773
15704
14737
4661
4444
1966
24202
3170
3245
5727
2752
585
11474
7317
4603
18813
7717
381
2491
4245
13235
9552
24770
22733
8544
