164
3670
8218
386
11631
3019
14660
2322
573
21390
22277
2924
2827
7858
17533
114
4326
17379
20113
711
4022
18304
24229
7079
748
3130
16993
4561
10904
20605
9917
1856
3760
23381
16530
3166
13017
23507
9923
14547
1959
4337
23266
4577
6742
5658
845
7920
4183
24435
21719
12082
7121
22048
11169
20530
14899
6413
21811
3623
2007
1775
2489
15532
13793
17055
5476
6070
19024
11365
12951
23776
4802
21151
4591
16343
17679
16021
5541
25151
20800
17443
14696
6644
18092
8285
11610
729
4893
18052
7661
5707
18697
24012
11922
7310
12114
2744
9082
5686
1200
16304
14728
7289
3053
391
12642
7093
8473
6206
2103
1377
9454
6292
24999
5521
199
242
8336
18759
22245
