2011
12559
591
25538
6345
571
16786
4055
439
12016
15095
12879
13484
22582
2424
7269
25194
11724
2143
4782
86
10249
746
18424
17324
3700
24558
9788
8608
553
9036
3561
7892
25521
5230
7245
19073
12617
1701
15198
2739
15702
5304
114
1586
2067
11948
4130
16729
15303
10321
23233
23320
415
5594
21219
2157
20276
8353
6331
5799
3747
24377
361
14093
19072
5959
5067
24983
10407
1584
7180
4060
4766
318
1887
6731
4174
4023
18622
14496
20551
24176
5706
23140
25021
14583
7853
5383
7740
20062
6154
16893
17073
10203
14730
19222
14840
19802
10975
3325
5311
6998
5471
4332
13390
18578
22401
20525
9045
6871
4764
16188
8230
19912
12515
3356
21812
9931
17364
4055
