25228
6230
12499
1625
1835
16150
11148
5070
7959
19439
8559
9255
7205
6049
20027
73
1975
19272
15660
16728
13457
11268
4936
4618
8100
6610
2038
23258
669
15602
3735
3469
5146
25105
12394
5034
5752
2625
5632
24422
20219
9696
16518
18196
89
1013
3870
23027
13633
21063
19520
14475
7054
5542
4249
15134
15112
6582
8894
17783
9138
11220
11676
20042
4828
5645
6673
4902
3755
3878
2889
7114
24071
1800
12818
16414
4556
23345
7493
2768
23764
536
24356
4830
2905
15481
15022
11861
7744
4986
7823
11190
1730
1205
19657
22537
12142
24876
13694
13072
6225
23039
7190
22184
19827
15886
17298
2577
21594
973
3801
2495
4807
22817
3872
6005
3245
3188
843
4656
10681
