2812
10355
1258
18400
3560
3470
249
5961
5070
13428
6753
7221
17665
10373
1961
23965
22892
275
24627
13799
20290
22308
10630
18399
5702
17418
23463
8424
16396
10630
1479
6946
6705
11496
5721
24473
20091
24366
6193
17829
23423
5912
16081
9989
1735
5807
4590
3907
10251
14281
15504
3820
5750
3162
6343
11458
14484
20292
24395
13544
2620
22429
4872
6652
3082
22778
4119
1879
3307
7133
15272
8369
2050
14919
83
22950
5717
10714
17126
9129
14498
4262
23156
8972
3553
8582
21912
12847
6877
20938
3476
4316
2320
1448
15537
18275
12976
6437
3328
14138
20474
2051
3849
23730
18175
15117
3371
16686
10789
11186
21113
6876
22998
842
13348
8299
3662
4334
18348
2276
819
