18408
15279
15797
21339
2196
6849
15490
4693
6711
4712
10273
24247
21396
5212
2675
19504
4651
3154
17843
14632
13535
18200
13855
6862
3576
1197
806
19706
8882
9505
8597
12404
2787
10660
1111
5351
4504
15996
6713
10304
18658
4244
21232
16288
6216
21187
5880
6618
1923
4123
4181
5799
14895
809
4694
18938
3064
18138
9270
1368
6078
358
11574
23032
17043
563
2464
3922
8217
16238
2237
5191
21050
17811
3288
14717
16037
8495
15855
3788
19672
8992
2507
44
3159
10722
6968
4731
24360
13677
7266
16956
39
11929
7293
8720
79
23351
16728
6534
7703
1121
10411
21551
8831
19464
5517
21215
2818
12794
9497
18935
25236
18686
23230
11482
19253
7598
9888
2664
14308
