5548
4623
3580
1175
8324
10784
4496
6878
2990
7269
3384
8672
2121
2079
14868
5215
8159
19167
18572
14039
24125
6946
15968
24269
3594
6880
11776
23526
20211
16458
3848
11641
9043
11627
15328
970
4631
5699
17775
18597
5489
1217
16537
7188
3230
4535
3042
8508
2852
5937
2359
19589
7396
15117
9647
320
682
141
985
9648
11680
9604
17989
15118
22833
12494
3001
17491
4639
11793
2883
23102
1782
7424
6709
3665
2535
3519
14463
21088
9706
2910
4556
14627
3689
2784
19795
12429
5027
13611
24890
5392
481
10282
13204
19026
1002
4799
12906
8580
24807
21839
3105
2667
12715
3086
3274
19296
3377
7815
20799
4735
3704
10398
4965
7208
21441
23816
8751
1957
3763
