16236
2803
23793
18289
803
22314
9748
19533
2552
9328
25093
14456
15892
16375
6978
21115
25460
4723
7814
3656
17052
14071
3166
12519
23381
18056
25337
19853
24652
20712
24869
15121
693
1453
3200
99
16387
3606
22714
6900
3429
5797
10346
15541
5097
2208
18366
357
7916
4010
16012
6772
14569
9765
10935
21991
23885
5426
447
7283
904
18017
22471
774
12350
5679
398
3083
21291
4374
11613
6309
21436
6690
22477
2826
20504
5694
17146
6059
2313
21644
15772
17933
63
7026
6203
1640
17870
25133
18929
8601
4511
12095
18025
11712
183
16682
919
20527
6873
1084
11919
11828
21486
3750
4671
3870
22256
4615
11154
11773
18608
6836
2927
14989
22341
21461
16361
2832
1945
