24879
22951
4950
20986
14587
22066
1689
17850
8266
8067
11824
7584
24138
3697
18977
19568
22866
5740
14274
5046
19018
20649
3513
2865
9132
748
11890
23549
9737
7091
21187
10415
9925
2126
2468
10379
974
777
5601
2943
19185
22600
19832
811
3631
1732
18323
5812
1577
25459
15049
2734
14552
3196
2308
1682
6444
2426
6963
12771
3224
7477
16412
4125
20135
18438
260
2831
18675
5328
18281
8434
11029
2237
664
23761
12600
17425
7790
135
3599
16943
2440
24313
8046
15755
6598
108
21627
17288
226
13029
17092
1226
4613
7519
2154
18890
1643
8401
13195
16149
5366
12332
822
15543
6396
11295
8789
25376
5422
3659
14653
17155
11800
16958
2209
19528
6676
11704
19897
