932
18479
24134
8290
6995
20537
5372
1688
131
15395
10434
10423
7406
8900
3285
22364
11179
634
20183
6328
23975
2610
586
3057
18301
5276
20531
5364
3934
20397
9911
4627
15608
6092
13744
1004
25277
7174
25189
1608
16157
2944
16505
19237
14390
6358
22525
25483
23768
5689
6754
7238
13026
15663
2094
13274
13029
10337
1703
2346
5004
24811
190
16322
6514
18041
4170
16560
16086
6039
6743
16089
22175
7901
15324
1970
1879
13916
14364
1743
19529
18144
13951
4606
17274
7870
4709
15631
10781
20134
1553
2148
2788
21441
19428
1246
7026
3441
14524
21791
18872
14316
11925
12519
5505
17255
5611
14280
3419
8199
9155
3698
5377
668
19935
666
9841
901
3649
2122
23534
