4836
4203
3114
5992
407
6279
21698
1328
4462
1451
15670
13152
14385
18631
3375
4672
19224
17089
15406
11168
22443
707
5063
5184
10969
2617
7346
11395
5405
1512
15515
25217
21411
21966
867
17458
20644
6420
10462
1880
23912
1508
14852
5281
17800
14950
4796
25501
1225
4344
24163
480
7740
16961
3135
20102
19940
13693
5070
25277
12904
876
15476
10966
20551
10053
12774
12532
6839
24584
4198
5489
18977
16913
4465
14580
24605
5381
23680
5650
24268
14239
11936
18975
11422
23758
6805
20343
10987
16610
4365
674
5966
14944
3236
12023
4018
19780
20914
3716
17971
3670
5637
7262
21978
13086
4544
405
15067
21649
24028
10900
5489
24407
46
5640
523
14088
3572
18305
15470
