1488
9779
23622
237
16156
22314
1903
1038
20676
5741
23733
5563
1187
4975
18576
23488
4580
433
7621
18515
24153
23004
6669
16917
3390
4416
17560
2242
4538
11724
17191
15619
7319
20229
10444
16985
656
12237
7250
6112
5888
291
1416
3087
49
19657
1831
4706
22275
8389
10165
15170
925
2859
11324
1141
5328
6180
8219
8997
2512
11299
3998
10219
24102
21975
3499
10042
13582
5406
16189
11998
21270
6807
16651
2108
3209
21514
1153
7264
15134
6509
2016
1652
7230
6092
4819
19141
13373
17523
16596
11461
2800
6187
14653
14192
25361
25018
6664
486
18410
3398
4284
5985
9051
18346
9256
14410
8001
6256
11652
5101
14089
3713
629
23759
5491
7863
20091
24605
5126
