7130
2355
11733
23139
3348
9447
6702
4698
13062
4379
19135
891
15640
17712
2407
11381
6555
8032
5414
3057
19438
22238
17868
2052
3420
14382
10954
681
7682
4902
403
474
18278
22690
13291
6271
3375
1021
8273
6479
3968
2845
5081
16846
6998
9996
4189
23563
2346
5747
6177
22573
8211
14401
21092
16283
21506
11753
10608
11797
5851
18296
17122
6141
22991
8768
6020
16008
16288
4551
12408
22157
24795
4238
15179
23797
2183
1939
6286
7520
19164
4696
17019
720
4828
6180
15139
3094
10269
2788
17582
3080
3459
17946
19358
24805
1039
18514
7259
5025
11501
360
8011
17850
1982
20423
2533
5043
1103
11716
24286
25311
17569
3688
3453
9345
3285
2447
13639
7878
18885
