21367
5534
11447
23463
10489
18286
10974
22199
5113
19152
17572
8760
12451
23006
4348
17768
17641
1183
4449
1602
2860
21972
1640
22861
11103
10397
7126
10821
25445
12006
3878
7810
17864
9592
11862
12197
20583
14992
23944
19861
2552
8851
1109
19161
1861
24085
619
6189
5210
12167
6096
463
2688
16400
7682
19281
19217
4630
16945
16116
22964
5167
3826
6893
10446
666
2093
340
1474
15626
8810
13908
20998
2026
12117
3347
2708
6228
17560
1471
21013
6308
5780
6908
22107
4981
12416
16003
11972
22865
8360
2100
4927
1189
8099
4693
6492
8711
3563
1895
15705
12730
5804
24540
7373
8324
4051
20301
24417
7069
2037
25163
20468
1697
5677
19377
9983
4671
7743
25105
914
