11868
3253
19728
5347
3924
20945
25519
4138
130
6543
14494
11326
15213
9776
22748
4911
6309
19687
14443
8861
14962
15738
20493
11839
3925
17132
1894
4436
16285
2163
9318
13861
3967
10702
5190
9027
19120
4897
11640
21802
5014
25210
19442
18170
15593
9940
3244
11475
5626
5287
12051
23850
2002
5600
19945
1605
13004
24249
4061
1587
23994
20343
13433
3908
22488
1534
9259
17212
25131
7840
20150
6679
568
9880
14286
17047
22685
15569
13457
19412
21325
25391
23086
4122
22024
414
6729
16246
16223
5481
4224
17822
3120
5239
164
10022
8603
6622
1013
14681
2202
6835
635
24411
5901
3757
13040
5016
3605
1288
4346
8280
996
4548
8283
2772
14422
12789
13303
11207
24411
