3203
1027
5446
14485
14313
14392
7033
18417
18735
5774
2703
23375
6077
20987
523
16572
11842
13378
2813
10916
2049
16213
14113
18078
14493
10311
1842
365
5913
23064
2039
6786
14242
16647
6410
15020
23195
18809
1031
418
24949
3494
6141
25268
4473
12739
7745
682
874
3814
18649
717
17984
25384
23743
5535
12483
22740
3589
17312
25137
2829
6149
17924
4330
24095
5863
14489
23884
25466
3561
21692
7182
1297
4345
4348
2556
25515
4427
19274
23078
269
22188
18337
14678
2874
7785
11231
4853
22750
920
21024
1033
1460
6348
8629
3006
12951
12799
13749
24723
4394
24124
12483
7158
925
4080
17504
24798
1724
5145
408
23422
16625
3356
12559
17762
12667
18607
1128
14312
