14578
6655
19595
21904
4934
13396
1259
5703
10193
5694
15683
856
6658
1903
10896
5725
7536
8829
19916
24378
12048
5152
6732
16292
23869
4639
23743
14298
17416
2095
16528
931
20742
20896
2640
21464
4805
21638
2618
15663
5160
7256
10415
24791
7000
14399
10863
11597
22101
9804
11167
448
1749
5058
13602
13243
905
13730
6216
11896
9455
1238
22088
19337
2717
23299
4879
16926
23436
11031
20516
24648
5003
3029
16225
19761
2317
13357
20120
15598
10328
809
19756
5231
794
12390
22378
6330
20491
16869
19724
