10300
16628
2565
20838
16050
16523
17663
1906
3300
2447
16215
16419
4774
18655
10967
12308
4479
5817
7370
3237
13774
15759
17420
19329
8880
3795
11454
21106
24348
6126
4282
5781
13100
18590
2301
11184
883
5635
12165
17396
3957
22237
8798
8106
18218
14299
1416
2126
23724
23601
19216
4973
2150
12500
1189
6431
2052
2531
3132
14918
9838
18516
17632
10793
10389
3854
8847
1245
6780
15292
15550
23988
3065
6007
21207
4548
12400
4881
16073
10007
2508
18835
22874
7423
1042
3833
19741
11041
383
13856
23054
