7255
1448
2255
9650
11349
4861
2751
8543
3718
23353
22618
21273
12384
21615
11007
814
2379
2532
14391
2844
12891
20645
2908
6128
4109
3241
3727
4400
18770
17527
17727
8040
17103
14459
13471
113
1586
18644
6561
20918
3431
20431
9623
21068
6155
1062
4667
7055
15188
9482
12364
13949
5773
22807
19993
12949
13724
15110
9660
3256
5763
5984
5495
17570
5963
23055
2604
8664
1304
11101
6039
10566
23670
15985
17365
17166
11076
20017
6930
4108
4881
18987
19629
2836
6319
13677
8017
12675
2393
13120
24649
914
