13046
7150
6881
16658
18413
14296
12980
535
21083
952
4408
3331
2423
6490
1378
24794
3056
22396
8110
22562
11577
5311
17759
13260
15218
3594
13811
6427
7647
1439
6525
2721
6143
1389
22883
11147
11088
1824
10942
9339
21974
9623
18065
11090
18360
9294
21768
14996
3781
3840
1326
1789
7436
1685
22368
5747
18398
15842
5819
12676
15260
2973
754
19946
19475
21851
10403
20613
18962
326
2134
22524
9080
13116
16853
20732
13921
15002
6521
15433
20790
12101
4514
9377
334
16189
13598
17254
849
11582
4016
22217
