13314
23499
10935
2684
20371
12247
9536
18689
22349
21612
5185
18308
23911
13766
6306
15341
915
4390
3399
2341
7595
9137
23419
21712
857
13498
18867
19595
4244
5664
8729
6954
22638
266
24692
3764
1316
4681
10883
2669
1805
1933
5974
6779
18562
10558
5595
13999
14769
22920
1325
10618
22411
17035
2675
5603
2730
14054
24152
12402
3363
12609
4049
5653
6769
8965
2058
4074
21277
3470
11745
23006
19524
8816
22181
17368
21105
15281
11660
19625
23041
20061
8559
5008
8725
13797
7501
21215
1167
1243
3773
9432
