9676
4267
16168
24025
19169
7348
572
16457
4501
10624
6532
25298
20946
9066
16039
22091
13548
17398
13268
14756
17879
19093
3177
1948
6523
17986
3647
22568
16243
19270
22716
3773
15318
7165
6060
5875
4038
16398
10286
337
1994
2863
10993
4686
8690
5541
1977
12356
11746
8983
25096
14013
1717
5823
6129
13654
4579
11507
2011
5402
18882
20007
3175
17955
15123
7060
1624
24627
2791
4890
10522
12818
17685
6164
22229
16554
17424
23672
12788
14016
20241
91
4026
17585
21853
16321
20082
3102
2068
137
17621
