13209
4117
3399
8016
3853
20019
15882
15945
6043
5530
21189
11919
3314
8541
13611
5768
1765
11500
24268
624
9816
9921
8866
2527
4663
11466
9696
9384
24751
14901
2555
12512
172
1228
18023
10212
4424
2915
12622
1078
499
20913
14860
22316
25434
20396
20914
3473
20039
3312
1317
769
8686
3275
18095
6034
18888
15520
815
8975
20015
15543
16059
23850
5922
9035
2342
8717
23590
5968
1958
14935
18331
3374
12328
3665
18055
10277
12324
23554
2922
3583
2007
18826
16096
3154
21480
2915
24953
16064
17704
14588
