18109
1717
3729
21647
18988
946
23699
8037
23431
18755
3922
4638
22528
24631
4535
2901
16254
12864
23430
11064
1176
5423
23509
13186
3885
23073
942
25307
2435
13906
577
9825
13611
9703
8503
21682
5679
9769
2762
12748
6932
5135
5397
9625
6781
10930
1179
8409
22888
23968
6908
12965
23596
10886
10953
20190
996
17289
5495
16865
13113
16752
5105
22614
19158
8484
12470
12889
8038
3253
21535
19122
18525
11197
11604
11094
4801
19494
7720
21356
4943
1176
4615
19701
5391
11977
22665
3590
6694
1643
23340
24748
