9203
10808
9591
15546
17294
9759
5765
13507
11958
10080
4431
18193
1275
2355
427
14501
5960
3262
282
4821
3669
23275
2236
24660
5673
6521
9153
7058
25291
12562
4038
19433
11917
17105
24215
21075
4518
12472
4336
1247
24205
578
6725
19629
19570
19509
15872
8189
20306
980
277
4271
8954
22054
12251
2372
992
22607
15544
14547
6278
12843
2371
5932
2795
8735
9836
15829
21146
1321
6304
19010
11603
11397
1455
2929
18891
43
1625
24346
8005
9794
9015
16183
5489
1053
5446
7135
11995
14413
5502
15110
3730
2398
