8938
3851
2476
4127
11452
5733
19052
19495
12657
11516
5784
1410
23779
18082
15750
3240
5830
11223
1479
3381
20310
8595
7673
3331
9382
12609
16060
18173
7007
16158
6293
6017
2608
20378
18311
6889
12528
6378
8232
5638
1067
6800
4545
19295
9593
3904
14283
20534
3338
22068
7022
13326
18215
13877
2126
6892
3062
10071
15486
24128
23530
1213
7512
5910
1494
17374
14660
11934
13214
1568
5583
17794
19831
8735
528
6036
22926
1977
17841
13722
12856
10505
17786
18430
17305
12108
669
6791
5404
24853
8349
23394
623
14038
