3344
3514
2207
16985
14230
13804
5480
6754
11098
2996
2976
10941
7298
15330
20621
3684
6994
8237
3261
672
8096
17340
17944
24854
25278
6465
5254
4150
1557
24828
7165
13048
15861
15664
5507
2100
22311
5280
9638
2073
13366
5870
7367
9056
9784
2955
11921
23724
18411
6562
4078
23247
10394
23500
4135
21410
9631
1869
9330
6527
3865
13558
2878
19266
21726
5049
7461
23849
2853
684
19949
6855
1113
12615
16954
687
7114
3292
16155
9855
11351
9071
7956
22997
8380
3360
4910
3869
22932
8553
5449
168
6613
23855
