2345
25148
16895
5072
3582
1083
14479
10159
7155
18964
864
6811
10330
8063
4519
6183
8985
15940
13702
22648
1909
1655
19686
2701
8010
12807
7016
2043
3943
6386
21467
15374
20223
18015
21064
14340
9176
3958
1038
5732
1860
5329
734
24836
22542
4203
23863
21324
15086
21132
4103
4971
4332
21079
12609
18051
17870
7008
18371
10502
9849
15446
21974
4227
300
1685
4678
4224
5110
5755
21168
19577
205
223
9064
3036
6594
11448
4778
16693
10117
21038
10433
2959
2291
6488
4885
4284
22350
1539
6144
20333
22646
23145
