5133
1294
8316
3496
20224
9737
25093
3826
18661
12809
3632
3291
25010
3302
4746
2697
1765
9418
18888
2119
11368
17971
3098
1512
4907
1591
203
6184
4964
1590
3674
19928
17298
15383
2566
5605
5364
2259
6271
4352
19317
6493
12063
12398
5845
20298
13944
298
20194
196
16920
3786
2000
13151
4910
7817
8513
12090
15869
3322
11291
6038
7012
19724
22818
20775
1509
17002
12516
5952
7784
4615
7024
16531
1424
19978
1724
13892
25431
9921
16131
6102
3578
1352
1018
4507
22226
10762
5957
25038
4398
9868
8856
3723
