15746
20224
2399
19119
21659
1579
12251
3030
24988
3484
18610
20293
4351
9234
2740
4099
17661
21135
2251
2260
5411
1580
14519
6066
20466
12124
7611
20745
22918
15519
4976
13824
290
2658
18697
2941
12263
12201
24088
24937
7862
20072
19684
15259
22270
12767
802
1963
299
6963
11154
16904
14453
16264
10124
19372
14115
4533
14597
3048
6484
4498
23360
6283
20308
4695
19639
13918
15408
19843
18657
21236
2718
5959
3317
22742
11249
13720
466
2035
2880
22346
4452
6856
20826
22829
8490
7441
1285
565
11823
3166
12269
17434
