21608
6007
20429
22989
18694
18550
3324
8680
11487
24342
10696
13343
6001
16056
16078
13770
1269
7674
9343
21794
6756
6590
12826
5624
24853
19517
627
20696
20132
16097
1510
24304
17141
21284
17360
5255
21726
1733
19416
16797
15736
15512
22537
2317
4920
20903
7475
13379
12928
25385
19802
23924
22315
17503
18649
8519
751
8861
100
7297
1245
23706
1447
6311
12628
1741
19800
1706
14987
8455
8240
6842
11515
6385
15831
5952
6733
20735
11453
15113
686
521
15267
20670
24744
5259
13597
2402
3442
21801
15978
20682
8223
11349
