1932
5750
9295
9494
6447
3763
22261
8682
22140
20126
12330
16929
7225
2494
7502
5138
1587
3525
1489
19681
24759
2602
22251
22753
16234
20420
1693
701
23917
23739
25026
18623
12020
24294
24654
24856
9089
1000
18091
21561
5957
1460
15378
3175
4106
23131
1324
16527
603
15837
24558
22185
2435
13131
14118
15327
3394
24613
21002
6487
15772
2760
23108
3205
2499
14587
1789
11586
20933
10521
725
17041
19290
17729
1277
10399
1283
2362
2492
640
14878
18172
12022
3668
20893
24529
15820
10293
4544
4502
22862
3312
80
4539
