4904
4749
4317
11015
1898
15533
22707
7434
21246
14286
6996
6421
7205
20223
20794
4082
19620
25402
1550
4181
5990
12735
16075
3812
1079
18668
11046
9622
21750
11967
1523
8103
25456
13697
10195
6300
15368
388
18605
15876
1505
16062
3221
23417
24930
1520
6259
6548
15956
3887
6985
1937
10536
1255
9661
10682
3611
2219
1424
18376
22951
22231
2971
23642
3420
4113
7315
13106
19661
12061
3803
11058
17954
8716
3832
17270
7792
12289
23575
22694
11197
3911
6665
4946
24005
10630
14041
1119
22633
4611
10787
3922
15437
11198
