7035
10282
18546
1683
5473
24395
4793
1240
4697
2733
1343
810
2544
4102
3246
5639
23950
10491
6649
22339
1930
8468
23390
2799
13203
17189
6094
11011
20259
4909
15092
2058
7662
3544
236
17390
7034
16899
3476
17242
3290
25204
1785
6138
16915
12496
2804
17098
1889
2975
7614
6759
18180
7561
3146
21202
23311
912
11436
24074
3542
16378
4728
17911
19629
12847
15674
24646
2168
23523
8070
1731
18275
7274
11255
7614
937
3746
12001
18672
3384
1926
22485
20677
18813
3330
3967
14501
852
6446
21222
925
2572
24924
