10217
11159
963
616
9750
1849
17359
9126
2880
22991
942
21328
14812
14934
19267
7711
1210
3448
2461
24831
13829
4811
13903
16691
11482
14021
14020
5013
13900
4280
20905
13340
6819
8855
22727
19787
17940
13633
5800
4096
10614
2143
19430
23121
20532
3612
6476
20368
5004
2128
23614
24543
4018
5958
5686
16219
10495
10374
6729
19904
6911
18506
21585
2641
20044
17997
18794
19743
18327
854
12403
6961
20447
4937
20918
12509
13524
1607
3628
10439
20780
1764
11789
520
8077
23038
18241
2682
15906
16043
24029
25092
