12349
802
3380
8161
13243
15823
12508
1525
7607
22047
1220
3110
20685
4583
996
12193
674
20939
15898
1729
6025
10928
11944
9499
10953
18774
1847
687
18453
2469
22320
12597
21836
15349
10667
1994
11340
6415
6643
21352
64
1665
17541
21907
18818
23460
14938
3310
2756
1292
17393
1422
3918
7342
21019
456
358
24196
8021
7349
2167
8372
509
17606
12754
6536
2405
15763
2641
21731
8674
2323
1227
22854
4563
22383
343
6916
3098
20694
1222
3724
3452
22028
4824
2340
16487
7498
10560
6302
7575
20996
1663
9860
