12323
794
1775
4791
2106
16533
19138
7132
20762
1183
66
798
12585
9209
20449
21911
23718
5830
4521
3034
22173
15069
7041
9572
25247
2752
22188
6696
9765
12620
5622
21852
5781
4828
102
5733
2146
20275
10772
22698
3249
7325
16514
5376
17211
10678
4926
6016
5662
18850
8476
1393
17686
21237
3387
4439
24967
11260
6854
17912
14844
2359
857
10324
14568
23170
17194
25147
18771
1129
9475
13951
2223
8474
6548
9977
10410
6075
1755
18989
91
12270
3304
20755
19743
6405
17539
15179
9601
19660
21891
15979
6527
1306
