18256
2030
13236
13240
3700
3507
22434
17104
2596
23434
9675
2943
4604
22292
12341
18695
20784
18376
7983
6116
39
4873
23429
2461
6607
6486
1035
1047
22903
13886
1351
6599
24061
6404
25017
11311
2065
5848
6764
2259
24819
22059
15076
19967
18995
7163
5219
4714
17293
15216
6936
11027
2814
24543
3759
19863
16680
19726
21781
10659
23367
6252
854
23617
17463
15187
5790
1430
11960
7394
24390
7257
5596
4989
6162
3659
3091
16457
12802
22319
3575
3153
19530
183
12220
18643
24182
3299
17208
10078
4455
10786
22207
11619
