18801
6366
15085
6633
24493
9615
21402
10811
2806
6134
6484
21135
5843
25026
19304
3216
7657
2895
20762
21459
8179
16979
19175
21595
3957
2342
21573
10990
14589
13322
4430
291
12281
23766
17084
11921
2283
23572
13085
9693
17005
3554
7188
4681
24151
18543
612
9654
11353
114
2608
5552
17007
8146
5402
18819
9865
2540
1238
13883
10408
20973
7721
2733
2088
8214
7264
23834
8082
18240
615
13868
1676
2523
3794
4353
270
4209
2167
14304
3797
3631
1232
9347
8298
5977
1841
11928
1196
9643
9744
1120
6554
20206
