6395
9579
5177
9852
22651
2082
3239
8475
3370
4483
2364
1567
14029
3684
6643
5956
2600
393
5489
14454
22233
1080
21594
15178
6143
16972
23691
17815
18931
11624
24698
6010
22679
11916
22684
13943
18666
18061
25301
12010
5288
4537
11720
4507
9460
22396
21461
2081
330
2376
10191
12224
14028
13009
3017
538
23110
22787
3906
11107
20138
18764
9655
21098
6458
22928
5940
20543
9409
6218
2504
22460
4325
1692
20379
3161
18672
7157
17282
2745
12784
24465
5035
24336
4858
15728
6683
2608
5831
4043
5771
18934
