20508
4979
2211
24024
23319
8337
12055
12552
17436
13364
25138
17114
3090
10021
23344
8882
4044
2173
14170
14719
11803
19599
16693
2960
17302
19493
1498
123
8396
3408
3586
1061
22889
5101
17466
8167
6597
2560
7190
2923
18459
25017
11876
5980
22009
20820
12624
3786
16843
21436
22746
4181
18620
4672
12057
17083
18318
21739
3181
3246
19623
19194
13491
6912
22755
19819
19161
5792
21122
5527
16396
2200
9335
20886
6824
3576
4605
11530
16993
3420
14109
21200
7057
18828
14822
18579
20282
1941
11446
20334
17742
25490
7948
4635
