19774
25285
18284
19177
22256
22298
23860
15336
11122
11241
2060
12215
20668
2491
18941
5133
14026
998
21778
8819
1634
21177
23223
5039
14326
18434
4214
3171
16773
23648
21291
8376
7140
660
6371
8485
13758
1505
4146
3408
22072
23453
22163
19958
21762
24695
1130
2141
2123
2364
3433
10641
19837
674
14254
3237
18564
16247
16511
338
23706
5565
13695
13741
15343
8067
4886
14907
16458
14058
3341
15543
19822
10436
7146
24007
9606
801
9190
19598
11302
10223
21897
2547
6561
2243
9679
3727
7893
10312
3707
24846
