6359
2287
8962
9910
2767
16200
19032
5580
6079
9401
6099
8171
4445
11010
7212
4803
16542
19166
21605
21191
16867
11474
10640
4753
137
8061
9198
1601
357
15420
19233
2475
23435
15599
14535
9643
25284
363
22710
1724
90
17758
23534
3497
15449
1355
22735
2904
5334
5229
7509
11834
22368
24947
12338
1096
22604
2599
816
22068
8026
3297
21292
2015
2906
11847
15123
18281
21092
6568
4267
1370
4813
6134
18603
4538
12906
4187
13472
872
17154
4226
14122
6141
12957
4461
21684
24269
4215
24239
18346
23586
10843
4737
