6540
1272
1456
5980
3898
2700
25207
10388
19289
15968
3800
22828
9489
5207
7540
23396
6153
5048
738
7993
527
1347
2537
19043
881
17837
602
6974
3647
25100
5272
20732
5981
538
13534
1878
1786
22711
214
123
11705
1860
1480
17944
1339
21540
2903
16825
1615
24586
7444
5285
22451
11304
13781
8089
1014
5401
7036
10984
5784
21720
23364
23803
16419
20218
4995
24190
21387
3951
2546
12692
15177
4990
18135
13739
18750
6635
2532
24083
3078
19438
14622
5915
3140
24286
10065
23504
4219
4061
25029
5946
14945
9545
