2738
24078
13524
14031
2411
5195
932
11901
13383
24972
7018
1198
4761
6147
13341
25134
2124
23821
24130
3056
22523
5915
12420
18940
6095
20033
217
16513
5098
6142
22098
13610
8907
18504
3979
18602
1224
15715
17166
7302
2436
25503
14517
2169
20331
21096
10305
4805
15229
12137
1361
1103
2733
7732
15054
13346
10364
8130
22127
2341
5014
25009
9140
5938
12234
6936
14478
3830
2804
11353
3038
15249
4139
23629
21565
17485
10826
19075
6866
6018
22671
6730
23996
25329
12760
14067
4361
5593
22373
20288
1254
4175
