7349
5845
6338
23981
591
13158
11373
19114
20487
19978
6425
2894
20993
11412
22913
17444
20430
5334
9799
1706
6625
15407
7003
7380
7376
1505
92
10860
20172
3338
16329
22532
5577
13353
189
18383
1612
3600
25021
15035
10513
16400
431
593
2968
15568
6576
5597
698
1591
553
21597
7195
14927
11689
1819
16071
20593
3326
23348
6514
2081
16509
13497
5903
1304
16147
2012
10781
7506
844
7004
5153
22277
1348
20269
1232
5469
101
8713
15929
4775
8757
22698
1793
24655
15889
22100
19343
16230
20267
4983
3150
3976
