3063
24054
8784
19177
16236
4500
7237
23316
22619
13775
5501
15764
3432
6795
16771
22316
15149
4057
3610
7453
3890
5303
18981
4387
24671
6986
8787
16021
14415
2714
3344
5596
3610
14352
10135
15368
11848
7773
7376
14472
21939
10325
21786
9270
5768
18486
22987
10258
17324
12586
393
10854
14134
23547
9252
11350
3735
15664
10340
22277
17327
10854
2492
14776
18450
3144
14119
14048
3232
5470
5252
8644
3139
21800
8081
3072
12566
16232
1938
17074
12964
4546
5854
6375
19616
15174
7510
14084
6389
4909
10583
17394
2952
15643
