14328
1689
18137
16331
1531
25104
1709
18844
864
21984
14567
9939
8443
19399
18267
678
5727
5521
4370
12266
43
6726
5189
18711
1677
13263
18183
19323
19890
15435
1298
2355
6241
19303
22378
8962
6108
9284
16627
19922
2838
21308
22575
18503
25214
5825
4460
7253
15368
20404
14013
755
22904
19100
4858
5298
3270
426
19052
3415
6888
14017
314
12546
2005
5781
1555
21453
23166
9305
22749
4339
11110
22717
9985
9276
11474
2753
9199
3758
6492
24509
445
20529
7073
5199
3437
6063
11191
16097
9130
20031
143
1654
