1901
15371
21305
3246
12649
3263
21585
6819
22013
123
6638
3118
4662
2149
22836
317
15317
2841
20739
12043
18267
21779
1616
21959
15686
1392
3120
24017
7047
9650
4240
12319
10874
4761
1031
20073
16443
595
5790
6499
4097
16243
8677
22668
16339
7135
1254
24317
6277
25346
21467
553
2150
14952
8358
637
6262
444
2769
24991
19940
4968
23336
3531
25314
8387
3647
10453
5815
17802
13488
4343
18064
13541
2167
5770
3987
11622
7613
4518
25267
5123
19417
739
2260
21956
19086
2751
5520
112
2504
16436
19254
779
8812
1556
2575
2902
