6479
2837
1699
5748
12654
6700
6306
1165
384
2331
17145
6267
5842
23391
21668
23586
20133
7516
20509
3731
4599
15679
24260
1122
3926
21935
13592
5090
223
22303
323
17877
10631
16639
8540
8419
24147
18284
4061
11756
18541
2155
23498
5328
12636
1365
995
73
12824
13655
13078
3176
3043
21096
23972
9862
17596
15780
2495
23925
24274
10811
8751
8157
18817
22111
14615
2160
1374
12603
8393
3332
695
4086
7153
6730
2846
9858
21911
5138
3094
6936
25516
14119
17995
21008
15341
1676
1186
21436
5550
3239
3911
4827
16196
10524
21214
5893
