24365
16493
16141
16220
10862
19708
16626
16212
1279
24671
422
12986
6203
1795
12925
5611
21453
13984
18213
8138
25386
11990
9048
13330
4127
18326
13255
4001
5597
12706
6076
3713
533
9536
3726
13687
22989
527
6742
19204
22743
24310
13100
24020
1445
2270
14967
15643
13606
3856
129
24351
6640
5273
6194
14852
6706
15203
18816
2452
16359
18663
14462
2265
24109
25158
17634
5937
14668
4136
850
21097
6478
19956
6448
7076
17023
2472
5819
4355
5571
4851
16295
4269
4316
5922
14210
367
16665
25459
3805
14363
5847
16061
16463
4463
6819
7121
