5992
5990
7740
12032
14918
1786
11262
6087
15599
5869
6528
12863
2663
22623
18955
10951
3494
21932
14412
6625
1702
10077
4138
18943
5439
17265
15432
3219
21714
4046
24556
21107
14251
305
17164
24794
3989
11148
11904
15116
8561
16612
13817
10557
10094
498
4469
939
10645
7003
14776
2373
2831
5272
8315
10044
13241
6943
7965
12635
2735
16762
290
2344
624
7833
21197
13475
25391
20113
15308
891
10414
283
19617
5127
4583
15836
14392
18649
5536
24715
192
8355
14074
19363
4714
2992
4696
14069
20251
1932
4789
16870
2511
17808
16655
4879
