21987
25186
2105
4182
9957
20817
420
18202
6216
6491
19918
7920
10832
5121
23024
19642
20241
5020
14636
9198
15233
9809
3008
16302
1623
24029
6625
5652
19278
271
7488
3435
10279
2466
14873
3162
12918
20622
10361
21503
18215
20590
3692
24474
24523
16494
2334
4683
13198
13594
708
22961
2337
3858
3657
22548
14335
5902
7329
22652
23245
19499
10714
4610
12007
25086
17878
2758
10303
2259
8211
11323
12458
16133
25116
5067
7034
5426
14383
23992
17607
17320
3022
18296
382
16262
2212
15594
4439
8755
10379
