1264
2952
861
784
24315
10731
14634
3126
6623
24546
11664
5993
2605
19994
10965
1238
840
6860
19654
265
20548
9742
17046
13540
1131
5686
23275
1761
17813
24153
17146
11199
2857
7376
3917
14319
7542
470
19318
898
13575
7020
179
6934
1104
10879
2097
4443
3470
20446
47
17188
9933
12601
25097
5469
5102
5609
14988
3196
6029
23854
11900
1614
23750
2313
4834
5321
22669
5318
24616
13364
9359
20656
6787
5352
12733
3172
13738
5264
383
13343
19979
965
11062
5220
1964
21951
4540
15326
3349
21326
18860
14816
1510
7437
11529
21440
22760
